270
-152
-655
-1157
-1773
-2341
-2974
-3567
-4178
-4679
-5217
-5575
-5912
-6115
-6193
-6192
-5988
-5737
-5296
-4774
-4175
-3523
-2764
-2018
-1200
-415
370
1114
1782
2388
2936
3382
3721
4021
4176
4279
4256
4131
3918
3593
3165
2675
2103
1471
731
-46
-899
-1738
-2627
-3582
-4487
-5374
-6223
-7010
-7691
-8289
-8706
-9073
-9144
-9079
-8742
-8229
-7434
-6369
-5155
-3674
-1997
-172
1723
3787
5761
7744
9616
11325
12814
14047
14940
15479
15594
15334
14648
13571
12078
10300
8163
5868
3335
758
-1836
-4399
-6771
-8913
-10730
-12200
-13219
-13833
-13982
-13646
-12825
-11609
-9969
-8004
-5740
-3215
-532
2185
4902
7564
10036
12313
14241
15884
17106
17932
18350
18277
17866
16950
15689
14065
12175
10026
7704
5265
2773
375
-1988
-4230
-6250
-8065
-9634
-10903
-11872
-12535
-12888
-12991
-12728
-12334
-11606
-10740
-9660
-8490
-7149
-5724
-4207
-2706
-1126
367
1916
3371
4778
6027
7187
8204
9056
9643
10068
10194
10080
9681
9018
8048
6841
5386
3747
1915
-15
-1995
-4095
-6118
-8043
-9789
-11358
-12649
-13697
-14352
-14691
-14680
-14287
-13581
-12569
-11186
-9618
-7862
-5981
-3980
-1937
28
1955
3660
5241
6542
7609
8401
8864
9050
8951
8565
7944
7099
6040
4857
3564
2247
900
-440
-1711
-2862
-3944
-4867
-5632
-6274
-6664
-6998
-7069
-7091
-6918
-6649
-6234
-5766
-5187
-4608
-3922
-3245
-2519
-1753
-998
-276
489
1171
1883
2599
3213
3865
4369
4854
5299
5566
5805
5943
6032
5966
5815
5624
5274
4858
4371
3826
3255
2666
1948
1408
772
238
-260
-715
-1034
-1279
-1466
-1468
-1457
-1314
-1058
-725
-314
158
587
1170
1617
2142
2579
2961
3244
3463
3488
3456
3306
3057
2738
2356
1904
1498
1055
712
480
291
269
367
638
971
1486
2019
2669
3281
3909
4443
4865
5146
5220
5089
4695
4086
3314
2184
1036
-372
-1773
-3313
-4765
-6156
-7414
-8442
-9302
-9825
-10096
-9969
-9600
-8878
-7876
-6599
-5206
-3605
-1928
-205
1503
3058
4530
5851
6877
7743
8262
8526
8524
8215
7688
6898
5899
4762
3484
2139
761
-654
-2016
-3291
-4498
-5576
-6543
-7344
-8025
-8521
-8830
-9043
-9126
-9084
-8967
-8658
-8294
-7822
-7220
-6605
-5808
-4951
-4037
-3029
-1945
-787
430
1660
2938
4242
5429
6599
7672
8642
9446
10038
10445
10645
10593
10250
9729
8889
7832
6520
5044
3388
1556
-289
-2220
-4122
-5912
-7611
-9112
-10463
-11493
-12222
-12646
-12688
-12378
-11695
-10666
-9272
-7499
-5518
-3281
-831
1739
4287
6850
9237
11498
13419
15098
16348
17176
17478
17381
16806
15733
14262
12365
10211
7809
5207
2521
-178
-2815
-5247
-7523
-9503
-11194
-12529
-13468
-14058
-14276
-14068
-13572
-12760
-11634
-10343
-8769
-7146
-5321
-3534
-1653
158
1905
3579
5135
6522
7768
8799
9681
10330
10743
10912
10862
10553
10039
9252
8266
7093
5774
4242
2638
962
-753
-2470
-4178
-5736
-7177
-8461
-9444
-10259
-10743
-11010
-10905
-10561
-9900
-9013
-7820
-6502
-4998
-3344
-1669
11
1677
3244
4692
5963
6985
7807
8353
8677
8748
8615
8212
7651
6918
6045
5076
4027
2982
1902
821
-221
-1139
-2045
-2789
-3530
-4114
-4614
-5091
-5389
-5693
-5834
-5961
-5899
-5766
-5553
-5235
-4865
-4334
-3753
-3045
-2301
-1508
-644
243
1154
2002
2809
3557
4233
4794
5186
5502
5602
5606
5449
5171
4750
4256
3644
2989
2299
1540
786
115
-571
-1187
-1768
-2222
-2598
-2939
-3092
-3191
-3210
-3119
-2924
-2631
-2328
-1913
-1519
-998
-476
68
515
1038
1447
1843
2149
2396
2473
2527
2395
2254
1951
1584
1208
707
257
-169
-552
-867
-1146
-1266
-1286
-1203
-940
-648
-239
227
759
1267
1752
2154
2513
2761
2816
2780
2572
2178
1658
1006
217
