0
-419
-852
-1312
-1806
-2336
-2896
-3475
-4056
-4615
-5130
-5573
-5922
-6156
-6262
-6230
-6060
-5756
-5329
-4793
-4168
-3472
-2728
-1953
-1169
-392
362
1080
1749
2358
2898
3359
3734
4017
4202
4286
4268
4146
3923
3602
3187
2686
2103
1446
723
-57
-886
-1755
-2651
-3561
-4471
-5361
-6213
-7004
-7709
-8303
-8761
-9057
-9168
-9073
-8756
-8205
-7415
-6386
-5127
-3656
-1997
-182
1748
3747
5763
7738
9612
11327
12822
14043
14942
15478
15620
15352
14669
13579
12107
10290
8178
5832
3323
728
-1870
-4392
-6756
-8886
-10712
-12176
-13228
-13836
-13977
-13647
-12853
-11621
-9985
-7997
-5715
-3207
-548
2183
4910
7553
10037
12293
14260
15885
17126
17953
18348
18304
17828
16941
15671
14059
12155
10016
7702
5278
2812
365
-1998
-4225
-6264
-8076
-9627
-10894
-11863
-12529
-12895
-12970
-12772
-12319
-11636
-10751
-9689
-8479
-7149
-5726
-4235
-2701
-1150
395
1911
3374
4760
6043
7199
8201
9025
9644
10037
10182
10065
9674
9006
8064
6860
5416
3762
1934
-21
-2052
-4104
-6117
-8033
-9796
-11351
-12653
-13660
-14343
-14681
-14663
-14291
-13576
-12541
-11218
-9649
-7882
-5971
-3974
-1951
36
1933
3683
5240
6564
7623
8396
8872
9049
8936
8550
7916
7066
6034
4862
3589
2259
911
-414
-1684
-2867
-3935
-4867
-5647
-6265
-6716
-7001
-7125
-7097
-6931
-6641
-6244
-5757
-5196
-4577
-3914
-3219
-2500
-1767
-1027
-284
453
1180
1890
2574
3224
3829
4380
4866
5277
5604
5841
5983
6027
5971
5819
5575
5244
4835
4358
3825
3250
2645
2028
1413
818
259
-245
-683
-1040
-1303
-1466
-1522
-1471
-1316
-1063
-724
-312
154
656
1173
1683
2163
2594
2955
3231
3409
3482
3445
3303
3063
2740
2355
1933
1502
1093
738
464
297
257
354
591
962
1447
2023
2654
3300
3917
4459
4883
5148
5222
5078
4703
4092
3255
2209
986
-373
-1822
-3307
-4770
-6152
-7397
-8451
-9267
-9810
-10050
-9974
-9579
-8876
-7889
-6652
-5210
-3616
-1927
-205
1489
3099
4570
5856
6919
7728
8266
8523
8499
8203
7654
6877
5902
4763
3500
2153
762
-633
-1997
-3295
-4500
-5588
-6542
-7349
-8005
-8507
-8860
-9070
-9145
-9094
-8927
-8652
-8276
-7802
-7234
-6574
-5822
-4980
-4050
-3036
-1944
-784
429
1681
2950
4212
5440
6606
7679
8630
9428
10047
10460
10646
10589
10278
9709
8885
7816
6521
5026
3364
1574
-298
-2205
-4096
-5916
-7615
-9140
-10445
-11487
-12228
-12639
-12696
-12385
-11701
-10651
-9251
-7527
-5517
-3269
-842
1697
4278
6823
9252
11489
13459
15096
16343
17157
17508
17381
16779
15720
14238
12381
10209
7791
5204
2527
-158
-2775
-5248
-7511
-9506
-11188
-12521
-13483
-14063
-14264
-14097
-13585
-12759
-11656
-10318
-8790
-7116
-5343
-3515
-1673
144
1903
3571
5120
6526
7767
8822
9677
10317
10732
10912
10853
10555
10021
9258
8279
7102
5751
4253
2641
952
-772
-2491
-4160
-5733
-7168
-8423
-9462
-10254
-10774
-11004
-10937
-10573
-9923
-9006
-7851
-6494
-4977
-3349
-1660
37
1691
3254
4680
5932
6977
7793
8365
8688
8763
8602
8224
7652
6914
6043
5071
4033
2960
1883
826
-186
-1139
-2017
-2812
-3519
-4133
-4655
-5086
-5426
-5675
-5835
-5905
-5882
-5766
-5554
-5245
-4839
-4337
-3743
-3065
-2312
-1499
-641
240
1126
1990
2810
3562
4224
4775
5200
5487
5627
5620
5467
5178
4765
4245
3638
2967
2253
1521
791
84
-582
-1193
-1737
-2204
-2586
-2879
-3079
-3185
-3197
-3116
-2946
-2691
-2359
-1960
-1504
-1007
-485
44
562
1049
1488
1861
2156
2360
2466
2473
2380
2193
1923
1581
1185
755
312
-120
-517
-855
-1113
-1270
-1313
-1234
-1031
-711
-289
209
754
1309
1834
2288
2634
2840
2885
2756
2456
1998
1410
729
0
