0
-647
-1296
-1944
-2591
-3234
-3867
-4482
-5069
-5616
-6108
-6530
-6863
-7092
-7201
-7176
-7006
-6682
-6203
-5568
-4786
-3868
-2832
-1702
-505
727
1962
3163
4294
5319
6205
6923
7447
7758
7842
7692
7310
6702
5884
4876
3705
2403
1005
-451
-1928
-3385
-4787
-6096
-7282
-8316
-9175
-9841
-10301
-10549
-10581
-10402
-10019
-9442
-8688
-7774
-6720
-5548
-4281
-2942
-1556
-146
1263
2648
3985
5252
6426
7487
8412
9184
9782
10193
10400
10393
10165
9711
9032
8133
7025
5725
4255
2644
926
-860
-2674
-4467
-6191
-7798
-9239
-10468
-11443
-12127
-12492
-12514
-12183
-11497
-10463
-9102
-7442
-5524
-3395
-1111
1265
3670
6036
8296
10385
12242
13814
15055
15930
16413
16491
16161
15434
14333
12889
11144
9148
6958
4635
2242
-155
-2496
-4720
-6772
-8602
-10169
-11441
-12391
-13005
-13276
-13206
-12806
-12094
-11096
-9841
-8365
-6707
-4910
-3015
-1069
886
2809
4656
6391
7976
9380
10574
11533
12237
12670
12821
12684
12260
11554
10576
9344
7879
6209
4368
2394
328
-1782
-3890
-5946
-7898
-9698
-11298
-12655
-13732
-14496
-14924
-14999
-14716
-14078
-13099
-11804
-10225
-8404
-6391
-4241
-2016
222
2411
4488
6394
8074
9484
10585
11348
11756
11803
11493
10842
9876
8631
7149
5480
3678
1800
-97
-1958
-3730
-5364
-6818
-8058
-9056
-9795
-10266
-10467
-10406
-10097
-9561
-8825
-7919
-6875
-5729
-4514
-3264
-2011
-784
391
1493
2505
3412
4204
4875
5422
5845
6145
6327
6395
6355
6215
5981
5662
5265
4798
4270
3690
3069
2416
1743
1063
388
-266
-887
-1460
-1970
-2406
-2754
-3004
-3151
-3188
-3114
-2931
-2646
-2266
-1806
-1280
-707
-106
500
1091
1648
2150
2581
2927
3180
3334
3387
3345
3216
3011
2747
2441
2115
1788
1481
1214
1001
857
790
805
900
1069
1301
1581
1890
2206
2503
2759
2948
3050
3043
2915
2654
2258
1728
1072
306
-548
-1468
-2422
-3377
-4300
-5154
-5907
-6527
-6988
-7268
-7351
-7227
-6896
-6362
-5639
-4747
-3712
-2564
-1339
-74
1190
2415
3564
4601
5494
6217
6750
7077
7189
7085
6769
6251
5546
4674
3659
2528
1309
33
-1271
-2572
-3843
-5056
-6185
-7209
-8107
-8861
-9457
-9883
-10131
-10193
-10067
-9752
-9250
-8566
-7708
-6687
-5519
-4220
-2812
-1319
231
1808
3379
4909
6362
7701
8890
9895
10684
11228
11506
11501
11201
10606
9721
8562
7152
5522
3713
1770
-254
-2303
-4320
-6244
-8017
-9585
-10899
-11914
-12597
-12923
-12877
-12456
-11669
-10536
-9085
-7359
-5404
-3277
-1037
1250
3522
5716
7770
9628
11244
12575
13590
14267
14595
14572
14207
13519
12532
11283
9808
8154
6368
4496
2589
694
-1144
-2885
-4492
-5933
-7182
-8218
-9026
-9597
-9927
-10017
-9872
-9502
-8921
-8145
-7194
-6090
-4856
-3518
-2104
-641
839
2309
3738
5096
6352
7479
8450
9239
9826
10192
10323
10210
9851
9247
8408
7348
6089
4660
3092
1425
-300
-2039
-3746
-5374
-6879
-8218
-9356
-10259
-10903
-11270
-11351
-11147
-10666
-9926
-8951
-7775
-6437
-4979
-3448
-1892
-360
1103
2455
3658
4679
5496
6090
6452
6583
6488
6182
5686
5025
4230
3333
2368
1369
370
-599
-1511
-2344
-3079
-3702
-4205
-4586
-4845
-4987
-5021
-4958
-4810
-4590
-4312
-3989
-3632
-3252
-2856
-2452
-2043
-1632
-1222
-812
-402
5
412
816
1215
1604
1979
2333
2658
2946
3188
3375
3499
3554
3535
3439
3266
3020
2705
2333
1913
1461
992
525
75
-337
-698
-991
-1207
-1335
-1371
-1313
-1166
-936
-633
-273
128
553
983
1397
1778
2109
2377
2570
2683
2711
2658
2528
2331
2080
1788
1474
1155
848
570
335
156
41
-4
19
110
261
461
698
956
1218
1467
1686
1861
1977
2026
2001
1898
1720
1471
1162
803
410
0
