0
-824
-1631
-2400
-3115
-3759
-4318
-4780
-5133
-5371
-5486
-5478
-5345
-5091
-4723
-4247
-3675
-3020
-2297
-1521
-711
114
937
1739
2502
3208
3842
4388
4835
5173
5394
5492
5467
5317
5047
4663
4173
3589
2924
2192
1411
598
-228
-1049
-1847
-2603
-3300
-3922
-4456
-4889
-5211
-5415
-5496
-5453
-5287
-5001
-4602
-4098
-3502
-2827
-2087
-1300
-484
342
1161
1954
2703
3391
4002
4522
4940
5246
5433
5498
5438
5254
4952
4538
4021
3413
2728
1981
1189
370
-456
-1273
-2061
-2802
-3480
-4079
-4586
-4989
-5279
-5450
-5497
-5420
-5220
-4902
-4473
-3942
-3323
-2628
-1874
-1077
-256
569
1383
2166
2900
3568
4155
4648
5036
5310
5463
5494
5399
5183
4849
4405
3862
3231
2527
1766
965
142
-683
-1494
-2271
-2996
-3654
-4229
-4708
-5081
-5338
-5475
-5488
-5377
-5144
-4794
-4336
-3780
-3138
-2425
-1658
-853
-28
796
1603
2374
3091
3738
4301
4766
5123
5364
5484
5480
5352
5102
4737
4265
3696
3044
2322
1549
740
-85
-909
-1712
-2477
-3185
-3821
-4371
-4822
-5163
-5388
-5491
-5470
-5324
-5058
-4678
-4192
-3611
-2948
-2218
-1439
-626
199
1021
1820
2578
3277
3902
4439
4876
5202
5410
5495
5457
5295
5013
4617
4117
3524
2851
2113
1328
513
-313
-1133
-1928
-2678
-3368
-3982
-4506
-4927
-5237
-5429
-5498
-5442
-5263
-4965
-4554
-4041
-3436
-2753
-2008
-1217
-399
427
1245
2034
2777
3458
4060
4570
4977
5271
5446
5497
5424
5229
4915
4489
3962
3346
2653
1901
1105
285
-541
-1356
-2140
-2875
-3546
-4136
-4633
-5024
-5302
-5460
-5495
-5405
-5192
-4862
-4422
-3882
-3254
-2553
-1793
-993
-171
655
1466
2245
2972
3632
4210
4693
5070
5331
5472
5490
5382
5154
4808
4354
3801
3162
2451
1685
881
57
-768
-1576
-2348
-3067
-3717
-4283
-4752
-5113
-5358
-5482
-5482
-5358
-5113
-4752
-4283
-3717
-3067
-2348
-1576
-768
57
881
1685
2451
3162
3801
4354
4808
5154
5382
5490
5472
5331
5070
4693
4210
3632
2972
2245
1466
655
-171
-993
-1793
-2553
-3254
-3882
-4422
-4862
-5192
-5405
-5495
-5460
-5302
-5024
-4633
-4136
-3546
-2875
-2140
-1356
-541
285
1105
1901
2653
3346
3962
4489
4915
5229
5424
5497
5446
5271
4977
4570
4060
3458
2777
2034
1245
427
-399
-1217
-2008
-2753
-3436
-4041
-4554
-4965
-5263
-5442
-5498
-5429
-5237
-4927
-4506
-3982
-3368
-2678
-1928
-1133
-313
513
1328
2113
2851
3524
4117
4617
5013
5295
5457
5495
5410
5202
4876
4439
3902
3277
2578
1820
1021
199
-626
-1439
-2218
-2948
-3611
-4192
-4678
-5058
-5324
-5470
-5491
-5388
-5163
-4822
-4371
-3821
-3185
-2477
-1712
-909
-85
740
1549
2322
3044
3696
4265
4737
5102
5352
5480
5484
5364
5123
4766
4301
3738
3091
2374
1603
796
-28
-853
-1658
-2425
-3138
-3780
-4336
-4794
-5144
-5377
-5488
-5475
-5338
-5081
-4708
-4229
-3654
-2996
-2271
-1494
-683
142
965
1766
2527
3231
3862
4405
4849
5183
5399
5494
5463
5310
5036
4648
4155
3568
2900
2166
1383
569
-256
-1077
-1874
-2628
-3323
-3942
-4473
-4902
-5220
-5420
-5497
-5450
-5279
-4989
-4586
-4079
-3480
-2802
-2061
-1273
-456
370
1189
1981
2728
3413
4021
4538
4952
5254
5438
5498
5433
5246
4940
4522
4002
3391
2703
1954
1161
342
-484
-1300
-2087
-2827
-3502
-4098
-4602
-5001
-5287
-5453
-5496
-5415
-5211
-4889
-4456
-3922
-3300
-2603
-1847
-1049
-228
598
1411
2192
2924
3589
4173
4663
5047
5317
5467
5492
5394
5173
4835
4388
3842
3208
2502
1739
937
114
-711
-1521
-2297
-3020
-3675
-4247
-4723
-5091
-5345
-5478
-5486
-5371
-5133
-4780
-4318
-3759
-3115
-2400
-1631
-824
0
