0
-700
-1392
-2068
-2719
-3338
-3915
-4442
-4912
-5317
-5648
-5899
-6065
-6140
-6122
-6007
-5797
-5493
-5098
-4620
-4066
-3446
-2771
-2056
-1316
-565
179
901
1584
2213
2772
3250
3633
3913
4083
4136
4070
3885
3582
3165
2640
2015
1300
506
-352
-1262
-2208
-3174
-4140
-5090
-6005
-6864
-7649
-8339
-8916
-9361
-9656
-9787
-9739
-9502
-9069
-8436
-7604
-6580
-5374
-4002
-2489
-860
850
2605
4363
6080
7709
9204
10519
11611
12441
12975
13187
13059
12582
11758
10599
9127
7377
5393
3226
937
-1407
-3738
-5984
-8074
-9940
-11520
-12759
-13612
-14046
-14039
-13584
-12688
-11372
-9670
-7629
-5307
-2771
-96
2639
5355
7972
10411
12603
14485
16003
17117
17799
18033
17819
17169
16108
14673
12911
10877
8632
6243
3776
1300
-1119
-3422
-5554
-7465
-9115
-10475
-11520
-12239
-12628
-12692
-12442
-11898
-11085
-10033
-8775
-7347
-5785
-4129
-2415
-682
1035
2703
4290
5765
7101
8273
9259
10040
10600
10926
11007
10839
10421
9754
8846
7712
6368
4839
3152
1342
-553
-2493
-4432
-6323
-8119
-9773
-11240
-12479
-13453
-14133
-14496
-14527
-14222
-13585
-12633
-11388
-9886
-8166
-6279
-4277
-2220
-165
1825
3697
5396
6876
8096
9027
9647
9946
9923
9590
8966
8080
6969
5676
4246
2731
1179
-358
-1837
-3215
-4455
-5527
-6410
-7088
-7554
-7808
-7857
-7714
-7396
-6926
-6327
-5626
-4847
-4016
-3157
-2290
-1434
-602
192
942
1641
2287
2879
3416
3899
4330
4708
5035
5308
5525
5683
5779
5808
5765
5646
5449
5173
4818
4388
3889
3330
2722
2082
1424
767
131
-465
-1004
-1468
-1843
-2118
-2286
-2342
-2290
-2135
-1888
-1562
-1176
-748
-300
145
568
950
1274
1529
1706
1802
1819
1763
1646
1483
1292
1094
908
756
656
624
671
803
1022
1322
1691
2113
2566
3022
3454
3829
4116
4288
4316
4181
3867
3365
2677
1811
784
-376
-1640
-2967
-4312
-5628
-6867
-7980
-8923
-9656
-10145
-10364
-10299
-9943
-9303
-8392
-7239
-5877
-4350
-2708
-1004
706
2365
3921
5322
6526
7495
8202
8629
8769
8624
8206
7535
6640
5557
4324
2985
1583
161
-1239
-2582
-3834
-4967
-5960
-6800
-7477
-7987
-8334
-8523
-8565
-8469
-8250
-7920
-7490
-6972
-6373
-5702
-4962
-4156
-3287
-2356
-1364
-315
786
1931
3109
4304
5495
6660
7769
8792
9697
10448
11012
11358
11458
11289
10836
10092
9057
7745
6177
4386
2414
311
-1862
-4043
-6165
-8159
-9957
-11497
-12721
-13581
-14039
-14071
-13665
-12823
-11563
-9917
-7929
-5656
-3167
-534
2161
4836
7411
9804
11945
13768
15219
16257
16853
16995
16682
15930
14768
13235
11383
9271
6966
4536
2053
-411
-2791
-5025
-7056
-8838
-10333
-11512
-12358
-12863
-13029
-12867
-12397
-11643
-10638
-9417
-8019
-6486
-4857
-3173
-1474
202
1823
3357
4776
6055
7175
8117
8869
9419
9761
9890
9807
9512
9013
8317
7437
6388
5189
3861
2431
927
-621
-2180
-3716
-5194
-6578
-7834
-8931
-9838
-10532
-10990
-11199
-11150
-10842
-10280
-9477
-8453
-7233
-5851
-4343
-2751
-1117
511
2091
3579
4935
6121
7108
7871
8392
8662
8678
8446
7979
7295
6421
5386
4225
2975
1674
360
-928
-2157
-3294
-4311
-5185
-5898
-6437
-6794
-6969
-6963
-6785
-6447
-5964
-5354
-4638
-3839
-2977
-2078
-1162
-251
633
1473
2252
2956
3572
4090
4502
4803
4991
5065
5026
4878
4629
4285
3858
3359
2802
2202
1575
937
306
-301
-869
-1381
-1824
-2186
-2457
-2630
-2701
-2670
-2539
-2314
-2005
-1623
-1184
-703
-199
309
804
1267
1682
2034
2311
2505
2612
2628
2558
2406
2182
1899
1571
1214
845
481
139
-166
-423
-619
-750
-810
-801
-726
-591
-406
-185
60
313
561
787
980
1126
1219
1252
1222
1131
983
784
546
280
0
