0
-1533
-3033
-4466
-5802
-7010
-8065
-8942
-9624
-10095
-10344
-10367
-10163
-9735
-9095
-8256
-7235
-6057
-4746
-3331
-1844
-317
1216
2723
4170
5524
6758
7842
8755
9475
9988
10281
10349
10191
9809
9212
8414
7432
6287
5005
3615
2146
630
-897
-2405
-3859
-5228
-6481
-7592
-8535
-9291
-9843
-10179
-10291
-10178
-9842
-9291
-8537
-7596
-6490
-5242
-3880
-2435
-937
578
2081
3537
4914
6183
7314
8285
9072
9661
10037
10193
10126
9836
9332
8624
7727
6663
5453
4126
2709
1235
-264
-1756
-3208
-4588
-5866
-7013
-8006
-8822
-9444
-9858
-10056
-10033
-9790
-9334
-8673
-7824
-6804
-5636
-4347
-2965
-1519
-42
1432
2874
4251
5533
6691
7702
8542
9193
9642
9880
9900
9704
9295
8684
7883
6911
5790
4543
3199
1787
339
-1113
-2540
-3908
-5188
-6352
-7374
-8234
-8911
-9392
-9667
-9729
-9578
-9217
-8655
-7905
-6984
-5911
-4711
-3410
-2037
-622
802
2207
3560
4833
5997
7027
7901
8600
9109
9418
9519
9412
9099
8587
7889
7019
5998
4848
3594
2264
889
-502
-1880
-3213
-4473
-5631
-6663
-7546
-8262
-8796
-9135
-9273
-9208
-8941
-8480
-7833
-7017
-6050
-4952
-3749
-2468
-1135
217
1562
2869
4109
5256
6285
7173
7901
8454
8820
8992
8967
8745
8332
7739
6977
6065
5023
3874
2644
1360
50
-1256
-2531
-3747
-4876
-5896
-6783
-7518
-8086
-8476
-8678
-8690
-8511
-8146
-7605
-6898
-6043
-5059
-3967
-2792
-1560
-298
965
2203
3388
4495
5499
6380
7117
7696
8104
8333
8378
8240
7922
7432
6780
5983
5058
4025
2909
1733
524
-691
-1887
-3037
-4115
-5099
-5967
-6701
-7285
-7707
-7959
-8035
-7934
-7661
-7220
-6623
-5884
-5019
-4048
-2993
-1876
-724
439
1587
2696
3740
4698
5549
6274
6858
7289
7558
7661
7595
7363
6971
6428
5747
4943
4035
3043
1989
896
-209
-1306
-2368
-3374
-4300
-5127
-5837
-6416
-6852
-7135
-7260
-7225
-7032
-6686
-6196
-5572
-4829
-3985
-3057
-2068
-1039
6
1046
2058
3018
3907
4706
5396
5965
6399
6690
6833
6826
6669
6366
5926
5358
4677
3897
3036
2114
1151
169
-810
-1766
-2677
-3524
-4288
-4953
-5505
-5933
-6228
-6385
-6400
-6275
-6013
-5621
-5108
-4487
-3771
-2978
-2124
-1230
-315
600
1496
2354
3153
3877
4512
5042
5459
5752
5917
5951
5854
5629
5283
4822
4260
3608
2882
2098
1274
429
-419
-1251
-2050
-2797
-3477
-4075
-4579
-4978
-5265
-5433
-5481
-5408
-5216
-4912
-4502
-3997
-3408
-2749
-2036
-1284
-510
268
1033
1769
2460
3090
3647
4118
4495
4769
4936
4993
4939
4777
4511
4149
3699
3172
2580
1936
1257
557
-148
-844
-1514
-2143
-2720
-3230
-3664
-4013
-4269
-4429
-4490
-4451
-4314
-4083
-3765
-3367
-2900
-2373
-1800
-1194
-568
62
685
1285
1851
2368
2828
3219
3535
3768
3916
3975
3946
3830
3630
3353
3004
2594
2132
1628
1095
544
-10
-558
-1087
-1584
-2039
-2443
-2787
-3064
-3270
-3400
-3453
-3428
-3327
-3154
-2914
-2612
-2256
-1856
-1420
-959
-484
-5
465
919
1345
1734
2078
2370
2604
2777
2884
2925
2900
2810
2659
2451
2191
1887
1546
1177
787
387
-13
-407
-784
-1136
-1455
-1736
-1972
-2159
-2293
-2372
-2396
-2365
-2281
-2147
-1967
-1746
-1490
-1206
-900
-580
-255
68
383
682
958
1206
1419
1595
1730
1821
1867
1869
1827
1744
1622
1466
1279
1067
836
591
340
87
-159
-395
-615
-814
-987
-1130
-1242
-1321
-1364
-1373
-1347
-1290
-1202
-1087
-949
-792
-620
-438
-252
-66
114
286
444
584
703
800
871
916
934
926
892
834
755
658
545
420
288
152
16
-115
-238
-350
-447
-527
-588
-628
-646
-643
-618
-572
-508
-428
-333
-228
-116
0
