0
-1340
-2654
-3916
-5102
-6189
-7154
-7980
-8648
-9145
-9461
-9587
-9521
-9263
-8815
-8185
-7385
-6428
-5333
-4120
-2812
-1435
-16
1416
2834
4207
5506
6703
7773
8691
9436
9989
10338
10471
10382
10071
9540
8797
7856
6734
5453
4037
2516
921
-713
-2352
-3960
-5500
-6937
-8239
-9373
-10313
-11034
-11517
-11748
-11718
-11424
-10870
-10063
-9020
-7760
-6310
-4701
-2966
-1145
720
2590
4420
6167
7790
9249
10510
11539
12311
12805
13007
12907
12507
11812
10835
9597
8125
6451
4613
2652
616
-1449
-3495
-5472
-7333
-9033
-10530
-11787
-12772
-13459
-13832
-13878
-13594
-12987
-12067
-10857
-9382
-7679
-5786
-3748
-1614
564
2735
4847
6847
8688
10325
11716
12828
13634
14113
14253
14050
13509
12642
11471
10024
8336
6448
4406
2260
62
-2133
-4273
-6305
-8180
-9852
-11281
-12432
-13278
-13800
-13984
-13829
-13339
-12528
-11416
-10032
-8412
-6596
-4630
-2564
-448
1664
3723
5676
7477
9082
10453
11558
12373
12878
13065
12932
12484
11736
10709
9431
7937
6265
4458
2564
630
-1296
-3166
-4935
-6560
-8003
-9229
-10213
-10932
-11373
-11528
-11399
-10992
-10323
-9412
-8285
-6976
-5518
-3952
-2317
-658
985
2572
4063
5423
6621
7631
8430
9004
9344
9446
9312
8953
8383
7621
6692
5623
4445
3191
1894
589
-690
-1914
-3051
-4077
-4968
-5705
-6277
-6672
-6888
-6925
-6790
-6491
-6044
-5465
-4774
-3995
-3152
-2268
-1370
-482
374
1177
1907
2550
3093
3526
3843
4044
4130
4104
3976
3755
3455
3088
2672
2221
1753
1281
823
389
-6
-356
-652
-890
-1067
-1185
-1245
-1252
-1214
-1138
-1033
-910
-778
-649
-531
-432
-361
-323
-320
-356
-430
-539
-678
-841
-1021
-1207
-1390
-1558
-1701
-1808
-1869
-1875
-1820
-1699
-1508
-1246
-918
-526
-79
413
939
1485
2034
2570
3076
3535
3928
4241
4460
4572
4569
4443
4191
3815
3318
2709
1998
1201
337
-574
-1510
-2446
-3356
-4215
-4997
-5678
-6238
-6655
-6915
-7005
-6918
-6649
-6201
-5580
-4797
-3868
-2814
-1660
-432
837
2118
3376
4578
5691
6684
7529
8200
8675
8940
8981
8795
8381
7747
6903
5869
4668
3328
1882
364
-1185
-2728
-4225
-5636
-6923
-8052
-8992
-9716
-10202
-10435
-10407
-10114
-9562
-8762
-7732
-6495
-5083
-3528
-1870
-150
1587
3298
4940
6468
7844
9031
9997
10716
11168
11340
11227
10829
10155
9221
8050
6671
5118
3430
1650
-176
-2003
-3784
-5473
-7027
-8406
-9574
-10502
-11164
-11545
-11634
-11429
-10935
-10165
-9138
-7881
-6425
-4810
-3075
-1266
570
2389
4143
5787
7279
8583
9664
10497
11061
11343
11336
11043
10471
9637
8564
7279
5818
4219
2523
774
-982
-2702
-4340
-5856
-7212
-8374
-9314
-10010
-10445
-10612
-10508
-10138
-9515
-8656
-7585
-6334
-4934
-3425
-1845
-236
1359
2902
4352
5673
6833
7805
8564
9096
9388
9437
9245
8820
8175
7332
6314
5151
3875
2519
1121
-281
-1653
-2960
-4169
-5249
-6176
-6927
-7487
-7844
-7993
-7934
-7672
-7218
-6587
-5800
-4880
-3853
-2749
-1598
-431
720
1827
2862
3799
4615
5292
5815
6174
6364
6384
6238
5932
5480
4898
4203
3417
2564
1667
753
-154
-1031
-1855
-2606
-3265
-3817
-4251
-4560
-4737
-4783
-4701
-4496
-4179
-3760
-3256
-2683
-2058
-1401
-730
-64
578
1180
1727
2206
2606
2919
3139
3264
3294
3232
3084
2857
2560
2205
1805
1373
922
466
19
-406
-799
-1150
-1450
-1693
-1875
-1992
-2045
-2035
-1965
-1841
-1669
-1457
-1213
-946
-666
-383
-105
159
401
616
797
941
1045
1108
1130
1113
1059
973
859
724
573
412
248
86
-66
-205
-326
-425
-500
-550
-574
-572
-547
-500
-435
-355
-264
-168
-70
25
113
191
255
302
332
344
337
312
271
216
150
77
0
