0
-624
-1245
-1860
-2462
-3048
-3609
-4139
-4627
-5065
-5441
-5746
-5967
-6097
-6129
-6056
-5875
-5588
-5198
-4710
-4135
-3486
-2776
-2023
-1244
-457
318
1067
1772
2419
2997
3495
3906
4224
4445
4567
4590
4513
4336
4062
3690
3222
2660
2007
1267
444
-452
-1414
-2428
-3477
-4541
-5596
-6616
-7570
-8427
-9154
-9719
-10089
-10239
-10142
-9783
-9150
-8241
-7062
-5630
-3970
-2118
-116
1983
4125
6247
8289
10186
11878
13310
14433
15206
15600
15593
15182
14370
13176
11631
9776
7664
5353
2911
407
-2084
-4492
-6744
-8775
-10525
-11942
-12984
-13620
-13831
-13609
-12959
-11899
-10459
-8679
-6608
-4306
-1837
728
3318
5860
8280
10511
12491
14165
15487
16421
16945
17046
16726
15999
14889
13433
11676
9672
7480
5163
2787
416
-1887
-4065
-6067
-7848
-9372
-10613
-11555
-12188
-12515
-12543
-12291
-11778
-11032
-10082
-8960
-7698
-6327
-4879
-3384
-1868
-357
1123
2552
3908
5170
6319
7334
8196
8886
9385
9675
9741
9570
9153
8485
7567
6407
5021
3432
1669
-227
-2215
-4241
-6252
-8190
-9998
-11617
-12997
-14092
-14861
-15278
-15326
-14998
-14302
-13259
-11901
-10270
-8419
-6407
-4297
-2158
-54
1948
3791
5422
6798
7885
8662
9117
9251
9075
8610
7885
6937
5807
4540
3182
1780
376
-986
-2273
-3453
-4500
-5396
-6127
-6687
-7073
-7288
-7340
-7239
-6998
-6632
-6156
-5587
-4942
-4235
-3482
-2698
-1895
-1086
-281
509
1276
2011
2707
3357
3953
4491
4965
5370
5702
5956
6130
6222
6230
6153
5993
5752
5433
5042
4585
4073
3514
2921
2308
1690
1081
499
-40
-521
-930
-1252
-1479
-1602
-1618
-1527
-1332
-1041
-668
-227
261
778
1299
1801
2263
2664
2986
3217
3348
3376
3304
3141
2901
2604
2272
1930
1606
1325
1111
985
962
1050
1250
1557
1955
2425
2936
3455
3946
4369
4685
4860
4860
4663
4253
3623
2778
1735
519
-831
-2273
-3755
-5220
-6611
-7870
-8945
-9787
-10358
-10630
-10585
-10219
-9542
-8575
-7350
-5912
-4313
-2609
-862
864
2511
4023
5350
6450
7292
7855
8130
8116
7826
7280
6506
5539
4417
3182
1875
539
-789
-2076
-3290
-4408
-5410
-6282
-7017
-7612
-8065
-8381
-8564
-8623
-8563
-8391
-8116
-7740
-7270
-6708
-6057
-5319
-4497
-3592
-2611
-1558
-442
725
1929
3153
4376
5573
6719
7784
8741
9558
10207
10661
10895
10889
10628
10103
9312
8260
6962
5438
3720
1844
-143
-2193
-4248
-6250
-8138
-9851
-11332
-12528
-13392
-13886
-13982
-13663
-12927
-11784
-10255
-8379
-6205
-3792
-1209
1465
4152
6767
9231
11464
13397
14968
16129
16843
17088
16860
16168
15037
13506
11625
9456
7069
4537
1937
-653
-3161
-5519
-7666
-9549
-11127
-12370
-13259
-13786
-13953
-13773
-13266
-12460
-11388
-10087
-8598
-6962
-5219
-3412
-1580
240
2013
3706
5289
6734
8017
9114
10005
10675
11108
11296
11231
10912
10342
9530
8489
7239
5808
4225
2529
760
-1036
-2815
-4529
-6129
-7573
-8821
-9836
-10592
-11068
-11253
-11144
-10749
-10082
-9169
-8040
-6733
-5290
-3755
-2176
-598
934
2381
3706
4880
5876
6679
7278
7667
7849
7832
7627
7251
6723
6064
5297
4444
3529
2574
1600
627
-326
-1243
-2109
-2909
-3633
-4268
-4807
-5241
-5564
-5772
-5862
-5834
-5688
-5428
-5059
-4590
-4031
-3392
-2689
-1937
-1152
-353
443
1218
1954
2634
3244
3771
4202
4529
4745
4847
4834
4707
4471
4133
3702
3190
2610
1978
1310
626
-57
-720
-1344
-1911
-2404
-2806
-3106
-3294
-3362
-3307
-3130
-2838
-2438
-1946
-1378
-756
-102
557
1197
1792
2318
2754
3083
3292
3373
3325
3153
2866
2481
2018
1503
962
423
-84
-535
-906
-1178
-1339
-1382
-1306
-1119
-833
-467
-44
407
861
1288
1662
1957
2156
2244
2214
2066
1807
1450
1013
520
0
