0
-550
-1101
-1653
-2204
-2751
-3290
-3812
-4308
-4768
-5178
-5525
-5795
-5976
-6057
-6028
-5885
-5625
-5251
-4769
-4188
-3524
-2793
-2015
-1210
-401
390
1144
1843
2470
3013
3462
3810
4056
4199
4240
4184
4036
3800
3483
3089
2623
2089
1490
829
109
-663
-1485
-2348
-3240
-4149
-5056
-5941
-6780
-7545
-8207
-8736
-9101
-9275
-9232
-8951
-8417
-7624
-6572
-5272
-3743
-2016
-128
1873
3936
6000
8003
9884
11580
13034
14192
15011
15456
15503
15143
14376
13217
11696
9853
7737
5411
2942
403
-2129
-4577
-6868
-8931
-10700
-12122
-13152
-13756
-13913
-13617
-12874
-11704
-10140
-8225
-6016
-3576
-974
1713
4409
7037
9522
11793
13787
15449
16734
17609
18053
18059
17631
16786
15555
13976
12098
9978
7676
5258
2787
329
-2053
-4306
-6378
-8226
-9816
-11121
-12126
-12822
-13208
-13294
-13093
-12625
-11914
-10987
-9874
-8604
-7209
-5720
-4165
-2575
-977
601
2135
3599
4968
6219
7328
8273
9030
9582
9908
9995
9830
9406
8723
7785
6602
5195
3589
1817
-80
-2057
-4062
-6043
-7942
-9705
-11279
-12614
-13667
-14405
-14801
-14841
-14520
-13848
-12843
-11537
-9969
-8189
-6253
-4220
-2154
-116
1830
3632
5237
6604
7699
8500
8994
9180
9065
8668
8015
7139
6079
4877
3578
2225
863
-468
-1733
-2900
-3943
-4842
-5584
-6161
-6572
-6819
-6909
-6854
-6666
-6362
-5956
-5465
-4904
-4289
-3632
-2945
-2240
-1524
-805
-90
615
1305
1975
2618
3229
3802
4328
4800
5210
5550
5811
5987
6071
6059
5948
5738
5432
5036
4557
4007
3402
2757
2093
1428
784
181
-359
-820
-1186
-1445
-1589
-1614
-1520
-1314
-1006
-611
-146
364
900
1436
1947
2410
2805
3115
3327
3433
3432
3327
3129
2850
2512
2137
1751
1379
1049
785
608
534
574
732
1004
1381
1844
2370
2928
3484
4001
4443
4773
4957
4969
4785
4394
3791
2983
1986
826
-461
-1835
-3246
-4640
-5964
-7163
-8188
-8993
-9542
-9806
-9768
-9423
-8779
-7854
-6679
-5292
-3744
-2088
-383
1310
2934
4432
5754
6859
7712
8290
8581
8581
8301
7756
6974
5987
4832
3551
2186
780
-627
-2000
-3305
-4515
-5609
-6569
-7386
-8052
-8568
-8933
-9154
-9236
-9186
-9012
-8721
-8319
-7813
-7207
-6505
-5712
-4831
-3868
-2829
-1723
-559
649
1886
3132
4366
5564
6699
7745
8673
9457
10069
10486
10688
10659
10386
9866
9098
8090
6858
5424
3815
2068
223
-1672
-3569
-5416
-7157
-8740
-10112
-11227
-12040
-12517
-12631
-12363
-11707
-10670
-9267
-7528
-5496
-3221
-765
1801
4403
6962
9399
11635
13600
15226
16460
17259
17594
17450
16830
15752
14250
12369
10170
7721
5100
2387
-335
-2986
-5489
-7777
-9789
-11477
-12806
-13753
-14308
-14474
-14266
-13708
-12835
-11686
-10306
-8743
-7044
-5256
-3425
-1592
203
1930
3558
5062
6420
7615
8631
9456
10079
10490
10682
10650
10390
9904
9194
8268
7140
5827
4354
2751
1053
-697
-2458
-4180
-5815
-7314
-8632
-9726
-10560
-11108
-11350
-11276
-10891
-10205
-9243
-8036
-6627
-5063
-3395
-1678
31
1684
3228
4623
5831
6826
7588
8108
8384
8425
8243
7859
7297
6586
5754
4832
3848
2829
1800
783
-202
-1142
-2024
-2836
-3572
-4223
-4786
-5255
-5627
-5898
-6065
-6125
-6077
-5919
-5654
-5282
-4809
-4243
-3592
-2868
-2087
-1264
-417
432
1267
2067
2813
3488
4076
4564
4942
5204
5344
5364
5264
5050
4730
4314
3814
3243
2617
1950
1259
562
-126
-787
-1406
-1966
-2454
-2855
-3159
-3356
-3441
-3410
-3265
-3008
-2649
-2201
-1678
-1100
-491
126
727
1286
1780
2187
2490
2677
2740
2678
2496
2207
1827
1380
890
387
-99
-541
-912
-1190
-1358
-1405
-1329
-1135
-833
-443
11
502
998
1468
1881
2210
2432
2531
2498
2333
2041
1638
1145
589
0
