0
-360
-751
-1196
-1706
-2278
-2895
-3530
-4150
-4724
-5223
-5629
-5927
-6113
-6185
-6141
-5981
-5705
-5315
-4816
-4216
-3532
-2783
-1993
-1188
-391
378
1103
1773
2379
2914
3371
3743
4023
4205
4284
4259
4131
3903
3581
3171
2677
2105
1459
744
-35
-869
-1748
-2655
-3575
-4489
-5378
-6223
-7003
-7698
-8286
-8743
-9044
-9164
-9078
-8769
-8222
-7430
-6396
-5131
-3653
-1989
-173
1756
3753
5767
7742
9618
11333
12829
14048
14942
15470
15605
15331
14646
13561
12100
10296
8196
5860
3353
753
-1857
-4393
-6770
-8909
-10737
-12196
-13239
-13836
-13968
-13633
-12841
-11613
-9985
-8003
-5723
-3214
-550
2188
4920
7565
10048
12298
14257
15874
17110
17937
18335
18298
17831
16950
15683
14071
12163
10018
7700
5273
2806
362
-1998
-4222
-6260
-8072
-9626
-10897
-11869
-12537
-12902
-12975
-12773
-12316
-11630
-10743
-9681
-8473
-7144
-5723
-4234
-2703
-1153
390
1904
3365
4750
6035
7195
8202
9032
9657
10053
10198
10076
9678
9000
8050
6841
5397
3747
1927
-17
-2039
-4084
-6097
-8017
-9788
-11353
-12664
-13677
-14362
-14697
-14674
-14294
-13571
-12531
-11205
-9635
-7869
-5962
-3969
-1951
31
1923
3670
5225
6549
7611
8389
8871
9056
8950
8569
7937
7083
6046
4865
3583
2244
891
-436
-1703
-2879
-3940
-4864
-5637
-6251
-6701
-6986
-7112
-7088
-6926
-6640
-6248
-5765
-5208
-4591
-3929
-3233
-2511
-1773
-1025
-276
467
1199
1911
2593
3238
3835
4377
4854
5258
5581
5817
5962
6013
5968
5827
5593
5269
4864
4386
3846
3259
2641
2011
1386
786
229
-268
-694
-1037
-1287
-1440
-1493
-1443
-1295
-1053
-725
-324
134
633
1150
1664
2151
2590
2960
3244
3428
3503
3465
3318
3071
2739
2345
1915
1480
1071
720
455
299
269
373
613
980
1460
2026
2648
3288
3901
4444
4872
5143
5221
5081
4708
4097
3258
2212
990
-368
-1815
-3299
-4763
-6149
-7400
-8461
-9284
-9829
-10069
-9986
-9581
-8866
-7868
-6625
-5184
-3596
-1919
-210
1472
3074
4543
5834
6905
7727
8275
8539
8518
8222
7669
6885
5903
4759
3493
2145
753
-641
-2004
-3302
-4506
-5591
-6541
-7344
-7996
-8495
-8847
-9058
-9138
-9094
-8933
-8664
-8289
-7815
-7243
-6577
-5820
-4973
-4041
-3028
-1939
-783
427
1677
2946
4210
5441
6610
7685
8635
9431
10045
10453
10636
10578
10269
9705
8886
7823
6532
5038
3374
1580
-297
-2210
-4104
-5926
-7623
-9145
-10446
-11484
-12223
-12634
-12693
-12385
-11705
-10657
-9256
-7529
-5515
-3263
-832
1708
4288
6828
9251
11480
13445
15079
16328
17147
17505
17386
16791
15736
14255
12396
10218
7793
5199
2516
-172
-2789
-5260
-7519
-9510
-11187
-12516
-13475
-14053
-14253
-14088
-13579
-12757
-11658
-10324
-8798
-7126
-5352
-3521
-1675
146
1908
3578
5127
6530
7767
8820
9673
10313
10729
10912
10856
10559
10024
9259
8277
7098
5745
4248
2640
955
-765
-2483
-4153
-5731
-7172
-8434
-9477
-10268
-10782
-11004
-10927
-10555
-9902
-8988
-7841
-6495
-4990
-3370
-1683
18
1682
3257
4693
5951
6996
7806
8368
8681
8751
8590
8216
7652
6923
6057
5087
4044
2962
1873
807
-209
-1159
-2029
-2812
-3507
-4113
-4632
-5065
-5412
-5671
-5840
-5916
-5896
-5779
-5564
-5252
-4843
-4340
-3746
-3068
-2314
-1498
-635
251
1140
2006
2825
3571
4225
4769
5187
5469
5609
5604
5456
5171
4763
4248
3646
2978
2269
1540
811
102
-569
-1191
-1747
-2227
-2618
-2914
-3110
-3204
-3199
-3100
-2915
-2653
-2323
-1933
-1493
-1013
-504
16
533
1025
1472
1854
2156
2365
2476
2487
2398
2217
1949
1606
1201
754
290
-164
-576
-917
-1159
-1285
-1286
-1165
-932
-605
-206
244
727
1219
1700
2142
2514
2779
2903
2852
2609
2170
1558
814
0
