-255
24
256
368
478
978
1703
2379
3012
3462
3818
4096
4281
4383
4386
4405
4433
4463
4439
4299
4006
3551
3100
2739
2151
1432
783
174
-84
-170
-213
-102
104
192
9
-428
-1023
-1774
-2409
-2708
-2797
-2779
-2629
-2280
-2117
-2218
-2695
-3579
-4437
-5247
-6028
-6648
-7064
-7188
-6995
-6875
-6969
-7330
-7997
-8838
-9640
-10196
-10346
-9999
-9241
-8236
-7323
-6695
-6610
-7143
-7919
-8790
-9643
-9874
-9555
-9007
-8274
-7654
-7283
-7208
-7577
-8242
-9097
-9774
-10056
-10057
-9738
-9243
-8802
-8303
-7926
-7810
-7849
-7983
-8085
-7932
-7439
-6665
-5711
-4773
-3880
-3221
-3005
-3149
-3473
-3820
-4027
-3979
-3646
-3069
-2374
-1754
-1330
-1130
-1307
-1681
-2120
-2522
-2735
-2671
-2405
-1865
-1219
-686
-339
-148
-128
-232
-343
-368
-134
339
1007
1640
2091
2303
2297
2023
1590
1185
868
708
858
1288
1714
2091
2356
2340
2165
1891
1450
1073
917
982
1197
1597
2112
2562
2908
3105
3123
3055
3085
3232
3459
3776
4156
4514
4861
5093
5078
4884
4868
5072
5366
5706
6036
6500
6956
7196
7305
7466
7647
7839
8032
8166
8361
8551
8768
8934
8938
9014
9425
9946
10474
10857
11192
11652
12086
12407
12717
13017
13022
13137
13088
12980
12939
13209
13685
14215
14499
14659
14968
15153
14871
14357
14236
14227
14690
15313
15388
14750
13908
12549
10877
9148
7337
6166
5980
6149
6496
7061
7160
6727
6275
5195
3616
2530
1787
1502
1571
1599
1738
2292
2468
2417
1857
685
-401
-1192
-1652
-1642
-1621
-1658
-1566
-1924
-2808
-4078
-5691
-7348
-8586
-9050
-8837
-8167
-7244
-6601
-6484
-6786
-7472
-8269
-9122
-9822
-10049
-9712
-8792
-7577
-6477
-5697
-5311
-5250
-5329
-5551
-5954
-6163
-5993
-5483
-4740
-3965
-3456
-3349
-3566
-4165
-4987
-5678
-6002
-5781
-4961
-3848
-2651
-1516
-665
-226
-135
-312
-540
-628
-284
437
1328
2344
3334
4069
4532
4738
4609
4355
4190
4102
4168
4412
4622
4728
4490
3922
3079
2083
1158
430
33
99
434
808
1181
1459
1377
844
122
-677
-1453
-1989
-2196
-2234
-2116
-1941
-1767
-1694
-1868
-2389
-3172
-4077
-4925
-5540
-5977
-6140
-6142
-6135
-6148
-6431
-6941
-7592
-8369
-9083
-9500
-9481
-8983
-8354
-7757
-7275
-7083
-7255
-7688
-8318
-8979
-9580
-9828
-9583
-9156
-8629
-8141
-7872
-7828
-7973
-8389
-8914
-9408
-9712
-9682
-9465
-9068
-8624
-8224
-7862
-7686
-7650
-7655
-7582
-7336
-6864
-6203
-5485
-4854
-4277
-3830
-3710
-3747
-3834
-3942
-3954
-3796
-3450
-2964
-2451
-1915
-1572
-1393
-1351
-1480
-1615
-1746
-1812
-1729
-1490
-1134
-752
-437
-256
-137
-85
-17
62
186
397
724
1052
1342
1530
1550
1446
1183
916
721
640
690
899
1171
1443
1667
1810
1783
1586
1395
1183
1061
1107
1251
1434
1672
1875
2001
2090
2152
2210
2342
2574
2839
3123
3391
3616
3723
3755
3746
3731
3745
3949
4254
4505
4887
5323
5634
5871
6083
6221
6365
6485
6717
6985
7248
7586
7935
8128
8254
8468
8673
8875
9107
9373
9579
9704
9888
10075
10413
10681
10899
11271
11552
11681
11948
12069
12063
12459
13239
13773
14388
14968
15010
15016
14844
14219
14099
14317
14399
14898
15468
15417
15673
15937
15661
15266
14437
13225
11946
10780
9269
7730
6669
6214
6379
6804
6888
6608
6048
5066
4174
3352
2603
2538
2800
2954
3320
3369
2932
2725
2277
1426
903
511
74
60
-144
-607
-850
-1298
-1946
-2826
-4226
-5745
-7075
-8108
-8632
-8543
-8184
-7697
-7255
-7254
-7575
-8154
-8872
-9231
-9285
-9107
-8344
-7303
-6349
-5498
-5054
-5038
-4988
-4945
-5039
-5033
-4974
-4983
-4697
-4286
-4033
-3911
-4008
-4285
-4741
-5258
-5631
-5908
-5821
-5210
-4401
-3506
-2633
-1830
-1233
-879
-466
-102
266
1078
1882
2645
3456
3944
4286
4588
4748
4804
4804
4872
4946
5099
5179
5101
4933
4534
3953
3159
2061
1063
335
4
70
439
1127
1928
2555
2760
2460
1722
569
-316
-668
-926
-867
-447
-39
385
465
-151
-1097
-2105
-3224
-4285
-4953
-5475
-5570
-5246
-5061
-4931
-5155
-5897
-6655
-7658
-8653
-9160
-9417
-9027
-7975
-6905
-6073
-5572
-5658
-6118
-6958
-7959
-8669
-8965
-8987
-8660
-8083
-7474
-7045
-6936
-7198
-7751
-8281
-8761
-9108
-9151
-9101
-8953
-8460
-7878
-7439
-7199
-7288
-7424
-7406
-7225
-6896
-6407
-5737
-4940
-4146
-3625
-3366
-3362
-3618
-3930
-4070
-4159
-4027
-3663
-3257
-2715
-2224
-1995
-1843
-1806
-1936
-2114
-2330
-2400
-2251
-2000
-1721
-1431
-1152
-981
-920
-902
-898
-840
-679
-382
-2
351
590
694
692
568
382
200
81
186
427
649
944
1202
1332
1449
1416
1299
1230
1165
1120
1167
1332
1475
1554
1576
1601
1561
1431
1358
1431
1562
1839
2196
2494
2736
2857
2758
2628
2507
2372
2389
2604
2918
3239
3553
3781
3928
3984
3930
3891
3909
3902
4005
4238
4407
4564
4733
4936
5174
5380
5371
5417
5609
5828
6141
6525
6864
7289
7795
8065
8023
7910
7961
8114
8402
8748
9142
9493
9825
10135
10381
10352
10184
10327
10806
11204
11380
11698
12063
12324
12611
12711
12836
13195
13454
13790
14121
14270
14307
14500
14713
14735
14754
14878
14938
14825
14365
13431
12259
11102
9950
8796
7660
7179
7247
7286
7349
7429
7241
6781
6173
5321
4285
3664
3486
3585
3830
4066
4097
4062
4021
3369
2294
1193
354
-10
-34
-8
-63
-186
-395
-925
-2164
-3622
-5041
-6424
-7176
-7304
-7018
-6573
-6109
-5633
-5451
-5719
-6250
-6873
-7519
-8054
-8178
-7811
-7171
-6349
-5664
-5239
-4885
-4747
-4897
-5235
-5598
-5816
-5802
-5451
-4989
-4561
-4215
-4096
-4117
-4351
-4640
-4883
-5099
-4919
-4354
-3712
-3002
-2147
-1421
-996
-697
-419
-246
-14
321
686
1167
1709
2259
2660
2871
3077
3156
3196
3302
3418
3494
3594
3729
3709
3564
3337
2911
2404
1915
1502
1387
1458
1696
2042
2429
2765
2735
2232
1434
454
-508
-1133
-1400
-1361
-1035
-552
-188
-236
-859
-1939
-3176
-4335
-5140
-5439
-5331
-4796
-4039
-3551
-3526
-4131
-5241
-6514
-7779
-8605
-8717
-8235
-7302
-6073
-5184
-4754
-4979
-5921
-7154
-8440
-9560
-9999
-9792
-9122
-8250
-7481
-7029
-7019
-7544
-8397
-9423
-10229
-10575
-10401
-9788
-8949
-8059
-7376
-7106
-7160
-7512
-8014
-8372
-8488
-8176
-7447
-6465
-5407
-4499
-3932
-3781
-3988
-4339
-4735
-5040
-5107
-4912
-4411
-3693
-2990
-2440
-2116
-2087
-2230
-2462
-2751
-2879
-2828
-2537
-1978
-1375
-851
-480
-353
-404
-563
-732
-787
-610
-221
264
791
1213
1404
1406
1193
880
602
401
406
586
897
1255
1509
1656
1614
1433
1171
945
795
766
962
1266
1573
1829
1894
1766
1536
1290
1151
1158
1365
1727
2146
2553
2809
2847
2761
2530
2253
2100
2111
2281
2576
2927
3295
3604
3738
3719
3593
3419
3265
3223
3364
3668
4113
4557
4918
5133
5183
5152
5112
5085
5175
5405
5795
6432
7057
7400
7576
7665
7621
7661
7806
7935
8209
8570
9007
9497
9835
9899
10137
10579
10915
11211
11488
11686
11950
12177
12338
12712
13180
13456
14023
14772
15076
15188
15568
15813
15656
15706
15756
15588
15614
15653
16038
16537
16504
16503
16445
15637
14140
12918
11470
9982
8968
8386
8463
8742
8651
8486
8441
7648
6621
5999
4968
4230
4130
4210
4772
5022
4879
4989
4671
3654
2818
1876
653
-20
-198
-224
-224
-274
-484
-964
-2016
-3532
-4846
-6316
-7719
-8244
-8456
-8349
-7811
-7558
-7365
-7307
-7754
-8197
-8454
-8927
-9176
-8791
-8173
-7471
-6667
-6104
-5754
-5606
-5684
-5757
-5991
-6236
-6110
-5823
-5525
-5184
-4877
-4862
-5060
-5348
-5697
-6027
-6146
-6064
-5735
-5217
-4607
-3842
-3112
-2541
-2103
-1683
-1196
-618
