0
-140
-280
-419
-557
-693
-828
-960
-1088
-1214
-1337
-1455
-1569
-1679
-1783
-1883
-1977
-2066
-2149
-2226
-2296
-2361
-2419
-2471
-2516
-2554
-2586
-2612
-2631
-2644
-2650
-2650
-2644
-2632
-2615
-2593
-2565
-2532
-2495
-2454
-2409
-2360
-2308
-2254
-2197
-2139
-2079
-2018
-1956
-1895
-1833
-1773
-1714
-1657
-1602
-1550
-1501
-1455
-1414
-1377
-1345
-1319
-1298
-1283
-1275
-1273
-1278
-1291
-1311
-1339
-1375
-1419
-1471
-1532
-1601
-1679
-1765
-1860
-1963
-2075
-2194
-2322
-2458
-2601
-2752
-2910
-3075
-3246
-3423
-3606
-3794
-3987
-4185
-4385
-4590
-4796
-5005
-5215
-5426
-5638
-5849
-6058
-6266
-6472
-6674
-6873
-7067
-7255
-7438
-7615
-7784
-7945
-8098
-8242
-8375
-8499
-8611
-8712
-8801
-8877
-8941
-8991
-9026
-9048
-9055
-9047
-9024
-8985
-8930
-8860
-8774
-8671
-8552
-8418
-8267
-8100
-7917
-7719
-7505
-7275
-7031
-6772
-6499
-6213
-5912
-5599
-5274
-4936
-4588
-4229
-3860
-3482
-3095
-2701
-2299
-1891
-1478
-1061
-640
-215
210
637
1065
1492
1918
2341
2761
3177
3588
3993
4391
4783
5165
5539
5903
6257
6599
6929
7247
7552
7843
8120
8381
8628
8859
9074
9272
9454
9618
9766
9896
10008
10103
10180
10239
10281
10305
10312
10302
10274
10230
10170
10093
10001
9893
9771
9634
9483
9320
9143
8955
8755
8544
8323
8094
7855
7608
7355
7095
6830
6559
6285
6008
5728
5446
5164
4882
4600
4320
4041
3766
3494
3227
2965
2708
2457
2213
1977
1748
1528
1316
1114
921
739
566
405
254
114
-13
-131
-236
-330
-413
-484
-543
-592
-629
-654
-669
-674
-668
-652
-626
-591
-546
-494
-433
-364
-288
-206
-117
-23
76
180
288
399
513
630
748
867
987
1106
1225
1343
1459
1573
1683
1791
1894
1994
2088
2177
2261
2338
2410
2474
2531
2582
2624
2659
2686
2704
2714
2716
2710
2695
2671
2639
2598
2549
2492
2427
2353
2272
2184
2088
1985
1875
1759
1637
1509
1376
1238
1095
948
797
643
486
326
165
2
-161
-325
-490
-654
-818
-981
-1142
-1300
-1457
-1610
-1761
-1908
-2051
-2190
-2324
-2454
-2578
-2697
-2811
-2919
-3021
-3117
-3207
-3291
-3369
-3440
-3505
-3564
-3616
-3663
-3703
-3737
-3766
-3789
-3806
-3818
-3826
-3828
-3826
-3820
-3810
-3797
-3780
-3761
-3739
-3714
-3689
-3661
-3633
-3604
-3575
-3546
-3518
-3490
-3464
-3440
-3418
-3398
-3380
-3366
-3355
-3348
-3345
-3346
-3352
-3362
-3377
-3397
-3422
-3452
-3488
-3529
-3575
-3627
-3685
-3747
-3815
-3889
-3967
-4050
-4138
-4230
-4327
-4427
-4531
-4639
-4749
-4862
-4977
-5094
-5212
-5331
-5451
-5570
-5689
-5806
-5922
-6036
-6147
-6255
-6359
-6459
-6553
-6642
-6726
-6802
-6871
-6933
-6987
-7032
-7068
-7094
-7110
-7116
-7111
-7094
-7066
-7026
-6974
-6910
-6832
-6742
-6639
-6522
-6393
-6250
-6093
-5923
-5740
-5544
-5334
-5112
-4877
-4629
-4370
-4098
-3815
-3521
-3216
-2901
-2576
-2242
-1900
-1549
-1191
-826
-456
-79
301
686
1074
1464
1857
2250
2643
3035
3426
3814
4199
4581
4957
5327
5692
6049
6397
6738
7068
7389
7698
7996
8282
8554
8814
9059
9290
9505
9705
9890
10058
10209
10343
10461
10560
10643
10707
10754
10783
10794
10788
10763
10722
10663
10586
10493
10384
10258
10117
9960
9789
9603
9403
9190
8965
8727
8478
8219
7950
7672
7385
7090
6789
6482
6170
5853
5533
5210
4886
4560
4234
3909
3585
3264
2946
2632
2322
2018
1720
1429
1145
869
603
345
98
-138
-364
-578
-780
-971
-1148
-1313
-1465
-1603
-1728
-1839
-1937
-2020
-2090
-2146
-2189
-2217
-2233
-2235
-2224
-2200
-2164
-2116
-2056
-1985
-1903
-1811
-1709
-1598
-1478
-1350
-1214
-1071
-922
-768
-608
-444
-277
-107
65
239
414
589
764
937
1109
1278
1443
1605
1763
1915
2061
2202
2336
2462
2581
2691
2793
2886
2969
3043
3107
3161
3204
3236
3258
3268
3268
3256
3234
3200
3155
3099
3033
2956
2868
2770
2662
2545
2418
2281
2137
1983
1822
1654
1478
1296
1108
914
716
512
305
95
-118
-334
-552
-771
-990
-1210
-1429
-1648
-1864
-2079
-2292
-2501
-2707
-2909
-3107
-3300
-3487
-3670
-3846
-4016
-4180
-4336
-4486
-4629
-4763
-4891
-5010
-5122
-5226
-5321
-5409
-5488
-5560
-5624
-5679
-5727
-5767
-5800
-5826
-5844
-5856
-5861
-5859
-5852
-5839
-5820
-5796
-5768
-5735
-5698
-5657
-5613
-5566
-5516
-5465
-5411
-5356
-5300
-5244
-5187
-5130
-5074
-5018
-4963
-4910
-4858
-4808
-4761
-4715
-4673
-4633
-4596
-4562
-4531
-4504
-4480
-4459
-4442
-4428
-4418
-4411
-4408
-4407
-4410
-4415
-4423
-4434
-4447
-4462
-4479
-4497
-4516
-4536
-4557
-4578
-4598
-4618
-4637
-4655
-4670
-4683
-4694
-4702
-4706
-4706
-4701
-4692
-4678
-4658
-4632
-4600
-4560
-4514
-4460
-4399
-4329
-4251
-4164
-4068
-3964
-3850
-3726
-3593
-3450
-3298
-3135
-2963
-2781
-2590
-2388
-2178
-1958
-1728
-1490
-1243
-987
-724
-453
-174
111
403
701
1005
1314
1627
1945
2265
2589
2914
3241
3569
3897
4224
4550
4874
5196
5514
5828
6137
6441
6738
7029
7312
7587
7852
8109
8355
8590
8814
9025
9225
9411
9584
9743
9887
10017
10132
10231
10314
10382
10433
10469
10487
10489
10475
10444
10397
10333
10253
10157
10045
9917
9774
9616
9443
9256
9055
8841
8614
8375
8125
7863
7591
7309
7019
6720
6413
6100
5781
5457
5128
4795
4460
4124
3786
3447
3110
2773
2440
2109
1782
1459
1142
832
528
232
-55
-333
-602
-861
-1109
-1345
-1570
-1782
-1982
-2168
-2340
-2499
-2644
-2774
-2889
-2990
-3076
-3147
-3203
-3244
-3270
-3282
-3279
-3261
-3230
-3184
-3126
-3054
-2969
-2872
-2763
-2642
-2511
-2370
-2218
-2058
-1890
-1714
-1530
-1341
-1145
-945
-741
-534
-324
-112
100
314
526
738
947
1154
1357
1555
1749
1937
2119
2294
2461
2620
2770
2911
3041
3162
3271
3370
3456
3531
3593
3643
3680
3704
3715
3712
3696
3667
3625
3569
3499
3417
3322
3214
3093
2960
2816
2659
2492
2313
2124
1926
1718
1501
1275
1042
801
554
301
43
-219
-487
-757
-1031
-1306
-1583
-1860
-2138
-2415
-2691
-2965
-3236
-3504
-3768
-4028
-4283
-4532
-4776
-5012
-5242
-5464
-5678
-5884
-6080
-6268
-6446
-6614
-6772
-6920
-7057
-7184
-7300
-7405
-7499
-7582
-7654
-7715
-7765
-7804
-7832
-7850
-7857
-7854
-7841
-7818
-7786
-7745
-7695
-7636
-7569
-7495
-7413
-7324
-7228
-7127
-7020
-6907
-6790
-6669
-6543
-6415
-6283
-6149
-6012
-5874
-5735
-5595
-5455
-5315
-5175
-5036
-4898
-4761
-4626
-4494
-4363
-4235
-4110
-3988
-3869
-3753
-3641
-3532
-3427
-3326
-3228
-3134
-3044
-2957
-2874
-2794
-2717
-2644
-2573
-2506
-2441
-2378
-2318
-2259
-2202
-2146
-2092
-2038
-1984
-1931
-1877
-1822
-1767
-1710
-1652
-1591
-1528
-1463
-1394
-1323
-1247
-1168
-1084
-996
-903
-805
-702
-594
-480
-360
-234
-102
34
178
329
485
647
816
991
1171
1358
1550
1747
1950
2158
2370
2587
2808
3032
3260
3491
3725
3961
4198
4437
4676
4915
5154
5392
5629
5863
6095
6324
6549
6770
6986
7197
7401
7599
7789
7972
8147
8313
8470
8616
8753
8879
8993
9096
9187
9266
9333
9386
9426
9452
9465
9465
9450
9421
9378
9321
9250
9164
9065
8952
8825
8685
8531
8365
8185
7994
7790
7575
7349
7112
6865
6609
6344
6070
5788
5500
5205
4904
4598
4288
3974
3658
3339
3019
2699
2378
2059
1741
1426
1115
807
504
207
-83
-367
-643
-911
-1170
-1420
-1659
-1887
-2105
-2310
-2504
-2685
-2852
-3007
-3147
-3274
-3386
-3484
-3568
-3637
-3691
-3730
-3754
-3764
-3759
-3740
-3707
-3659
-3598
-3524
-3436
-3335
-3223
-3098
-2963
-2816
-2660
-2493
-2318
-2134
-1943
-1745
-1541
-1331
-1116
-898
-676
-452
-226
0
