0
248
507
789
1106
1465
1868
2303
2741
3144
3466
3669
3732
3662
3492
3275
3073
2933
2878
2894
2937
2942
2847
2613
2239
1769
1278
851
560
434
450
537
593
517
241
-242
-881
-1568
-2173
-2585
-2745
-2667
-2442
-2212
-2129
-2314
-2815
-3593
-4533
-5470
-6242
-6736
-6921
-6858
-6682
-6558
-6629
-6973
-7575
-8327
-9064
-9612
-9840
-9705
-9270
-8680
-8127
-7790
-7778
-8098
-8651
-9261
-9730
-9896
-9689
-9152
-8429
-7729
-7259
-7162
-7476
-8116
-8901
-9608
-10034
-10060
-9682
-9012
-8244
-7588
-7211
-7181
-7446
-7851
-8187
-8253
-7924
-7187
-6151
-5013
-4003
-3311
-3035
-3151
-3521
-3936
-4182
-4103
-3654
-2908
-2040
-1267
-788
-714
-1045
-1659
-2355
-2912
-3153
-2999
-2486
-1758
-1013
-445
-183
-253
-568
-962
-1239
-1238
-879
-195
682
1560
2242
2588
2552
2197
1673
1167
852
830
1107
1595
2141
2577
2773
2677
2327
1840
1372
1070
1028
1260
1699
2222
2692
3000
3099
3020
2854
2725
2747
2986
3439
4035
4661
5190
5528
5638
5550
5351
5154
5064
5145
5407
5799
6241
6641
6935
7103
7174
7212
7293
7474
7775
8169
8592
8969
9239
9379
9417
9423
9487
9692
10079
10636
11296
11955
12507
12872
13028
13014
12919
12858
12928
13181
13606
14128
14637
15017
15189
15133
14894
14571
14278
14103
14080
14169
14265
14231
13938
13312
12365
11193
9957
8840
7991
7482
7286
7285
7300
7149
6704
5925
4879
3721
2646
1833
1391
1324
1534
1847
2065
2031
1670
1012
179
-653
-1319
-1713
-1831
-1768
-1697
-1811
-2260
-3102
-4279
-5625
-6916
-7927
-8501
-8594
-8289
-7769
-7265
-6988
-7064
-7498
-8176
-8895
-9429
-9595
-9308
-8606
-7638
-6619
-5764
-5230
-5069
-5215
-5515
-5780
-5845
-5625
-5142
-4518
-3933
-3570
-3551
-3892
-4496
-5176
-5705
-5888
-5614
-4894
-3856
-2709
-1685
-964
-629
-641
-852
-1054
-1038
-664
103
1179
2388
3515
4366
4827
4891
4656
4289
3969
3832
3927
4201
4520
4712
4628
4189
3422
2451
1469
675
225
175
468
950
1411
1649
1526
1011
186
-777
-1670
-2307
-2576
-2478
-2116
-1670
-1339
-1286
-1589
-2226
-3081
-3985
-4768
-5309
-5574
-5618
-5569
-5582
-5787
-6248
-6940
-7752
-8526
-9096
-9345
-9241
-8844
-8296
-7779
-7460
-7451
-7770
-8343
-9021
-9627
-10005
-10066
-9807
-9314
-8733
-8228
-7935
-7923
-8178
-8612
-9091
-9475
-9657
-9594
-9312
-8896
-8458
-8103
-7892
-7829
-7858
-7883
-7802
-7535
-7056
-6397
-5643
-4907
-4300
-3895
-3709
-3703
-3788
-3855
-3806
-3582
-3177
-2639
-2055
-1525
-1132
-923
-896
-1003
-1165
-1300
-1342
-1258
-1057
-779
-482
-223
-39
63
106
131
182
293
469
691
917
1095
1184
1164
1044
860
668
521
462
503
630
800
961
1065
1083
1017
894
764
681
689
807
1027
1312
1615
1885
2090
2223
2304
2372
2474
2647
2904
3231
3587
3916
4167
4305
4329
4269
4185
4145
4209
4410
4744
5170
5619
6017
6302
6448
6469
6420
6380
6431
6633
7006
7524
8118
8697
9169
9470
9582
9535
9403
9283
9266
9413
9739
10205
10735
11234
11619
11842
11905
11862
11802
11825
12010
12393
12956
13627
14299
14862
15231
15372
15305
15106
14876
14715
14689
14806
15017
15218
15287
15111
14625
13827
12785
11621
10480
9492
8743
8246
7951
7751
7523
7161
6606
5867
5014
4164
3440
2941
2711
2724
2893
3095
3200
3112
2790
2261
1605
929
336
-113
-417
-634
-868
-1234
-1825
-2679
-3763
-4978
-6182
-7223
-7985
-8410
-8517
-8392
-8163
-7963
-7891
-7986
-8217
-8493
-8693
-8702
-8447
-7919
-7178
-6335
-5525
-4867
-4436
-4242
-4237
-4329
-4417
-4421
-4312
-4116
-3906
-3776
-3807
-4039
-4450
-4957
-5433
-5744
-5785
-5506
-4933
-4154
-3303
-2514
-1887
-1463
-1208
-1030
-806
-422
191
1035
2040
3083
4023
4735
5153
5277
5174
4956
4739
4610
4600
4674
4745
4704
4461
3975
3280
2473
1699
1104
795
809
1093
1523
1931
2155
2087
1699
1057
298
-405
-899
-1091
-979
-656
-277
-25
-48
-425
-1139
-2082
-3092
-3995
-4659
-5030
-5147
-5124
-5118
-5271
-5670
-6311
-7101
-7882
-8476
-8740
-8614
-8137
-7446
-6737
-6211
-6020
-6222
-6764
-7496
-8218
-8730
-8895
-8675
-8143
-7461
-6833
-6449
-6427
-6787
-7438
-8214
-8915
-9369
-9475
-9233
-8737
-8143
-7622
-7305
-7248
-7412
-7680
-7892
-7895
-7594
-6977
-6123
-5183
-4335
-3731
-3459
-3515
-3805
-4176
-4455
-4503
-4250
-3716
-3001
-2257
-1643
-1281
-1225
-1444
-1841
-2276
-2609
-2741
-2632
-2314
-1872
-1416
-1048
-831
-775
-836
-935
-982
-910
-690
-343
69
465
767
923
924
804
627
470
399
452
628
890
1180
1432
1597
1647
1590
1454
1287
1133
1029
989
1013
1083
1179
1285
1392
1505
1632
1782
1958
2153
2350
2528
2666
2754
2794
2802
2804
2827
2891
3004
3158
3332
3499
3634
3721
3762
3771
3772
3791
3848
3951
4095
4261
4428
4579
4705
4815
4928
5072
5275
5553
5908
6323
6767
7199
7581
7885
8099
8231
8304
8353
8412
8512
8671
8893
9169
9479
9799
10107
10384
10623
10827
11005
11177
11362
11581
11847
12166
12530
12923
13317
13682
13991
14223
14370
14441
14452
14427
14386
14336
14268
14155
13957
13633
13154
12517
11747
10900
10054
9288
8664
8213
7921
7735
7578
7364
7029
6548
5945
5287
4667
4179
3887
3806
3895
4064
4201
4196
3976
3524
2880
2133
1388
736
226
-151
-461
-804
-1281
-1961
-2855
-3903
-4991
-5974
-6721
-7151
-7253
-7097
-6809
-6536
-6407
-6493
-6784
-7199
-7605
-7859
-7855
-7553
-6992
-6283
-5577
-5019
-4706
-4666
-4848
-5140
-5409
-5540
-5474
-5222
-4862
-4510
-4279
-4243
-4405
-4694
-4988
-5145
-5050
-4650
-3977
-3134
-2270
-1535
-1034
-797
-773
-841
-855
-687
-268
386
1185
1984
2635
3028
3128
2984
2714
2464
2364
2481
2802
3232
3631
3855
3807
3475
2935
2338
1859
1643
1760
2176
2758
3310
3630
3574
3093
2260
1244
262
-481
-860
-862
-597
-258
-70
-215
-775
-1709
-2858
-3994
-4887
-5375
-5416
-5097
-4614
-4209
-4099
-4404
-5112
-6079
-7069
-7827
-8157
-7980
-7367
-6521
-5715
-5222
-5225
-5771
-6749
-7924
-9005
-9726
-9926
-9595
-8873
-8012
-7298
-6965
-7131
-7759
-8670
-9598
-10268
-10475
-10147
-9363
-8329
-7315
-6578
-6281
-6453
-6977
-7630
-8150
-8315
-8008
-7252
-6202
-5101
-4203
-3705
-3686
-4089
-4735
-5381
-5790
-5797
-5358
-4555
-3574
-2646
-1979
-1700
-1821
-2239
-2769
-3204
-3372
-3184
-2660
-1916
-1128
-478
-102
-51
-283
-677
-1070
-1312
-1302
-1017
-516
83
642
1039
1208
1151
934
663
453
391
514
800
1179
1558
1847
1986
1961
1803
1577
1362
1223
1197
1284
1452
1646
1810
1902
1905
1833
1719
1607
1541
1547
1633
1789
1988
2203
2407
2583
2726
2839
2929
3001
3060
3106
3135
3147
3147
3143
3148
3177
3240
3343
3480
3643
3818
3991
4155
4310
4462
4620
4799
5006
5247
5521
5825
6153
6503
6871
7257
7656
8062
8461
8834
9162
9425
9617
9741
9816
9872
9943
10062
10246
10502
10816
11167
11527
11876
12204
12517
12830
13162
13529
13930
14350
14758
15117
15398
15583
15681
15718
15736
15776
15859
15980
16101
16157
16073
15783
15251
14487
13547
12526
11532
10666
9991
9523
9223
9013
8797
8493
8053
7477
6816
6151
5571
5145
4899
4807
4798
4775
4646
4346
3862
3232
2534
1862
1294
869
569
322
23
-435
-1135
-2097
-3275
-4560
-5807
-6867
-7623
-8022
-8088
-7908
-7613
-7345
-7212
-7269
-7505
-7844
-8177
-8387
-8387
-8141
-7677
-7071
-6437
-5885
-5502
-5326
-5341
-5489
-5684
-5843
-5910
-5869
-5748
-5610
-5527
-5562
-5741
-6046
-6409
-6733
-6908
-6842
-6484
-5835
-4952
-3935
-2902
-1968
-1209
-655
-276
0
