0
-16
-34
-51
-68
-87
-105
-124
-145
-165
-187
-210
-234
-260
-286
-314
-344
-375
-408
-442
-478
-515
-554
-595
-638
-683
-729
-777
-827
-879
-932
-987
-1044
-1102
-1162
-1223
-1286
-1351
-1416
-1483
-1551
-1620
-1691
-1762
-1834
-1907
-1980
-2054
-2129
-2204
-2280
-2355
-2431
-2507
-2583
-2659
-2735
-2811
-2887
-2962
-3036
-3111
-3185
-3258
-3331
-3403
-3474
-3545
-3615
-3684
-3752
-3820
-3887
-3953
-4018
-4082
-4145
-4208
-4270
-4331
-4391
-4450
-4508
-4566
-4622
-4678
-4733
-4787
-4840
-4893
-4944
-4995
-5044
-5093
-5140
-5187
-5232
-5276
-5319
-5360
-5400
-5439
-5475
-5510
-5544
-5575
-5604
-5631
-5655
-5677
-5696
-5712
-5725
-5734
-5740
-5742
-5741
-5735
-5724
-5709
-5690
-5665
-5634
-5598
-5557
-5509
-5455
-5394
-5327
-5253
-5171
-5083
-4986
-4882
-4770
-4650
-4521
-4384
-4239
-4085
-3922
-3751
-3570
-3381
-3183
-2976
-2761
-2536
-2303
-2061
-1811
-1553
-1286
-1012
-730
-441
-144
158
467
783
1104
1430
1762
2097
2436
2779
3124
3471
3820
4170
4520
4871
5220
5567
5913
6255
6594
6929
7259
7583
7901
8212
8515
8809
9095
9371
9637
9891
10134
10365
10583
10787
10978
11154
11315
11462
11592
11706
11804
11885
11949
11996
12025
12037
12031
12007
11965
11906
11828
11733
11621
11491
11344
11181
11001
10804
10592
10365
10123
9867
9597
9315
9019
8712
8394
8066
7728
7381
7026
6664
6296
5922
5544
5162
4778
4391
4004
3616
3229
2844
2462
2083
1708
1339
976
619
271
-69
-400
-722
-1033
-1332
-1621
-1896
-2159
-2409
-2645
-2867
-3074
-3267
-3445
-3608
-3755
-3887
-4003
-4104
-4189
-4260
-4315
-4355
-4380
-4391
-4388
-4371
-4341
-4298
-4243
-4176
-4098
-4009
-3910
-3803
-3686
-3562
-3431
-3294
-3151
-3004
-2853
-2699
-2542
-2384
-2226
-2068
-1911
-1756
-1603
-1454
-1310
-1170
-1036
-909
-788
-675
-570
-475
-388
-312
-245
-190
-145
-112
-91
-81
-83
-98
-125
-164
-215
-278
-354
-441
-540
-651
-772
-905
-1047
-1200
-1362
-1533
-1712
-1899
-2093
-2294
-2501
-2712
-2929
-3149
-3372
-3597
-3823
-4051
-4278
-4504
-4728
-4950
-5169
-5383
-5593
-5797
-5996
-6187
-6370
-6545
-6712
-6868
-7015
-7152
-7277
-7391
-7493
-7583
-7661
-7725
-7777
-7816
-7841
-7854
-7852
-7838
-7810
-7769
-7716
-7649
-7570
-7479
-7376
-7262
-7137
-7001
-6855
-6700
-6536
-6364
-6184
-5997
-5804
-5605
-5402
-5194
-4983
-4770
-4555
-4339
-4122
-3906
-3691
-3478
-3268
-3062
-2859
-2661
-2469
-2283
-2104
-1932
-1767
-1611
-1464
-1325
-1196
-1077
-968
-870
-782
-704
-637
-581
-535
-500
-476
-461
-457
-463
-478
-502
-534
-575
-623
-679
-741
-808
-881
-959
-1040
-1124
-1210
-1298
-1386
-1474
-1560
-1645
-1727
-1805
-1878
-1946
-2008
-2063
-2109
-2147
-2175
-2193
-2199
-2195
-2177
-2147
-2103
-2045
-1972
-1884
-1781
-1663
-1528
-1377
-1209
-1025
-825
-608
-375
-125
139
421
717
1029
1355
1695
2049
2415
2793
3182
3582
3992
4410
4836
5268
5707
6149
6596
7044
7494
7944
8392
8838
9280
9718
10149
10573
10988
11393
11787
12169
12537
12891
13229
13550
13853
14137
14402
14646
14868
15067
15244
15397
15525
15629
15707
15759
15784
15783
15756
15702
15620
15512
15377
15216
15028
14814
14575
14310
14021
13708
13372
13013
12633
12232
11811
11371
10914
10440
9951
9447
8931
8402
7864
7316
6760
6199
5632
5062
4490
3917
3344
2774
2208
1646
1091
544
5
-523
-1040
-1544
-2035
-2511
-2971
-3414
-3839
-4245
-4632
-4999
-5345
-5669
-5971
-6251
-6508
-6741
-6951
-7138
-7300
-7439
-7555
-7647
-7716
-7762
-7785
-7786
-7765
-7724
-7662
-7580
-7480
-7361
-7226
-7073
-6906
-6724
-6529
-6322
-6104
-5876
-5639
-5395
-5144
-4888
-4628
-4366
-4102
-3838
-3575
-3314
-3056
-2803
-2555
-2314
-2081
-1856
-1641
-1436
-1243
-1063
-895
-741
-601
-477
-368
-275
-198
-138
-95
-69
-60
-69
-95
-138
-198
-276
-369
-479
-605
-747
-903
-1073
-1257
-1454
-1663
-1884
-2115
-2355
-2605
-2863
-3127
-3397
-3672
-3952
-4234
-4517
-4802
-5086
-5369
-5649
-5926
-6199
-6466
-6726
-6979
-7224
-7460
-7685
-7900
-8102
-8293
-8470
-8634
-8783
-8917
-9036
-9139
-9226
-9297
-9351
-9388
-9408
-9411
-9397
-9366
-9318
-9254
-9173
-9076
-8964
-8836
-8693
-8536
-8366
-8182
-7986
-7778
-7559
-7330
-7091
-6844
-6590
-6328
-6061
-5788
-5512
-5233
-4951
-4668
-4385
-4103
-3823
-3545
-3270
-3000
-2735
-2475
-2223
-1978
-1741
-1513
-1295
-1087
-890
-703
-528
-366
-215
-77
47
159
259
345
418
478
525
560
582
592
591
578
554
520
476
424
362
293
217
134
46
-46
-142
-241
-343
-445
-548
-650
-751
-848
-943
-1032
-1117
-1195
-1266
-1329
-1383
-1428
-1462
-1485
-1497
-1495
-1481
-1453
-1411
-1354
-1282
-1195
-1092
-974
-839
-688
-520
-337
-137
77
309
556
818
1095
1386
1691
2010
2341
2683
3038
3402
3776
4159
4550
4947
5350
5758
6170
6584
7000
7416
7831
8245
8655
9061
9461
9855
10241
10618
10985
11341
11684
12014
12330
12631
12914
13181
13430
13659
13869
14058
14227
14373
14497
14598
14676
14731
14761
14768
14750
14708
14641
14550
14435
14296
14133
13946
13737
13505
13250
12975
12678
12361
12025
11670
11297
10908
10502
10082
9648
9201
8743
8274
7795
7309
6815
6316
5812
5305
4796
4286
3777
3269
2764
2263
1767
1278
796
322
-140
-593
-1035
-1464
-1879
-2280
-2666
-3036
-3390
-3726
-4045
-4345
-4626
-4889
-5132
-5355
-5559
-5742
-5905
-6048
-6171
-6274
-6357
-6420
-6465
-6490
-6496
-6485
-6456
-6409
-6347
-6268
-6175
-6067
-5945
-5811
-5664
-5506
-5339
-5161
-4975
-4782
-4582
-4377
-4167
-3953
-3736
-3517
-3298
-3079
-2860
-2644
-2430
-2220
-2014
-1814
-1620
-1432
-1252
-1079
-916
-762
-618
-484
-360
-248
-148
-60
16
80
132
170
197
210
211
199
175
139
90
29
-42
-125
-219
-324
-438
-563
-696
-838
-987
-1144
-1308
-1478
-1654
-1834
-2019
-2207
-2399
-2592
-2787
-2983
-3180
-3375
-3570
-3763
-3954
-4142
-4327
-4508
-4684
-4855
-5020
-5179
-5332
-5478
-5617
-5748
-5872
-5987
-6094
-6192
-6281
-6362
-6433
-6496
-6549
-6593
-6628
-6654
-6672
-6680
-6680
-6671
-6655
-6630
-6597
-6558
-6511
-6457
-6397
-6331
-6259
-6182
-6100
-6014
-5924
-5830
-5734
-5634
-5532
-5429
-5324
-5218
-5112
-5005
-4899
-4793
-4688
-4585
-4483
-4383
-4286
-4191
-4099
-4009
-3923
-3841
-3762
-3686
-3614
-3546
-3482
-3422
-3366
-3313
-3264
-3219
-3177
-3139
-3104
-3072
-3042
-3016
-2991
-2969
-2949
-2930
-2912
-2895
-2878
-2862
-2845
-2828
-2810
-2791
-2770
-2746
-2721
-2692
-2660
-2625
-2586
-2542
-2494
-2441
-2383
-2319
-2249
-2174
-2092
-2004
-1909
-1807
-1698
-1582
-1459
-1329
-1191
-1047
-895
-735
-569
-395
-215
-28
165
366
572
784
1002
1226
1454
1687
1924
2165
2410
2657
2907
3160
3414
3669
3925
4181
4437
4692
4946
5197
5447
5693
5936
6175
6410
6639
6864
7082
7294
7499
7696
7886
8068
8241
8405
8560
8706
8841
8966
9081
9185
9278
9360
9430
9489
9537
9573
9597
9610
9611
9600
9578
9544
9498
9442
9374
9295
9206
9106
8995
8875
8745
8606
8457
8300
8134
7961
7780
7591
7396
7195
6988
6775
6557
6335
6109
5879
5646
5410
5172
4933
4692
4450
4208
3966
3725
3485
3246
3009
2774
2542
2313
2088
1866
1648
1435
1226
1023
824
632
445
264
90
-77
-238
-392
-539
-680
-812
-938
-1056
-1167
-1270
-1365
-1453
-1533
-1606
-1671
-1728
-1778
-1821
-1856
-1884
-1905
-1919
-1926
-1926
-1920
-1907
-1888
-1863
-1831
-1795
-1752
-1705
-1652
-1594
-1532
-1465
-1394
-1319
-1241
-1159
-1074
-985
-894
-801
-706
-608
-509
-409
-308
-205
-103
0
