0
-33
11
195
546
1055
1678
2347
2984
3518
3904
4125
4197
4160
4068
3972
3907
3883
3882
3864
3779
3577
3230
2740
2140
1497
889
396
70
-73
-65
22
92
53
-162
-570
-1131
-1753
-2324
-2736
-2924
-2885
-2687
-2452
-2321
-2418
-2807
-3474
-4327
-5219
-5993
-6530
-6784
-6800
-6698
-6637
-6765
-7164
-7822
-8627
-9402
-9952
-10126
-9872
-9251
-8434
-7646
-7110
-6975
-7273
-7910
-8691
-9379
-9771
-9752
-9337
-8663
-7947
-7419
-7252
-7512
-8133
-8943
-9713
-10233
-10366
-10092
-9508
-8792
-8143
-7720
-7588
-7703
-7925
-8070
-7968
-7522
-6737
-5726
-4672
-3778
-3201
-3008
-3158
-3517
-3897
-4115
-4047
-3664
-3037
-2312
-1666
-1250
-1150
-1357
-1778
-2261
-2643
-2799
-2670
-2284
-1736
-1160
-685
-396
-310
-374
-484
-520
-381
-21
535
1202
1851
2350
2601
2563
2271
1819
1339
960
779
832
1087
1457
1828
2090
2171
2056
1790
1463
1183
1043
1099
1347
1736
2179
2585
2883
3048
3102
3107
3141
3271
3531
3909
4348
4768
5092
5266
5284
5188
5056
4976
5024
5240
5613
6093
6604
7071
7442
7702
7874
8005
8147
8334
8571
8831
9070
9244
9337
9366
9386
9474
9704
10115
10697
11387
12079
12657
13031
13165
13092
12904
12729
12689
12862
13255
13803
14391
14887
15187
15250
15111
14865
14632
14514
14548
14687
14809
14748
14351
13532
12309
10815
9266
7907
6939
6463
6442
6713
7027
7124
6813
6026
4845
3476
2192
1248
807
889
1366
1998
2511
2674
2371
1633
622
-420
-1258
-1737
-1832
-1662
-1451
-1453
-1870
-2782
-4115
-5656
-7115
-8208
-8745
-8689
-8162
-7418
-6757
-6442
-6612
-7248
-8174
-9117
-9786
-9966
-9576
-8700
-7553
-6416
-5549
-5119
-5146
-5509
-5988
-6341
-6377
-6027
-5356
-4545
-3832
-3431
-3465
-3920
-4649
-5412
-5948
-6052
-5634
-4745
-3562
-2331
-1297
-633
-393
-500
-776
-1001
-974
-578
192
1236
2373
3408
4179
4609
4714
4594
4390
4240
4228
4364
4577
4747
4740
4460
3879
3053
2112
1222
544
187
178
451
871
1264
1465
1365
938
245
-580
-1374
-1981
-2303
-2323
-2108
-1793
-1539
-1494
-1745
-2304
-3097
-3992
-4835
-5495
-5901
-6060
-6053
-6010
-6066
-6321
-6802
-7460
-8175
-8795
-9181
-9252
-9009
-8543
-8006
-7573
-7390
-7529
-7970
-8604
-9263
-9773
-10001
-9893
-9493
-8923
-8352
-7942
-7803
-7959
-8349
-8842
-9284
-9539
-9534
-9272
-8831
-8334
-7907
-7640
-7556
-7608
-7692
-7684
-7480
-7030
-6354
-5541
-4721
-4027
-3562
-3366
-3407
-3596
-3809
-3925
-3861
-3589
-3146
-2612
-2092
-1682
-1442
-1383
-1470
-1630
-1778
-1842
-1778
-1581
-1281
-930
-586
-295
-77
71
179
282
414
590
805
1033
1236
1375
1423
1376
1251
1086
930
825
803
870
1010
1188
1362
1495
1563
1565
1518
1453
1403
1394
1436
1526
1644
1768
1882
1980
2070
2173
2308
2492
2722
2980
3234
3448
3595
3668
3683
3680
3709
3818
4037
4366
4775
5211
5612
5927
6133
6238
6283
6327
6431
6637
6958
7371
7828
8267
8634
8897
9057
9143
9205
9296
9455
9697
10008
10351
10682
10957
11156
11282
11364
11448
11583
11807
12138
12566
13058
13562
14024
14396
14649
14780
14812
14786
14759
14781
14890
15094
15366
15641
15831
15836
15566
14971
14052
12871
11543
10216
9040
8127
7526
7211
7085
7004
6823
6434
5798
4964
4049
3210
2598
2305
2341
2621
2992
3275
3316
3035
2448
1663
843
157
-276
-433
-390
-308
-381
-782
-1600
-2814
-4287
-5809
-7143
-8098
-8579
-8608
-8314
-7893
-7548
-7428
-7586
-7972
-8446
-8833
-8972
-8768
-8224
-7432
-6549
-5750
-5171
-4879
-4851
-4992
-5166
-5245
-5146
-4861
-4457
-4052
-3778
-3739
-3971
-4436
-5020
-5571
-5932
-5987
-5689
-5072
-4237
-3321
-2462
-1760
-1249
-898
-621
-305
148
794
1626
2574
3524
4351
4951
5274
5333
5202
4988
4799
4710
4736
4827
4884
4792
4457
3848
3012
2070
1194
556
282
411
878
1523
2136
2512
2505
2075
1300
354
-536
-1164
-1398
-1221
-740
-157
289
394
39
-764
-1889
-3123
-4231
-5027
-5427
-5467
-5292
-5107
-5113
-5442
-6115
-7031
-7998
-8790
-9209
-9150
-8631
-7793
-6858
-6075
-5644
-5671
-6135
-6901
-7762
-8496
-8927
-8973
-8663
-8123
-7533
-7078
-6894
-7033
-7452
-8035
-8623
-9067
-9265
-9188
-8882
-8447
-8004
-7656
-7458
-7404
-7428
-7431
-7312
-7001
-6481
-5795
-5037
-4323
-3765
-3432
-3343
-3452
-3672
-3892
-4010
-3963
-3733
-3358
-2910
-2478
-2140
-1939
-1878
-1922
-2007
-2068
-2057
-1953
-1773
-1559
-1362
-1225
-1165
-1170
-1195
-1187
-1092
-882
-563
-174
217
543
746
802
725
567
397
286
286
411
639
920
1187
1385
1479
1468
1384
1277
1197
1184
1247
1367
1506
1616
1664
1636
1550
1447
1380
1395
1518
1741
2030
2329
2578
2734
2779
2730
2631
2541
2516
2589
2767
3027
3322
3600
3821
3962
4031
4057
4079
4136
4252
4426
4638
4857
5048
5191
5285
5350
5419
5530
5710
5966
6285
6631
6964
7248
7463
7614
7726
7840
7996
8223
8529
8896
9290
9665
9980
10210
10351
10421
10456
10499
10588
10751
11000
11327
11714
12133
12551
12941
13279
13549
13746
13876
13956
14012
14076
14174
14319
14503
14688
14808
14784
14538
14018
13218
12186
11024
9871
8867
8124
7691
7539
7570
7635
7583
7298
6742
5959
5074
4252
3650
3371
3425
3727
4115
4399
4414
4068
3376
2448
1463
608
22
-245
-260
-173
-186
-481
-1165
-2235
-3570
-4964
-6181
-7024
-7384
-7275
-6827
-6243
-5747
-5514
-5629
-6064
-6691
-7327
-7787
-7940
-7741
-7241
-6570
-5892
-5359
-5067
-5037
-5212
-5479
-5714
-5810
-5716
-5444
-5064
-4676
-4381
-4247
-4288
-4464
-4687
-4852
-4861
-4654
-4220
-3604
-2888
-2171
-1544
-1064
-743
-545
-402
-232
34
435
964
1575
2191
2734
3140
3383
3479
3478
3448
3447
3506
3609
3704
3714
3571
3241
2747
2171
1640
1285
1205
1429
1894
2460
2938
3146
2963
2370
1461
423
-514
-1152
-1376
-1201
-769
-307
-64
-228
-871
-1914
-3156
-4324
-5162
-5509
-5350
-4830
-4205
-3767
-3753
-4265
-5236
-6447
-7588
-8358
-8554
-8141
-7265
-6214
-5331
-4915
-5126
-5942
-7160
-8461
-9503
-10027
-9929
-9293
-8358
-7447
-6866
-6811
-7314
-8235
-9309
-10228
-10735
-10696
-10141
-9243
-8261
-7461
-7031
-7029
-7372
-7862
-8260
-8354
-8029
-7300
-6303
-5256
-4386
-3869
-3774
-4048
-4536
-5031
-5331
-5301
-4906
-4219
-3390
-2607
-2035
-1771
-1824
-2115
-2504
-2833
-2972
-2854
-2485
-1944
-1349
-825
-466
-311
-338
-474
-619
-681
-599
-362
-9
384
735
972
1061
1014
881
735
645
659
783
987
1208
1378
1443
1383
1218
1004
814
715
746
909
1164
1443
1674
1805
1819
1739
1626
1552
1578
1731
1996
2316
2610
2800
2836
2714
2482
2222
2030
1985
2123
2430
2837
3252
3577
3746
3740
3594
3386
3208
3144
3240
3495
3861
4264
4625
4888
5038
5097
5125
5187
5341
5610
5982
6409
6828
7179
7424
7561
7620
7656
7727
7882
8142
8499
8921
9364
9787
10161
10477
10746
10985
11215
11450
11695
11950
12213
12487
12786
13125
13519
13972
14465
14960
15405
15744
15940
15987
15916
15791
15692
15689
15816
16052
16322
16507
16477
16127
15407
14351
13065
11712
10472
9491
8847
8530
8443
8434
8339
8035
7471
6690
5811
4994
4394
4107
4142
4412
4758
4993
4958
4565
3826
2849
1804
874
197
-172
-285
-280
-343
-654
-1327
-2380
-3720
-5172
-6523
-7579
-8220
-8429
-8288
-7955
-7613
-7417
-7449
-7702
-8087
-8463
-8683
-8643
-8312
-7736
-7029
-6334
-5784
-5462
-5386
-5505
-5723
-5931
-6038
-6000
-5829
-5584
-5350
-5207
-5208
-5358
-5618
-5908
-6137
-6220
-6100
-5760
-5221
-4533
-3764
-2982
-2241
-1575
-991
-476
0
