0,0.0,amplitude,frequency (Hz)

-716
-818
-919
-1020
-1120
-1220
-1320
-1419
-1517
-1615
-1712
-1808
-1904
-1999
-2093
-2186
-2279
-2370
-2461
-2550
-2639
-2726
-2813
-2898
-2982
-3065
-3147
-3227
-3306
-3384
-3460
-3535
-3609
-3681
-3752
-3821
-3888
-3954
-4019
-4082
-4143
-4202
-4260
-4316
-4371
-4423
-4474
-4523
-4570
-4616
-4659
-4701
-4741
-4778
-4814
-4848
-4880
-4910
-4938
-4965
-4989
-5011
-5031
-5049
-5065
-5079
-5091
-5101
-5109
-5114
-5118
-5120
-5119
-5117
-5112
-5106
-5097
-5087
-5074
-5059
-5042
-5024
-5003
-4980
-4955
-4928
-4899
-4869
-4836
-4801
-4764
-4726
-4685
-4643
-4599
-4553
-4505
-4455
-4404
-4350
-4295
-4239
-4180
-4120
-4058
-3995
-3930
-3863
-3795
-3725
-3654
-3581
-3507
-3432
-3355
-3277
-3197
-3116
-3034
-2951
-2866
-2781
-2694
-2606
-2517
-2427
-2336
-2244
-2152
-2058
-1963
-1868
-1772
-1676
-1578
-1480
-1382
-1282
-1183
-1083
-982
-881
-780
-678
-576
-474
-371
-269
-166
-64
38
141
243
346
448
550
652
754
856
957
1057
1158
1257
1357
1456
1554
1651
1748
1844
1940
2034
2128
2221
2313
2404
2495
2584
2672
2759
2845
2930
3013
3096
3177
3257
3335
3413
3489
3563
3636
3708
3778
3846
3913
3979
4043
4105
4165
4224
4281
4337
4391
4442
4493
4541
4587
4632
4675
4716
4755
4792
4827
4861
4892
4921
4948
4974
4997
5019
5038
5055
5070
5084
5095
5104
5111
5116
5119
5120
5119
5116
5110
5103
5094
5082
5069
5053
5036
5016
4994
4971
4945
4918
4888
4856
4823
4788
4750
4711
4670
4627
4582
4535
4486
4436
4384
4330
4274
4217
4158
4097
4035
3971
3905
3838
3769
3699
3627
3554
3479
3403
3326
3247
3167
3086
3003
2919
2834
2748
2661
2573
2483
2393
2302
2210
2117
2023
1928
1832
1736
1639
1541
1443
1344
1245
1145
1045
944
843
741
640
538
435
333
231
128
25
-77
-179
-282
-384
-487
-589
-691
-792
-894
-995
-1095
-1195
-1295
-1394
-1492
-1590
-1688
-1784
-1880
-1975
-2070
-2163
-2256
-2348
-2438
-2528
-2617
-2705
-2791
-2877
-2961
-3044
-3126
-3207
-3286
-3365
-3441
-3517
-3591
-3663
-3734
-3804
-3872
-3938
-4003
-4066
-4128
-4188
-4246
-4302
-4357
-4410
-4461
-4511
-4559
-4604
-4648
-4691
-4731
-4769
-4805
-4840
-4872
-4903
-4932
-4958
-4983
-5005
-5026
-5045
-5061
-5076
-5088
-5099
-5107
-5113
-5117
-5120
-5120
-5118
-5114
-5108
-5100
-5090
-5077
-5063
-5047
-5028
-5008
-4986
-4961
-4935
-4907
-4876
-4844
-4810
-4774
-4736
-4696
-4654
-4610
-4564
-4517
-4468
-4417
-4364
-4309
-4253
-4195
-4135
-4074
-4011
-3946
-3880
-3812
-3743
-3672
-3600
-3526
-3451
-3374
-3296
-3217
-3137
-3055
-2972
-2887
-2802
-2716
-2628
-2539
-2450
-2359
-2267
-2175
-2081
-1987
-1892
-1796
-1700
-1603
-1505
-1406
-1307
-1208
-1108
-1007
-906
-805
-703
-602
-499
-397
-295
-192
-89
12
115
218
320
423
525
627
729
830
931
1032
1133
1233
1332
1431
1529
1627
1724
1820
1916
2011
2105
2198
2290
2382
2472
2562
2650
2737
2824
2909
2993
3075
3157
3237
3316
3393
3470
3545
3618
3690
3760
3829
3897
3962
4027
4089
4150
4210
4267
4323
4377
4430
4480
4529
4576
4621
4664
4706
4745
4783
4819
4852
4884
4914
4942
4968
4992
5013
5033
5051
5067
5081
5092
5102
5109
5115
5118
5120
5119
5117
5112
5105
5096
5085
5072
5057
5040
5021
5000
4977
4952
4925
4896
4865
4832
4797
4760
4721
4680
4638
4593
4547
4499
4449
4397
4344
4288
4231
4173
4112
4050
3987
3922
3855
3786
3716
3645
3572
3498
3422
3345
3267
3187
3106
3024
2940
2856
2770
2683
2595
2506
2416
2325
2233
2140
2046
1952
1856
1760
1663
1566
1468
1369
1270
1170
1070
969
868
767
665
563
461
359
256
154
51
-51
-154
-256
-359
-461
-563
-665
-767
-868
-969
-1070
-1170
-1270
-1369
-1468
-1566
-1663
-1760
-1856
-1952
-2046
-2140
-2233
-2325
-2416
-2506
-2595
-2683
-2770
-2856
-2940
-3024
-3106
-3187
-3267
-3345
-3422
-3498
-3572
-3645
-3716
-3786
-3855
-3922
-3987
-4050
-4112
-4173
-4231
-4288
-4344
-4397
-4449
-4499
-4547
-4593
-4638
-4680
-4721
-4760
-4797
-4832
-4865
-4896
-4925
-4952
-4977
-5000
-5021
-5040
-5057
-5072
-5085
-5096
-5105
-5112
-5117
-5119
-5120
-5118
-5115
-5109
-5102
-5092
-5081
-5067
-5051
-5033
-5013
-4992
-4968
-4942
-4914
-4884
-4852
-4819
-4783
-4745
-4706
-4664
-4621
-4576
-4529
-4480
-4430
-4377
-4323
-4267
-4210
-4150
-4089
-4027
-3962
-3897
-3829
-3760
-3690
-3618
-3545
-3470
-3393
-3316
-3237
-3157
-3075
-2993
-2909
-2824
-2737
-2650
-2562
-2472
-2382
-2290
-2198
-2105
-2011
-1916
-1820
-1724
-1627
-1529
-1431
-1332
-1233
-1133
-1032
-931
-830
-729
-627
-525
-423
-320
-218
-115
-12
89
192
295
397
499
602
703
805
906
1007
1108
1208
1307
1406
1505
1603
1700
1796
1892
1987
2081
2175
2267
2359
2450
2539
2628
2716
2802
2887
2972
3055
3137
3217
3296
3374
3451
3526
3600
3672
3743
3812
3880
3946
4011
4074
4135
4195
4253
4309
4364
4417
4468
4517
4564
4610
4654
4696
4736
4774
4810
4844
4876
4907
4935
4961
4986
5008
5028
5047
5063
5077
5090
5100
5108
5114
5118
5120
5120
5117
5113
5107
5099
5088
5076
5061
5045
5026
5005
4983
4958
4932
4903
4872
4840
4805
4769
4731
4691
4648
4604
4559
4511
4461
4410
4357
4302
4246
4188
4128
4066
4003
3938
3872
3804
3734
3663
3591
3517
3441
3365
3286
3207
3126
3044
2961
2877
2791
2705
2617
2528
2438
2348
2256
2163
2070
1975
1880
1784
1688
1590
1492
1394
1295
1195
1095
995
894
792
691
589
487
384
282
179
77
-25
-128
-231
-333
-435
-538
-640
-741
-843
-944
-1045
-1145
-1245
-1344
-1443
-1541
-1639
-1736
-1832
-1928
-2023
-2117
-2210
-2302
-2393
-2483
-2573
-2661
-2748
-2834
-2919
-3003
-3086
-3167
-3247
-3326
-3403
-3479
-3554
-3627
-3699
-3769
-3838
-3905
-3971
-4035
-4097
-4158
-4217
-4274
-4330
-4384
-4436
-4486
-4535
-4582
-4627
-4670
-4711
-4750
-4788
-4823
-4856
-4888
-4918
-4945
-4971
-4994
-5016
-5036
-5053
-5069
-5082
-5094
-5103
-5110
-5116
-5119
-5120
-5119
-5116
-5111
-5104
-5095
-5084
-5070
-5055
-5038
-5019
-4997
-4974
-4948
-4921
-4892
-4861
-4827
-4792
-4755
-4716
-4675
-4632
-4587
-4541
-4493
-4442
-4391
-4337
-4281
-4224
-4165
-4105
-4043
-3979
-3913
-3846
-3778
-3708
-3636
-3563
-3489
-3413
-3335
-3257
-3177
-3096
-3013
-2930
-2845
-2759
-2672
-2584
-2495
-2404
-2313
-2221
-2128
-2034
-1940
-1844
-1748
-1651
-1554
-1456
-1357
-1257
-1158
-1057
-957
-856
-754
-652
-550
-448
-346
-243
-141
-38
64
166
269
371
474
576
678
780
881
982
1083
1183
1282
1382
1480
1578
1676
1772
1868
1963
2058
2152
2244
2336
2427
2517
2606
2694
2781
2866
2951
3034
3116
3197
3277
3355
3432
3507
3581
3654
3725
3795
3863
3930
3995
4058
4120
4180
4239
4295
4350
4404
4455
4505
4553
4599
4643
4685
4726
4764
4801
4836
4869
4899
4928
4955
4980
5003
5024
5042
5059
5074
5087
5097
5106
5112
5117
5119
5120
5118
5114
5109
5101
5091
5079
5065
5049
5031
5011
4989
4965
4938
4910
4880
4848
4814
4778
4741
4701
4659
4616
4570
4523
4474
4423
4371
4316
4260
4202
4143
4082
4019
3954
3888
3821
3752
3681
3609
3535
3460
3384
3306
3227
3147
3065
2982
2898
2813
2726
2639
2550
2461
2370
2279
2186
2093
1999
1904
1808
1712
1615
1517
1419
1320
1220
1120
1020
919
818
716
614
512
410
307
205
102
0
