0
241
478
708
926
1130
1316
1481
1625
1745
1840
1911
1957
1980
1981
1962
1924
1870
1803
1725
1638
1546
1449
1350
1251
1151
1052
954
857
758
658
554
444
327
199
58
-97
-270
-462
-674
-908
-1165
-1445
-1746
-2068
-2410
-2769
-3143
-3528
-3922
-4319
-4718
-5112
-5499
-5875
-6236
-6578
-6900
-7198
-7471
-7717
-7937
-8128
-8293
-8433
-8547
-8640
-8712
-8766
-8805
-8831
-8847
-8855
-8857
-8855
-8851
-8845
-8838
-8829
-8819
-8806
-8789
-8766
-8735
-8694
-8640
-8571
-8485
-8380
-8253
-8103
-7929
-7731
-7508
-7262
-6992
-6700
-6389
-6062
-5721
-5370
-5012
-4651
-4292
-3937
-3590
-3255
-2935
-2633
-2349
-2087
-1846
-1627
-1431
-1255
-1100
-962
-840
-732
-634
-544
-459
-377
-295
-210
-121
-26
74
183
299
422
550
684
819
956
1092
1223
1349
1466
1572
1667
1747
1813
1864
1899
1920
1927
1922
1906
1883
1856
1827
1801
1780
1768
1769
1786
1822
1879
1960
2066
2199
2358
2543
2755
2991
3249
3527
3823
4134
4455
4785
5120
5456
5790
6121
6445
6761
7068
7363
7648
7922
8185
8439
8684
8923
9157
9388
9618
9849
10082
10319
10561
10808
11060
11317
11578
11841
12105
12366
12623
12872
13109
13330
13533
13712
13866
13989
14080
14135
14153
14132
14071
13970
13829
13649
13431
13178
12892
12576
12234
11867
11481
11078
10662
10235
9801
9362
8920
8477
8034
7591
7148
6706
6263
5819
5372
4920
4463
3998
3524
3040
2545
2038
1520
991
451
-97
-652
-1212
-1774
-2334
-2889
-3434
-3966
-4481
-4974
-5441
-5880
-6286
-6657
-6991
-7285
-7540
-7753
-7926
-8060
-8155
-8213
-8237
-8229
-8193
-8131
-8047
-7944
-7825
-7692
-7549
-7398
-7240
-7076
-6908
-6736
-6560
-6378
-6191
-5997
-5795
-5582
-5358
-5121
-4868
-4600
-4315
-4012
-3692
-3355
-3001
-2633
-2253
-1863
-1466
-1065
-665
-269
118
493
852
1190
1504
1790
2047
2271
2461
2616
2735
2818
2867
2883
2866
2820
2748
2651
2534
2399
2248
2086
1914
1735
1551
1364
1173
981
786
589
388
183
-27
-245
-474
-713
-966
-1234
-1518
-1819
-2137
-2474
-2829
-3199
-3586
-3985
-4395
-4813
-5235
-5658
-6077
-6490
-6891
-7278
-7645
-7990
-8310
-8601
-8862
-9092
-9289
-9453
-9584
-9683
-9752
-9793
-9807
-9797
-9767
-9719
-9655
-9580
-9495
-9404
-9307
-9208
-9106
-9004
-8900
-8796
-8689
-8580
-8466
-8346
-8218
-8079
-7928
-7763
-7582
-7383
-7164
-6926
-6668
-6390
-6093
-5778
-5446
-5101
-4745
-4381
-4013
-3643
-3277
-2917
-2567
-2231
-1912
-1613
-1335
-1081
-852
-648
-469
-316
-186
-78
10
81
137
182
219
250
279
308
340
377
420
471
530
597
673
756
844
938
1033
1129
1223
1313
1397
1473
1539
1594
1637
1667
1685
1691
1687
1674
1654
1630
1605
1581
1563
1554
1556
1575
1611
1669
1751
1858
1991
2153
2341
2557
2799
3065
3354
3662
3987
4326
4675
5030
5389
5749
6105
6455
6798
7131
7452
7762
8059
8344
8617
8880
9133
9379
9618
9854
10088
10322
10557
10795
11038
11284
11535
11790
12048
12308
12568
12825
13076
13318
13549
13764
13959
14132
14278
14395
14480
14531
14545
14521
14459
14359
14221
14046
13837
13594
13322
13022
12698
12354
11992
11617
11231
10838
10441
10040
9639
9239
8841
8445
8050
7657
7265
6871
6475
6075
5669
5256
4833
4400
3956
3499
3029
2547
2054
1551
1039
522
2
-518
-1035
-1544
-2042
-2524
-2988
-3429
-3843
-4229
-4582
-4902
-5185
-5433
-5644
-5818
-5957
-6061
-6134
-6176
-6192
-6183
-6153
-6104
-6041
-5965
-5880
-5788
-5690
-5588
-5483
-5376
-5266
-5153
-5036
-4914
-4786
-4648
-4500
-4340
-4165
-3974
-3766
-3539
-3292
-3026
-2741
-2437
-2115
-1779
-1430
-1071
-705
-336
31
394
748
1090
1415
1720
2003
2259
2488
2687
2856
2995
3102
3180
3229
3252
3250
3225
3182
3122
3047
2962
2868
2768
2664
2556
2447
2336
2224
2111
1995
1875
1749
1616
1474
1320
1152
968
766
544
302
37
-248
-557
-886
-1236
-1603
-1987
-2383
-2788
-3200
-3613
-4026
-4432
-4829
-5213
-5580
-5927
-6253
-6554
-6829
-7078
-7300
-7495
-7664
-7808
-7929
-8029
-8110
-8175
-8227
-8268
-8301
-8327
-8349
-8369
-8387
-8404
-8421
-8438
-8452
-8464
-8471
-8472
-8465
-8446
-8413
-8365
-8298
-8210
-8100
-7966
-7807
-7622
-7412
-7178
-6919
-6639
-6339
-6022
-5692
-5351
-5003
-4652
-4302
-3957
-3619
-3292
-2979
-2683
-2404
-2145
-1906
-1687
-1488
-1308
-1145
-999
-865
-743
-630
-522
-418
-315
-210
-103
8
126
249
379
514
654
797
942
1085
1226
1361
1488
1603
1706
1792
1862
1912
1942
1952
1941
1910
1860
1793
1712
1618
1515
1406
1295
1185
1080
984
899
830
777
744
732
743
776
832
910
1008
1126
1262
1412
1574
1747
1926
2109
2295
2480
2663
2842
3016
3185
3348
3507
3662
3814
3965
4117
4273
4435
4605
4786
4980
5189
5415
5659
5922
6204
6504
6822
7157
7506
7867
8236
8611
8988
9363
9733
10092
10439
10769
11078
11365
11628
11863
12070
12249
12399
12521
12616
12686
12731
12754
12759
12746
12719
12680
12631
12574
12511
12443
12371
12295
12214
12129
12037
11938
11829
11708
11572
11420
11248
11054
10837
10592
10320
10020
9689
9329
8939
8521
8077
7609
7119
6610
6087
5552
5010
4465
3921
3382
2851
2332
1828
1341
872
425
-1
-406
-790
-1153
-1497
-1823
-2134
-2430
-2715
-2990
-3257
-3518
-3775
-4028
-4279
-4527
-4773
-5015
-5253
-5485
-5708
-5921
-6120
-6303
-6466
-6608
-6724
-6813
-6873
-6901
-6895
-6856
-6783
-6676
-6536
-6364
-6163
-5936
-5684
-5412
-5124
-4822
-4512
-4196
-3879
-3564
-3254
-2952
-2661
-2381
-2115
-1862
-1624
-1400
-1188
-989
-799
-619
-444
-275
-108
57
224
393
565
739
917
1098
1280
1462
1642
1817
1986
2144
2289
2417
2526
2612
2672
2704
2707
2677
2615
2520
2391
2231
2039
1819
1572
1301
1010
701
380
48
-289
-629
-969
-1306
-1637
-1959
-2273
-2575
-2867
-3148
-3418
-3679
-3932
-4178
-4420
-4660
-4898
-5138
-5381
-5629
-5882
-6142
-6408
-6681
-6959
-7242
-7527
-7813
-8097
-8375
-8645
-8904
-9147
-9372
-9575
-9754
-9906
-10028
-10119
-10178
-10204
-10198
-10159
-10090
-9991
-9866
-9717
-9546
-9358
-9155
-8941
-8719
-8493
-8265
-8038
-7814
-7595
-7382
-7176
-6977
-6784
-6597
-6414
-6234
-6055
-5875
-5692
-5503
-5307
-5102
-4886
-4657
-4417
-4163
-3896
-3617
-3328
-3030
-2725
-2416
-2106
-1798
-1496
-1203
-921
-656
-408
-181
22
201
355
483
584
661
713
743
753
746
725
692
652
607
561
517
477
444
419
405
403
412
433
465
508
558
616
679
744
809
872
932
985
1031
1068
1096
1113
1122
1121
1113
1099
1082
1063
1047
1036
1033
1042
1065
1106
1168
1253
1362
1498
1661
1851
2067
2310
2577
2867
3177
3503
3844
4195
4553
4915
5277
5636
5989
6334
6669
6992
7302
7598
7881
8151
8409
8656
8894
9124
9350
9571
9792
10013
10236
10463
10694
10929
11169
11413
11659
11907
12154
12397
12633
12859
13073
13269
13445
13597
13722
13818
13880
13909
13901
13856
13774
13654
13498
13307
13083
12829
12547
12239
11911
11563
11201
10828
10445
10056
9664
9270
8876
8482
8089
7698
7307
6915
6522
6126
5724
5316
4899
4472
4032
3580
3113
2631
2135
1624
1101
565
21
-529
-1084
-1639
-2190
-2733
-3266
-3782
-4279
-4753
-5200
-5617
-6002
-6353
-6669
-6948
-7191
-7397
-7568
-7705
-7810
-7885
-7933
-7957
-7958
-7941
-7907
-7859
-7799
-7729
-7650
-7562
-7468
-7365
-7254
-7133
-7002
-6858
-6700
-6525
-6332
-6117
-5880
-5618
-5329
-5014
-4672
-4301
-3904
-3480
-3033
-2564
-2075
-1571
-1054
-529
0
