0
552
1018
1340
1504
1546
1537
1561
1682
1927
2271
2647
2966
3148
3145
2964
2660
2321
2043
1896
1902
2029
2198
2312
2285
2073
1689
1201
712
328
120
107
242
431
555
513
251
-217
-818
-1436
-1952
-2280
-2397
-2353
-2250
-2221
-2380
-2787
-3432
-4230
-5049
-5749
-6222
-6431
-6416
-6286
-6182
-6235
-6525
-7052
-7737
-8442
-9016
-9338
-9357
-9106
-8698
-8290
-8033
-8030
-8304
-8788
-9346
-9818
-10065
-10013
-9681
-9167
-8627
-8223
-8072
-8214
-8594
-9080
-9504
-9709
-9599
-9168
-8499
-7741
-7066
-6609
-6435
-6516
-6741
-6949
-6982
-6729
-6168
-5366
-4463
-3632
-3023
-2724
-2730
-2950
-3234
-3420
-3380
-3063
-2507
-1826
-1176
-705
-508
-602
-913
-1308
-1628
-1739
-1570
-1136
-527
114
641
945
984
798
493
205
61
138
443
907
1413
1827
2040
2002
1731
1312
865
513
343
386
606
919
1218
1407
1434
1299
1061
813
655
666
879
1275
1789
2332
2816
3183
3414
3536
3606
3696
3865
4143
4524
4969
5419
5813
6108
6287
6368
6388
6397
6442
6552
6733
6972
7242
7514
7766
7990
8191
8386
8592
8826
9095
9397
9724
10068
10420
10777
11140
11507
11877
12238
12575
12870
13111
13293
13425
13528
13631
13755
13915
14104
14294
14448
14524
14492
14345
14104
13812
13526
13297
13152
13089
13069
13029
12901
12632
12201
11630
10980
10332
9767
9337
9053
8873
8722
8507
8150
7611
6905
6099
5294
4593
4074
3761
3616
3548
3440
3183
2711
2018
1168
269
-552
-1194
-1610
-1823
-1922
-2034
-2287
-2765
-3488
-4396
-5368
-6255
-6924
-7300
-7382
-7251
-7038
-6890
-6919
-7170
-7605
-8113
-8547
-8764
-8675
-8270
-7628
-6891
-6227
-5778
-5620
-5738
-6038
-6367
-6571
-6533
-6218
-5677
-5037
-4457
-4083
-3999
-4199
-4590
-5016
-5302
-5310
-4977
-4335
-3495
-2621
-1872
-1358
-1104
-1046
-1053
-964
-646
-33
847
1885
2914
3762
4300
4482
4355
4041
3702
3486
3483
3699
4053
4406
4606
4535
4148
3491
2685
1895
1276
932
885
1066
1344
1565
1597
1377
920
323
-275
-738
-970
-954
-752
-494
-331
-394
-754
-1397
-2235
-3128
-3932
-4539
-4910
-5086
-5170
-5292
-5569
-6061
-6756
-7566
-8358
-8993
-9368
-9447
-9271
-8948
-8616
-8399
-8376
-8551
-8857
-9183
-9403
-9427
-9224
-8837
-8370
-7955
-7713
-7713
-7955
-8367
-8826
-9200
-9383
-9331
-9071
-8692
-8314
-8051
-7969
-8069
-8281
-8488
-8564
-8409
-7984
-7326
-6533
-5738
-5068
-4605
-4366
-4295
-4285
-4213
-3981
-3547
-2938
-2248
-1604
-1127
-898
-930
-1160
-1475
-1740
-1839
-1714
-1378
-910
-433
-70
91
29
-208
-516
-764
-841
-683
-300
228
780
1222
1454
1438
1208
858
518
307
301
510
873
1282
1610
1756
1674
1387
982
581
309
252
435
812
1285
1730
2036
2139
2041
1804
1535
1352
1344
1550
1944
2446
2944
3332
3537
3547
3408
3213
3072
3084
3303
3725
4294
4916
5489
5934
6216
6353
6409
6471
6626
6928
7389
7968
8590
9163
9609
9878
9969
9921
9805
9701
9676
9765
9965
10239
10527
10770
10924
10975
10942
10871
10824
10860
11018
11312
11725
12214
12723
13197
13593
13889
14085
14203
14272
14323
14380
14448
14515
14555
14529
14399
14135
13722
13166
12491
11741
10966
10218
9536
8939
8427
7976
7551
7112
6630
6094
5521
4948
4427
4012
3738
3612
3607
3663
3702
3643
3428
3032
2477
1817
1133
501
-25
-437
-771
-1097
-1504
-2066
-2821
-3751
-4782
-5804
-6693
-7349
-7722
-7826
-7736
-7567
-7439
-7440
-7602
-7886
-8196
-8408
-8405
-8121
-7561
-6806
-5995
-5289
-4821
-4665
-4806
-5150
-5550
-5844
-5910
-5699
-5252
-4686
-4159
-3824
-3774
-4018
-4466
-4959
-5308
-5351
-5001
-4272
-3277
-2197
-1225
-514
-130
-35
-95
-129
40
528
1348
2404
3516
4473
5088
5261
5002
4434
3754
3179
2878
2925
3278
3792
4263
4494
4354
3819
2985
2039
1205
680
571
868
1442
2084
2567
2712
2440
1794
926
49
-627
-964
-929
-613
-202
80
40
-430
-1321
-2499
-3754
-4855
-5619
-5965
-5931
-5663
-5372
-5263
-5476
-6043
-6877
-7801
-8597
-9075
-9130
-8771
-8120
-7380
-6767
-6458
-6531
-6949
-7575
-8212
-8665
-8799
-8581
-8087
-7481
-6960
-6700
-6800
-7252
-7946
-8700
-9317
-9636
-9584
-9192
-8583
-7932
-7416
-7154
-7182
-7435
-7774
-8024
-8035
-7718
-7078
-6209
-5267
-4424
-3819
-3517
-3497
-3659
-3857
-3943
-3813
-3438
-2869
-2220
-1634
-1237
-1107
-1243
-1573
-1974
-2307
-2462
-2381
-2077
-1629
-1150
-756
-531
-504
-640
-855
-1040
-1098
-967
-644
-177
343
816
1154
1313
1295
1152
964
814
768
850
1044
1296
1534
1691
1720
1613
1399
1132
883
710
652
716
876
1087
1296
1460
1554
1580
1562
1538
1550
1630
1792
2027
2312
2610
2882
3100
3247
3324
3348
3344
3340
3358
3415
3510
3636
3774
3904
4009
4076
4105
4107
4101
4113
4166
4280
4463
4712
5010
5333
5655
5952
6210
6431
6628
6824
7044
7310
7630
7998
8391
8777
9122
9401
9602
9735
9827
9913
10031
10208
10454
10754
11080
11393
11657
11849
11969
12037
12088
12162
12294
12495
12755
13041
13307
13504
13596
13572
13443
13244
13019
12809
12639
12508
12392
12252
12042
11730
11305
10782
10203
9619
9081
8624
8255
7958
7691
7409
7074
6665
6192
5685
5190
4751
4396
4127
3918
3725
3493
3177
2754
2228
1632
1011
415
-121
-591
-1013
-1423
-1869
-2386
-2989
-3661
-4363
-5036
-5625
-6091
-6423
-6643
-6792
-6922
-7078
-7279
-7516
-7752
-7935
-8015
-7962
-7776
-7490
-7161
-6854
-6622
-6491
-6451
-6463
-6465
-6400
-6228
-5944
-5579
-5188
-4838
-4582
-4443
-4406
-4418
-4408
-4304
-4057
-3657
-3135
-2559
-2006
-1544
-1211
-999
-860
-721
-504
-157
333
932
1565
2140
2574
2820
2876
2793
2655
2555
2564
2713
2979
3293
3561
3693
3629
3364
2945
2463
2024
1719
1593
1636
1782
1931
1976
1841
1499
986
387
-185
-630
-883
-940
-858
-738
-696
-827
-1176
-1722
-2389
-3061
-3622
-3987
-4132
-4097
-3977
-3892
-3952
-4223
-4709
-5345
-6022
-6617
-7029
-7210
-7181
-7024
-6857
-6802
-6945
-7311
-7856
-8481
-9060
-9476
-9658
-9600
-9363
-9056
-8802
-8704
-8811
-9106
-9506
-9895
-10148
-10178
-9955
-9517
-8961
-8411
-7982
-7750
-7727
-7860
-8045
-8163
-8113
-7841
-7361
-6743
-6102
-5556
-5197
-5060
-5120
-5293
-5465
-5525
-5399
-5067
-4572
-4006
-3481
-3097
-2914
-2932
-3094
-3302
-3447
-3438
-3232
-2842
-2333
-1806
-1363
-1081
-988
-1059
-1219
-1370
-1418
-1300
-1000
-557
-50
421
773
949
946
808
613
452
402
502
745
1079
1424
1694
1821
1776
1577
1281
970
729
620
667
851
1116
1387
1590
1673
1625
1473
1277
1113
1049
1128
1357
1700
2094
2459
2729
2859
2846
2722
2547
2393
2322
2367
2528
2768
3025
3235
3342
3324
3192
2996
2805
2694
2724
2921
3276
3745
4263
4759
5182
5508
5751
5957
6187
6501
6940
7509
8176
8880
9543
10094
10485
10704
10779
10768
10744
10774
10897
11120
11412
11716
11968
12115
12132
12033
11867
11707
11627
11687
11909
12278
12741
13222
13645
13951
14116
14154
14110
14047
14023
14072
14194
14353
14484
14513
14377
14043
13517
12846
12101
11362
10699
10147
9709
9350
9015
8647
8204
7675
7085
6486
5944
5518
5246
5126
5123
5172
5196
5127
4920
4564
4081
3518
2928
2356
1822
1317
808
245
-416
-1208
-2129
-3148
-4210
-5243
-6181
-6976
-7605
-8075
-8415
-8667
-8866
-9036
-9179
-9275
-9295
-9206
-8986
-8635
-8173
-7643
-7097
-6589
-6164
-5847
-5642
-5536
-5501
-5512
-5543
-5584
-5635
-5703
-5801
-5939
-6114
-6316
-6518
-6689
-6793
-6798
-6681
-6427
-6039
-5524
-4901
-4191
-3415
-2594
-1743
-875
0
