0
136
271
405
537
665
789
908
1021
1128
1228
1320
1404
1478
1543
1597
1641
1673
1694
1703
1700
1684
1655
1613
1558
1490
1409
1314
1207
1087
954
808
651
481
300
109
-92
-304
-526
-756
-994
-1240
-1492
-1751
-2014
-2282
-2554
-2828
-3104
-3382
-3660
-3937
-4212
-4486
-4756
-5023
-5285
-5541
-5791
-6034
-6269
-6496
-6714
-6921
-7119
-7306
-7481
-7644
-7795
-7933
-8058
-8170
-8268
-8352
-8423
-8479
-8521
-8549
-8563
-8563
-8549
-8522
-8481
-8427
-8360
-8281
-8189
-8086
-7972
-7848
-7713
-7569
-7416
-7255
-7086
-6910
-6727
-6539
-6347
-6149
-5948
-5745
-5539
-5331
-5123
-4914
-4705
-4498
-4292
-4089
-3888
-3690
-3496
-3306
-3121
-2940
-2765
-2595
-2432
-2274
-2122
-1977
-1838
-1705
-1579
-1460
-1346
-1239
-1138
-1042
-953
-868
-788
-713
-642
-575
-511
-449
-391
-334
-278
-223
-168
-113
-56
1
61
123
189
259
333
412
497
587
684
787
898
1016
1142
1276
1418
1570
1729
1898
2076
2263
2459
2664
2877
3099
3330
3568
3815
4068
4329
4597
4870
5149
5432
5720
6011
6305
6600
6897
7195
7492
7787
8080
8370
8656
8936
9211
9478
9738
9989
10230
10460
10678
10884
11076
11254
11417
11564
11694
11807
11902
11979
12036
12074
12091
12088
12064
12019
11952
11864
11754
11623
11470
11296
11101
10884
10647
10390
10113
9817
9502
9170
8820
8453
8071
7674
7264
6841
6406
5960
5505
5042
4571
4095
3614
3130
2643
2156
1670
1185
703
226
-244
-709
-1165
-1612
-2048
-2472
-2883
-3280
-3662
-4028
-4376
-4707
-5019
-5312
-5584
-5836
-6066
-6274
-6460
-6623
-6763
-6880
-6974
-7045
-7092
-7117
-7118
-7097
-7054
-6989
-6903
-6796
-6669
-6523
-6359
-6177
-5978
-5763
-5534
-5291
-5036
-4769
-4492
-4206
-3912
-3612
-3307
-2999
-2687
-2375
-2063
-1752
-1444
-1140
-842
-551
-267
7
271
524
765
992
1204
1401
1583
1747
1893
2021
2130
2219
2289
2338
2367
2375
2362
2328
2273
2197
2101
1984
1847
1691
1515
1321
1109
880
634
372
96
-193
-496
-811
-1136
-1471
-1815
-2166
-2523
-2885
-3250
-3618
-3987
-4356
-4723
-5087
-5448
-5803
-6152
-6493
-6825
-7148
-7459
-7758
-8045
-8317
-8574
-8815
-9040
-9248
-9437
-9608
-9760
-9892
-10004
-10096
-10167
-10217
-10247
-10256
-10244
-10211
-10158
-10084
-9991
-9878
-9746
-9595
-9427
-9241
-9039
-8821
-8589
-8342
-8082
-7810
-7526
-7233
-6930
-6619
-6302
-5978
-5650
-5318
-4983
-4647
-4311
-3976
-3642
-3312
-2985
-2663
-2348
-2039
-1738
-1446
-1163
-891
-629
-379
-141
83
295
493
677
848
1004
1145
1272
1384
1482
1565
1634
1689
1731
1759
1775
1778
1770
1751
1721
1682
1634
1578
1515
1446
1371
1292
1209
1124
1038
951
865
780
698
619
545
477
415
360
314
277
251
235
230
238
259
293
341
404
482
575
684
808
948
1104
1277
1465
1668
1888
2122
2372
2636
2914
3205
3509
3825
4153
4490
4838
5194
5558
5928
6304
6685
7069
7455
7841
8228
8613
8995
9373
9745
10111
10469
10818
11156
11482
11795
12095
12378
12646
12896
13127
13338
13530
13699
13847
13971
14072
14149
14201
14227
14228
14202
14151
14072
13968
13836
13679
13495
13285
13049
12788
12502
12192
11858
11502
11123
10723
10303
9864
9407
8932
8442
7937
7419
6889
6348
5797
5239
4675
4106
3533
2959
2384
1810
1239
672
111
-442
-987
-1523
-2047
-2559
-3056
-3538
-4004
-4452
-4881
-5290
-5679
-6046
-6391
-6712
-7009
-7282
-7530
-7752
-7948
-8118
-8262
-8379
-8470
-8534
-8572
-8584
-8570
-8530
-8466
-8377
-8265
-8129
-7972
-7792
-7593
-7373
-7135
-6880
-6608
-6321
-6020
-5706
-5381
-5046
-4702
-4351
-3993
-3631
-3266
-2899
-2532
-2165
-1801
-1441
-1086
-737
-396
-64
257
568
866
1150
1420
1674
1912
2133
2335
2519
2683
2827
2950
3053
3134
3193
3231
3246
3239
3210
3160
3087
2993
2877
2741
2584
2407
2210
1995
1762
1512
1245
963
665
355
31
-303
-649
-1005
-1369
-1740
-2118
-2500
-2886
-3275
-3665
-4056
-4445
-4832
-5217
-5596
-5970
-6338
-6698
-7049
-7390
-7721
-8040
-8347
-8641
-8920
-9185
-9434
-9668
-9885
-10085
-10267
-10432
-10578
-10706
-10815
-10906
-10977
-11030
-11064
-11080
-11076
-11055
-11016
-10958
-10884
-10793
-10685
-10561
-10423
-10269
-10102
-9921
-9727
-9522
-9305
-9079
-8842
-8597
-8345
-8085
-7819
-7548
-7272
-6993
-6711
-6428
-6143
-5858
-5574
-5291
-5010
-4732
-4457
-4187
-3922
-3662
-3407
-3160
-2919
-2685
-2460
-2242
-2033
-1832
-1641
-1458
-1284
-1120
-965
-818
-681
-553
-434
-323
-221
-126
-39
39
112
177
237
292
341
386
427
465
499
532
563
594
624
654
686
719
754
793
835
880
931
987
1048
1116
1190
1272
1361
1458
1563
1677
1800
1932
2073
2224
2384
2554
2734
2923
3121
3329
3547
3773
4008
4252
4504
4763
5030
5304
5584
5871
6162
6458
6758
7061
7367
7675
7984
8293
8602
8910
9215
9518
9817
10111
10400
10683
10959
11226
11485
11734
11973
12201
12417
12619
12809
12984
13145
13290
13419
13532
13627
13705
13765
13806
13829
13832
13816
13781
13726
13651
13556
13442
13307
13153
12979
12786
12574
12343
12094
11827
11542
11240
10921
10587
10237
9873
9495
9103
8700
8285
7859
7424
6979
6527
6068
5603
5133
4659
4182
3704
3224
2745
2266
1790
1318
849
386
-70
-520
-962
-1394
-1817
-2229
-2629
-3017
-3391
-3751
-4097
-4428
-4742
-5040
-5321
-5585
-5831
-6058
-6267
-6457
-6628
-6780
-6913
-7026
-7119
-7194
-7249
-7285
-7302
-7300
-7281
-7243
-7187
-7115
-7026
-6920
-6800
-6664
-6514
-6351
-6174
-5986
-5786
-5576
-5357
-5128
-4892
-4649
-4399
-4145
-3886
-3624
-3360
-3094
-2828
-2562
-2298
-2036
-1777
-1523
-1273
-1030
-793
-564
-342
-130
71
263
444
613
770
914
1045
1162
1265
1353
1427
1485
1528
1556
1568
1565
1545
1511
1460
1394
1313
1216
1105
979
839
685
518
338
145
-58
-274
-500
-737
-983
-1238
-1500
-1770
-2047
-2329
-2616
-2907
-3201
-3498
-3796
-4096
-4395
-4693
-4990
-5284
-5574
-5861
-6143
-6419
-6688
-6950
-7205
-7451
-7687
-7914
-8131
-8336
-8530
-8711
-8881
-9037
-9180
-9309
-9425
-9526
-9613
-9685
-9742
-9785
-9812
-9825
-9822
-9805
-9773
-9727
-9666
-9591
-9502
-9399
-9283
-9154
-9013
-8860
-8695
-8519
-8333
-8136
-7930
-7715
-7492
-7261
-7023
-6779
-6529
-6274
-6014
-5751
-5485
-5216
-4946
-4674
-4402
-4130
-3860
-3590
-3322
-3057
-2796
-2538
-2284
-2034
-1790
-1552
-1319
-1093
-873
-660
-455
-257
-66
115
290
456
614
764
906
1040
1166
1284
1394
1496
1591
1678
1759
1833
1901
1963
2019
2070
2116
2157
2195
2229
2260
2288
2314
2339
2362
2385
2407
2430
2453
2478
2504
2533
2564
2598
2636
2677
2722
2772
2827
2887
2952
3023
3100
3182
3271
3366
3467
3575
3689
3809
3936
4068
4207
4351
4502
4657
4818
4983
5153
5327
5505
5685
5869
6055
6243
6432
6621
6811
7000
7188
7374
7558
7739
7916
8089
8257
8419
8575
8724
8866
8999
9123
9237
9342
9436
9519
9590
9649
9695
9728
9748
9753
9745
9722
9684
9631
9563
9480
9381
9267
9137
8992
8832
8656
8466
8261
8041
7808
7560
7299
7025
6739
6441
6132
5812
5483
5144
4796
4441
4079
3710
3337
2959
2577
2193
1807
1421
1034
649
266
-113
-489
-860
-1225
-1583
-1934
-2276
-2608
-2930
-3240
-3539
-3824
-4096
-4354
-4597
-4824
-5034
-5229
-5405
-5565
-5706
-5828
-5932
-6017
-6082
-6128
-6155
-6163
-6150
-6119
-6068
-5998
-5910
-5803
-5678
-5535
-5375
-5198
-5005
-4796
-4573
-4336
-4085
-3821
-3545
-3259
-2962
-2657
-2343
-2022
-1694
-1362
-1025
-685
-343
0
