0
54
159
358
675
1111
1647
2241
2841
3392
3847
4177
4377
4462
4465
4425
4375
4330
4282
4201
4042
3760
3327
2748
2063
1344
685
173
-133
-222
-137
31
169
168
-45
-481
-1084
-1746
-2335
-2733
-2877
-2776
-2518
-2245
-2115
-2254
-2719
-3479
-4419
-5377
-6186
-6729
-6972
-6977
-6878
-6842
-7011
-7456
-8143
-8945
-9674
-10136
-10197
-9824
-9106
-8228
-7426
-6916
-6832
-7186
-7863
-8656
-9329
-9683
-9623
-9178
-8496
-7796
-7304
-7179
-7471
-8104
-8904
-9648
-10135
-10244
-9967
-9405
-8734
-8144
-7778
-7688
-7821
-8037
-8156
-8019
-7537
-6727
-5705
-4653
-3766
-3196
-3006
-3153
-3503
-3874
-4088
-4024
-3652
-3038
-2324
-1680
-1256
-1138
-1323
-1725
-2198
-2587
-2761
-2660
-2299
-1765
-1183
-680
-347
-212
-235
-328
-378
-288
-7
452
1020
1584
2026
2255
2233
1988
1607
1209
916
814
933
1239
1643
2030
2290
2350
2197
1879
1490
1147
950
964
1192
1585
2057
2509
2862
3076
3162
3171
3177
3249
3431
3725
4092
4467
4785
4997
5093
5104
5090
5123
5263
5537
5929
6390
6851
7244
7526
7691
7769
7810
7873
7999
8199
8457
8735
8993
9208
9385
9558
9779
10098
10539
11088
11690
12261
12715
12990
13072
13002
12866
12769
12804
13017
13396
13870
14333
14680
14844
14816
14657
14472
14372
14433
14657
14961
15192
15166
14727
13801
12429
10771
9068
7586
6540
6037
6041
6382
6805
7038
6878
6242
5194
3924
2691
1743
1244
1226
1580
2090
2505
2610
2296
1588
633
-349
-1143
-1607
-1722
-1603
-1458
-1526
-1995
-2936
-4274
-5804
-7243
-8320
-8848
-8789
-8262
-7513
-6837
-6496
-6638
-7251
-8172
-9133
-9845
-10081
-9744
-8899
-7743
-6554
-5599
-5063
-4994
-5295
-5764
-6158
-6274
-6014
-5412
-4623
-3873
-3383
-3300
-3646
-4311
-5079
-5696
-5939
-5686
-4944
-3848
-2622
-1504
-688
-264
-199
-355
-534
-540
-239
403
1318
2355
3332
4089
4535
4667
4565
4362
4192
4149
4255
4454
4630
4651
4411
3868
3067
2128
1218
505
108
68
329
757
1173
1404
1332
922
233
-600
-1407
-2028
-2358
-2380
-2166
-1854
-1611
-1584
-1861
-2442
-3247
-4138
-4958
-5582
-5949
-6079
-6067
-6046
-6152
-6471
-7017
-7720
-8446
-9037
-9356
-9334
-8989
-8426
-7811
-7326
-7114
-7243
-7684
-8319
-8979
-9488
-9719
-9622
-9245
-8711
-8188
-7831
-7744
-7949
-8383
-8918
-9400
-9698
-9735
-9512
-9098
-8609
-8162
-7846
-7687
-7649
-7645
-7569
-7330
-6888
-6263
-5534
-4815
-4220
-3833
-3678
-3715
-3855
-3983
-3993
-3822
-3460
-2956
-2402
-1901
-1540
-1366
-1371
-1502
-1674
-1799
-1812
-1682
-1427
-1095
-754
-465
-265
-154
-103
-60
28
198
455
771
1091
1351
1497
1503
1377
1165
933
753
681
742
921
1173
1432
1634
1733
1714
1595
1423
1257
1150
1137
1224
1389
1596
1801
1975
2106
2205
2299
2419
2588
2808
3063
3321
3543
3701
3785
3811
3817
3849
3953
4156
4457
4831
5232
5610
5923
6153
6308
6418
6526
6673
6886
7168
7500
7846
8167
8433
8633
8776
8889
9008
9163
9375
9643
9950
10267
10562
10814
11014
11174
11319
11485
11705
12002
12385
12841
13338
13831
14268
14604
14805
14862
14794
14648
14491
14397
14429
14619
14954
15370
15756
15978
15904
15443
14565
13324
11846
10311
8908
7794
7054
6682
6582
6602
6569
6346
5870
5165
4337
3539
2921
2584
2547
2741
3026
3237
3234
2944
2384
1654
904
280
-118
-281
-292
-302
-487
-993
-1881
-3110
-4537
-5958
-7160
-7983
-8361
-8338
-8055
-7703
-7465
-7466
-7734
-8197
-8709
-9092
-9195
-8937
-8331
-7481
-6547
-5704
-5089
-4771
-4732
-4879
-5083
-5213
-5182
-4968
-4620
-4241
-3951
-3850
-3989
-4347
-4839
-5338
-5702
-5820
-5630
-5140
-4416
-3566
-2709
-1940
-1308
-811
-400
1
468
1048
1743
2510
3271
3938
4437
4736
4849
4837
4783
4766
4834
4979
5139
5211
5085
4679
3973
3028
1979
1007
293
-27
87
575
1279
1985
2478
2602
2300
1634
768
-84
-718
-995
-892
-503
-18
336
362
-53
-900
-2049
-3287
-4382
-5145
-5493
-5465
-5212
-4949
-4889
-5177
-5843
-6789
-7820
-8696
-9205
-9224
-8758
-7941
-6997
-6182
-5712
-5704
-6148
-6912
-7784
-8535
-8980
-9030
-8713
-8159
-7557
-7102
-6935
-7107
-7567
-8184
-8787
-9215
-9364
-9214
-8823
-8313
-7821
-7461
-7287
-7280
-7357
-7401
-7294
-6965
-6403
-5669
-4877
-4163
-3644
-3388
-3394
-3594
-3874
-4106
-4182
-4046
-3704
-3219
-2693
-2232
-1921
-1798
-1847
-2008
-2195
-2325
-2338
-2216
-1982
-1689
-1403
-1175
-1033
-968
-942
-901
-797
-604
-327
-3
308
549
673
667
555
389
236
161
203
367
623
917
1184
1370
1448
1423
1329
1217
1139
1129
1194
1315
1451
1558
1604
1580
1507
1428
1394
1447
1608
1862
2166
2459
2681
2791
2781
2679
2545
2446
2444
2571
2821
3153
3502
3799
3991
4060
4024
3933
3850
3835
3921
4111
4373
4655
4904
5082
5183
5230
5270
5358
5538
5825
6205
6631
7047
7398
7652
7806
7891
7955
8050
8217
8469
8792
9149
9495
9791
10017
10180
10304
10426
10581
10789
11053
11358
11679
11990
12277
12536
12777
13011
13251
13496
13739
13969
14174
14350
14506
14650
14790
14912
14979
14929
14688
14192
13409
12365
11145
9885
8742
7857
7313
7111
7163
7320
7404
7270
6842
6141
5281
4433
3771
3420
3410
3666
4027
4296
4298
3936
3224
2283
1303
479
-43
-228
-155
-2
12
-303
-1053
-2213
-3634
-5083
-6305
-7097
-7367
-7157
-6629
-6017
-5557
-5420
-5666
-6233
-6960
-7635
-8066
-8127
-7799
-7164
-6381
-5634
-5082
-4813
-4832
-5062
-5375
-5635
-5737
-5635
-5351
-4960
-4570
-4280
-4158
-4216
-4413
-4664
-4863
-4913
-4750
-4357
-3764
-3045
-2291
-1594
-1020
-596
-310
-110
72
306
637
1076
1593
2130
2615
2987
3213
3302
3297
3266
3271
3350
3497
3660
3759
3710
3461
3015
2441
1859
1411
1212
1314
1680
2183
2642
2871
2735
2200
1345
346
-571
-1204
-1436
-1274
-855
-405
-170
-338
-977
-2007
-3221
-4347
-5131
-5417
-5205
-4650
-4020
-3609
-3651
-4237
-5282
-6550
-7720
-8486
-8649
-8188
-7262
-6171
-5267
-4845
-5062
-5882
-7098
-8388
-9416
-9932
-9844
-9242
-8365
-7523
-7006
-6991
-7495
-8371
-9362
-10177
-10582
-10469
-9883
-9000
-8075
-7357
-7014
-7088
-7485
-8009
-8423
-8524
-8204
-7476
-6473
-5402
-4487
-3900
-3720
-3909
-4334
-4805
-5135
-5186
-4910
-4355
-3646
-2942
-2396
-2102
-2082
-2275
-2566
-2815
-2905
-2770
-2415
-1906
-1353
-872
-549
-422
-461
-590
-703
-704
-534
-192
266
747
1142
1366
1380
1208
924
635
443
418
573
865
1207
1497
1652
1632
1456
1194
941
791
798
967
1246
1547
1775
1860
1785
1587
1353
1182
1162
1331
1669
2099
2514
2806
2910
2815
2576
2294
2083
2034
2188
2520
2950
3369
3674
3799
3741
3554
3334
3186
3192
3383
3734
4170
4596
4926
5109
5149
5098
5038
5055
5209
5517
5949
6440
6908
7286
7536
7664
7710
7735
7804
7959
8216
8559
8952
9352
9726
10055
10343
10603
10857
11117
11388
11665
11939
12208
12480
12773
13112
13515
13982
14487
14982
15405
15698
15830
15808
15684
15539
15466
15534
15764
16115
16482
16720
16685
16267
15432
14237
12821
11377
10103
9155
8601
8411
8461
8570
8554
8279
7696
6861
5912
5033
4394
4100
4159
4471
4861
5124
5087
4656
3851
2792
1673
698
21
-299
-319
-197
-144
-366
-997
-2061
-3460
-5001
-6444
-7574
-8253
-8457
-8279
-7895
-7511
-7302
-7365
-7693
-8182
-8673
-8998
-9034
-8740
-8165
-7430
-6693
-6097
-5735
-5626
-5715
-5899
-6061
-6109
-6003
-5763
-5455
-5173
-5000
-4986
-5132
-5391
-5684
-5921
-6026
-5950
-5683
-5247
-4682
-4038
-3356
-2666
-1984
-1314
-654
0
