0,1100,amplitude,frequency (Hz)
1,285.20770639867027,285.20770639867027,20.045454545454547
2,684.341941526506,684.341941526506,40.09090909090909
3,44.66285365850775,44.66285365850775,60.13636363636363
4,358.80549848787194,358.80549848787194,80.18181818181819
5,-236.7738757303764,236.7738757303764,100.22727272727273
6,357.56957189231866,357.56957189231866,120.27272727272727
7,-1031.092376562799,1031.092376562799,140.3181818181818
8,7252.4739678905025,7252.4739678905025,160.36363636363637
9,1413.8795944811036,1413.8795944811036,180.4090909090909
10,21.069275407133958,21.069275407133958,200.45454545454547
11,687.7326251685163,687.7326251685163,220.5
12,167.59924906664406,167.59924906664406,240.54545454545453
13,405.0086252569672,405.0086252569672,260.59090909090907
14,403.7867793373597,403.7867793373597,280.6363636363636
15,1113.7906384534567,1113.7906384534567,300.6818181818182
16,3358.3506288378157,3358.3506288378157,320.72727272727275
17,-1105.3200969569255,1105.3200969569255,340.77272727272725
18,-38.187562377122205,38.187562377122205,360.8181818181818
19,-132.44730869238748,132.44730869238748,380.8636363636364
20,-471.31838535555096,471.31838535555096,400.90909090909093
21,384.458311961385,384.458311961385,420.95454545454544
22,-482.672468431466,482.672468431466,441.0
23,1124.1732765905488,1124.1732765905488,461.04545454545456
24,-1475.9542784385244,1475.9542784385244,481.09090909090907
25,-2008.8386018283786,2008.8386018283786,501.1363636363636
26,138.3190398646309,138.3190398646309,521.1818181818181
27,-992.3961255347604,992.3961255347604,541.2272727272727
28,296.7509052058902,296.7509052058902,561.2727272727273
29,-555.3209688035131,555.3209688035131,581.3181818181819
30,163.0313529630362,163.0313529630362,601.3636363636364
31,-1413.8736393086128,1413.8736393086128,621.4090909090909
32,1741.4371287237398,1741.4371287237398,641.4545454545455
33,1256.3067217863256,1256.3067217863256,661.5
34,-35.86674214703083,35.86674214703083,681.5454545454545
35,353.7495002797594,353.7495002797594,701.5909090909091
36,-39.08790217777985,39.08790217777985,721.6363636363636
37,-49.577143138604995,49.577143138604995,741.6818181818181
38,192.25178524530597,192.25178524530597,761.7272727272727
39,107.67603471662407,107.67603471662407,781.7727272727273
40,-640.173082042848,640.173082042848,801.8181818181819
41,-53.04980256661707,53.04980256661707,821.8636363636364
42,129.01669640214047,129.01669640214047,841.9090909090909
43,-71.1567366841095,71.1567366841095,861.9545454545455
44,6.358602403334588,6.358602403334588,882.0
45,124.35965403639143,124.35965403639143,902.0454545454545
46,-159.58424362173443,159.58424362173443,922.0909090909091
47,84.9200481513256,84.9200481513256,942.1363636363636
48,-532.8883936334441,532.8883936334441,962.1818181818181
49,121.5111729818326,121.5111729818326,982.2272727272727
50,185.03412443515725,185.03412443515725,1002.2727272727273
51,19.464841638215077,19.464841638215077,1022.3181818181819
52,238.2452189134074,238.2452189134074,1042.3636363636363
53,51.225297899021264,51.225297899021264,1062.409090909091
54,190.56479539124186,190.56479539124186,1082.4545454545455
55,-157.16805420247465,157.16805420247465,1102.5
56,527.8932738555998,527.8932738555998,1122.5454545454545
57,853.7124440310163,853.7124440310163,1142.590909090909
58,-358.9633481439398,358.9633481439398,1162.6363636363637
59,131.3991156596094,131.3991156596094,1182.6818181818182
60,70.57013471338084,70.57013471338084,1202.7272727272727
61,-231.89725044361305,231.89725044361305,1222.7727272727273
62,114.8068979075875,114.8068979075875,1242.8181818181818
63,-4.913015990270649,4.913015990270649,1262.8636363636363
64,158.8824827416054,158.8824827416054,1282.909090909091
65,-727.1764111316118,727.1764111316118,1302.9545454545455
66,-292.86300327824785,292.86300327824785,1323.0
67,168.20408101394233,168.20408101394233,1343.0454545454545
68,-554.5485125123163,554.5485125123163,1363.090909090909
69,30.54242573291641,30.54242573291641,1383.1363636363637
70,-279.9306117949783,279.9306117949783,1403.1818181818182
71,-58.403467778286085,58.403467778286085,1423.2272727272727
72,-656.0063283695368,656.0063283695368,1443.2727272727273
73,-47.008836872998074,47.008836872998074,1463.3181818181818
74,813.7689202440916,813.7689202440916,1483.3636363636363
75,-247.7068290016003,247.7068290016003,1503.409090909091
76,659.7909772007421,659.7909772007421,1523.4545454545455
77,391.50521489382004,391.50521489382004,1543.5
78,313.2559361652685,313.2559361652685,1563.5454545454545
79,-6.711614334586057,6.711614334586057,1583.590909090909
80,1075.4025574186703,1075.4025574186703,1603.6363636363637
81,87.69409364962469,87.69409364962469,1623.6818181818182
82,-623.05670102774,623.05670102774,1643.7272727272727
83,132.36122473766596,132.36122473766596,1663.7727272727273
84,-226.23759862893272,226.23759862893272,1683.8181818181818
85,-162.69305786189335,162.69305786189335,1703.8636363636363
86,80.10445019661435,80.10445019661435,1723.909090909091
87,-123.87768971814027,123.87768971814027,1743.9545454545455
88,-112.77802123812732,112.77802123812732,1764.0
89,-193.23577275975057,193.23577275975057,1784.0454545454545
90,43.96941595992049,43.96941595992049,1804.090909090909
91,48.099085009299245,48.099085009299245,1824.1363636363637
92,-147.7888426687419,147.7888426687419,1844.1818181818182
93,77.7325179179344,77.7325179179344,1864.2272727272727
94,-73.65938130738527,73.65938130738527,1884.2727272727273
95,120.60676657911739,120.60676657911739,1904.3181818181818
96,-74.87465666167571,74.87465666167571,1924.3636363636363
97,146.61273324447694,146.61273324447694,1944.409090909091
98,179.58930469366712,179.58930469366712,1964.4545454545455
99,-71.81262373213083,71.81262373213083,1984.5
100,46.4564144552012,46.4564144552012,2004.5454545454545
101,33.550733468712245,33.550733468712245,2024.590909090909
102,28.630800376816627,28.630800376816627,2044.6363636363637
103,-14.562779539105485,14.562779539105485,2064.681818181818
104,36.45915985276043,36.45915985276043,2084.7272727272725
105,89.45918383324556,89.45918383324556,2104.7727272727275
106,-168.08310039736685,168.08310039736685,2124.818181818182
107,-85.06327492031353,85.06327492031353,2144.8636363636365
108,29.891189915029553,29.891189915029553,2164.909090909091
109,-84.69352375318098,84.69352375318098,2184.9545454545455
110,-14.938263068153836,14.938263068153836,2205.0
111,7.20745505535385,7.20745505535385,2225.0454545454545
112,-72.43822898232078,72.43822898232078,2245.090909090909
113,-196.32714897903193,196.32714897903193,2265.1363636363635
114,-193.63145230806236,193.63145230806236,2285.181818181818
115,142.25145767069898,142.25145767069898,2305.2272727272725
116,-107.96169849577961,107.96169849577961,2325.2727272727275
117,48.65724513292899,48.65724513292899,2345.318181818182
118,-5.667736823870327,5.667736823870327,2365.3636363636365
119,-60.16589580683297,60.16589580683297,2385.409090909091
120,32.606825777967416,32.606825777967416,2405.4545454545455
121,31.194419337227327,31.194419337227327,2425.5
122,349.31954856028045,349.31954856028045,2445.5454545454545
123,46.472379526756015,46.472379526756015,2465.590909090909
124,58.02036108749835,58.02036108749835,2485.6363636363635
125,186.4088601682873,186.4088601682873,2505.681818181818
126,-118.1297839209168,118.1297839209168,2525.7272727272725
127,172.43015650357503,172.43015650357503,2545.7727272727275
128,-49.42900139217614,49.42900139217614,2565.818181818182
129,253.48081899065608,253.48081899065608,2585.8636363636365
130,-642.1243768883661,642.1243768883661,2605.909090909091
131,-473.2958720410699,473.2958720410699,2625.9545454545455
132,461.65629479495374,461.65629479495374,2646.0
133,-533.732291015315,533.732291015315,2666.0454545454545
134,347.8798074513315,347.8798074513315,2686.090909090909
135,-110.66052195902844,110.66052195902844,2706.1363636363635
136,-138.94498734195997,138.94498734195997,2726.181818181818
137,-132.63866981609488,132.63866981609488,2746.2272727272725
138,95.2403547898158,95.2403547898158,2766.2727272727275
139,229.06346362104497,229.06346362104497,2786.318181818182
140,-161.44855469647155,161.44855469647155,2806.3636363636365
141,143.28207589484182,143.28207589484182,2826.409090909091
142,74.89327553782383,74.89327553782383,2846.4545454545455
143,-79.45364993429709,79.45364993429709,2866.5
144,109.8632627654059,109.8632627654059,2886.5454545454545
145,51.87707716842479,51.87707716842479,2906.590909090909
146,215.3138312439638,215.3138312439638,2926.6363636363635
147,-94.61963845147292,94.61963845147292,2946.681818181818
148,-37.90999277637924,37.90999277637924,2966.7272727272725
149,137.39934052033584,137.39934052033584,2986.7727272727275
150,-165.39369484916597,165.39369484916597,3006.818181818182
151,4.218085047335907,4.218085047335907,3026.8636363636365
152,56.32664526995561,56.32664526995561,3046.909090909091
153,10.606728793656094,10.606728793656094,3066.9545454545455
154,-113.76782149771034,113.76782149771034,3087.0
155,-246.375749158722,246.375749158722,3107.0454545454545
156,185.35598448695893,185.35598448695893,3127.090909090909
157,-181.509975556717,181.509975556717,3147.1363636363635
158,-11.092096510222188,11.092096510222188,3167.181818181818
159,181.4513410559007,181.4513410559007,3187.2272727272725
160,-141.60023740135418,141.60023740135418,3207.2727272727275
161,-38.3686106091715,38.3686106091715,3227.318181818182
162,-116.69983333884969,116.69983333884969,3247.3636363636365
163,347.24258227769866,347.24258227769866,3267.409090909091
164,10.680805131782042,10.680805131782042,3287.4545454545455
165,-0.22479959471251337,0.22479959471251337,3307.5
166,300.65129429902714,300.65129429902714,3327.5454545454545
167,-297.46866454571494,297.46866454571494,3347.590909090909
168,176.48385216329135,176.48385216329135,3367.6363636363635
169,32.419608580774906,32.419608580774906,3387.681818181818
170,273.53086815286946,273.53086815286946,3407.7272727272725
171,-172.84548778901,172.84548778901,3427.7727272727275
172,-228.85634901689818,228.85634901689818,3447.818181818182
173,151.85478473201417,151.85478473201417,3467.8636363636365
174,-469.28571573401393,469.28571573401393,3487.909090909091
175,275.49180147627317,275.49180147627317,3507.9545454545455
176,-173.21068487306363,173.21068487306363,3528.0
177,-55.315438831705784,55.315438831705784,3548.0454545454545
178,-179.04370630941875,179.04370630941875,3568.090909090909
179,73.59614674446932,73.59614674446932,3588.1363636363635
180,237.4110606326551,237.4110606326551,3608.181818181818
181,-163.5375717933011,163.5375717933011,3628.2272727272725
182,335.9276745231171,335.9276745231171,3648.2727272727275
183,-75.18961083564626,75.18961083564626,3668.318181818182
184,73.04418600002424,73.04418600002424,3688.3636363636365
185,94.4308387442389,94.4308387442389,3708.409090909091
186,-21.93343557551399,21.93343557551399,3728.4545454545455
187,-43.1757746906841,43.1757746906841,3748.5
188,-83.65734069022525,83.65734069022525,3768.5454545454545
189,-14.677863226493624,14.677863226493624,3788.590909090909
190,-101.96477562827225,101.96477562827225,3808.6363636363635
191,-226.3847391044202,226.3847391044202,3828.681818181818
192,185.3036022570494,185.3036022570494,3848.7272727272725
193,-248.0460426172521,248.0460426172521,3868.7727272727275
194,44.679299869559344,44.679299869559344,3888.818181818182
195,-41.523603246571405,41.523603246571405,3908.8636363636365
196,18.25382615410056,18.25382615410056,3928.909090909091
197,66.93203012675056,66.93203012675056,3948.9545454545455
198,-3.0036915587886597,3.0036915587886597,3969.0
199,296.99482981969845,296.99482981969845,3989.0454545454545
200,-177.89648314283824,177.89648314283824,4009.090909090909
201,233.73099124185018,233.73099124185018,4029.1363636363635
202,90.17239338356016,90.17239338356016,4049.181818181818
203,21.23989011562192,21.23989011562192,4069.2272727272725
204,104.94101686850607,104.94101686850607,4089.2727272727275
205,-56.63014935716654,56.63014935716654,4109.318181818182
206,57.312332247245365,57.312332247245365,4129.363636363636
207,-133.4521447670637,133.4521447670637,4149.409090909091
208,60.37256835147958,60.37256835147958,4169.454545454545
209,-23.453122258527657,23.453122258527657,4189.5
210,-113.68759966717082,113.68759966717082,4209.545454545455
211,-32.630248284990834,32.630248284990834,4229.590909090909
212,-28.748898532925278,28.748898532925278,4249.636363636364
213,-2.001085405915623,2.001085405915623,4269.681818181818
214,-56.53679027274607,56.53679027274607,4289.727272727273
215,-29.357819337927257,29.357819337927257,4309.772727272727
216,59.01692410387534,59.01692410387534,4329.818181818182
217,-49.51499242060697,49.51499242060697,4349.863636363636
218,-54.4333761787452,54.4333761787452,4369.909090909091
