-57
282
659
1020
1467
1872
2165
2480
2802
3122
3415
3718
3934
4100
4243
4267
4302
4358
4340
4279
4338
4399
4502
4766
5016
5325
5711
6105
6516
6908
7229
7522
7897
8272
8539
8777
8963
9030
9101
9052
8961
9051
9187
9643
10185
10562
10887
11182
11460
11646
11747
11783
11868
12487
13706
14601
14796
15033
15595
16169
15985
15381
15038
14589
14398
14607
14629
13805
13015
12471
12008
11631
10650
9566
9253
9179
9400
9956
9910
9593
9682
9963
9784
8812
8366
8617
8600
8998
9489
9983
10449
10779
11149
10517
9091
7843
6967
5837
4172
1614
-996
-3519
-6002
-7883
-10268
-12557
-13197
-12020
-10003
-7737
-6227
-5160
-4189
-3971
-3858
-4539
-5963
-6473
-5923
-4355
-2651
-1292
-308
487
893
564
-28
-1139
-2207
-2703
-2846
-2776
-2577
-2011
-1631
-1563
-1712
-2029
-2395
-2641
-2152
-1442
-638
721
2431
4347
5711
6341
6300
5815
5121
4421
3533
2357
1585
1191
1216
1111
741
602
282
-85
-398
-888
-1342
-1811
-2186
-2450
-2695
-2917
-3019
-3060
-3226
-3384
-3580
-3881
-4108
-4205
-4170
-4407
-4824
-5006
-5182
-5584
-6277
-7101
-7817
-8515
-9032
-9405
-9884
-10066
-9893
-9386
-8675
-7962
-7122
-6219
-5280
-4506
-4018
-3745
-3550
-3365
-3174
-2866
-2595
-2272
-1926
-1698
-1594
-1665
-1874
-2190
-2562
-2791
-2892
-3134
-3342
-3553
-3782
-3977
-4333
-4535
-4512
-4472
-4256
-4033
-3751
-3352
-3149
-3070
-3109
-3260
-3465
-3702
-4119
-4620
-5111
-5642
-6022
-6351
-6596
-6680
-6651
-6522
-6292
-6117
-5999
-5929
-5849
-5721
-5643
-5520
-5368
-5134
-4867
-4618
-4325
-4067
-3740
-3315
-2892
-2462
-2103
-1806
-1558
-1375
-1218
-1230
-1289
-1251
-1135
-948
-657
-377
-99
344
920
1463
1979
2446
2882
3209
3531
3889
4091
4109
4004
4009
4231
4301
4187
4154
4423
4859
5222
5538
6092
6565
6795
7203
7502
7546
7749
8105
8286
8475
8835
9405
9771
9833
10134
10542
11174
11709
11791
11983
12292
12469
12546
12427
12263
12472
13070
13524
13575
13648
13422
13450
13561
13414
13020
13037
13147
13048
13190
12927
11968
11359
11433
10931
10671
10878
10027
9860
10289
10568
10618
10448
10667
10884
11144
11162
10031
8613
8108
7168
7162
7263
6697
7615
8431
8716
9462
8608
7656
6869
4999
2872
762
-1896
-4181
-6055
-7701
-8598
-8865
-8089
-7295
-6711
-5595
-5225
-5165
-4823
-5340
-5776
-5944
-6148
-5390
-4257
-3935
-2920
-2349
-2078
-1166
-1172
-1363
-1677
-2035
-1639
-1383
-1086
-902
-1019
-881
-857
-1207
-1659
-2331
-2532
-2294
-1994
-1145
-71
1116
2425
3530
4221
4608
4795
4438
3830
3171
2182
1482
1068
804
656
516
660
874
964
890
627
-82
-870
-1348
-2136
-2880
-3392
-3860
-4069
-4013
-3984
-4108
-4181
-4445
-4899
-5298
-5835
-6507
-7120
-7589
-8069
-8608
-8751
-9046
-9454
-9590
-9919
-10052
-9840
-9761
-9308
-8709
-8042
-6978
-6028
-5264
-4712
-4509
-4436
-4561
-4675
-4699
-4644
-4347
-3857
-3137
-2568
-2219
-2144
-2211
-2418
-2851
-3095
-3360
-3615
-3653
-3737
-3742
-3724
-3739
-3659
-3663
-3539
-3338
-3167
-2908
-2917
-3004
-3084
-3351
-3580
-3898
-4347
-4831
-5420
-5852
-6326
-6825
-7128
-7302
-7279
-7040
-6750
-6529
-6359
-6248
-6324
-6425
-6559
-6718
-6737
-6695
-6554
-6337
-6023
-5721
-5447
-5112
-4800
-4569
-4291
-3982
-3743
-3652
-3559
-3355
-3188
-2986
-2813
-2552
-2206
-1914
-1645
-1334
-864
-290
208
745
1280
1799
2303
2505
2469
2358
2246
2189
2305
2519
2614
2773
3090
3417
3682
3802
3843
3975
4253
4467
4719
5026
5252
5349
5656
5969
6231
6528
6776
7113
7644
8278
8591
8955
9404
9758
10034
10087
10122
10291
10600
11014
11267
11421
11890
12348
12000
11751
11585
11592
12142
12593
12777
12576
12993
13282
13057
12715
11976
11539
11623
11752
11729
11396
9702
8469
8339
7688
7530
7557
7633
8871
10040
10571
10404
9143
7910
7172
7320
7407
7921
9194
10860
12028
13636
13656
12786
12311
10860
9522
7530
4532
1866
-858
-4015
-7163
-9345
-10745
-10825
-9321
-7373
-5826
-4750
-3652
-3448
-4073
-5341
-6984
-7852
-7766
-6770
-5232
-3869
-2504
-852
229
740
669
-217
-1162
-2140
-3073
-3785
-4494
-4624
-4811
-4476
-4200
-4811
-5101
-5464
-5765
-5824
-5641
-4754
-3136
-993
1368
3169
4162
4856
5128
4729
3770
2626
1702
1410
1535
1972
2513
2915
3104
3113
2650
1590
183
-1285
-2489
-3472
-4076
-4343
-4495
-4309
-4087
-4092
-4121
-4031
-3988
-3653
-3509
-3877
-4127
-4954
-5810
-6952
-8606
-10035
-11315
-12122
-12570
-12742
-12682
-12693
-12392
-11877
-11270
-10551
-10125
-9535
-8750
-8068
-7568
-7180
-6877
-6590
-6193
-5624
-4970
-4171
-3234
-2421
-1833
-1470
-1269
-1547
-2071
-2690
-3578
-4348
-5064
-5448
-5533
-5721
-5567
-5211
-4646
-3867
-3374
-2876
-2378
-2127
-1957
-1959
-2156
-2519
-2978
-3514
-4066
-4540
-5088
-5561
-5888
-6105
-6163
-6236
-6330
-6351
-6494
-6727
-7088
-7470
-7820
-8271
-8598
-8747
-8670
-8362
-7895
-7269
-6560
-5755
-5099
-4574
-4269
-4273
-4338
-4437
-4667
-4798
-4948
-5072
-5126
-5053
-4858
-4591
-4144
-3514
-2707
-1739
-885
-168
326
585
751
720
678
811
989
1182
1443
1869
2281
2654
2946
3071
3329
3742
3983
4032
3964
3795
3630
3433
3301
3177
3297
3852
4507
5360
6333
7401
8306
9024
9890
10673
11245
11675
11981
12167
12278
12233
11809
11832
11987
12019
12574
13224
13479
13666
13702
13362
13210
13045
12908
12808
12500
12022
11506
10524
9253
8541
8506
8796
9679
10747
11703
11956
12517
11750
10571
10116
9509
9785
9925
9416
8913
9311
8658
8149
8210
8659
9966
11882
14122
15148
15313
14206
11247
6872
3137
-1865
-7092
-10060
-12069
-11337
-9077
-6829
-4519
-2388
-1694
-1975
-4057
-6470
-9161
-11347
-11357
-10749
-8989
-6315
-4129
-2355
-1465
-1372
-1741
-2565
-3766
-4469
-5059
-5229
-4204
-3709
-3597
-3343
-3954
-4868
-5937
-7050
-7834
-8519
-8049
-6902
-4654
-1856
349
1992
3361
4022
4018
3802
2970
2073
1417
1427
1383
1798
2332
2839
3543
4047
4734
4850
4761
4279
3160
1891
401
-1182
-2403
-3220
-3579
-3173
-2161
-920
-21
691
457
-242
-1091
-2297
-3082
-3810
-3770
-3408
-3050
-2730
-3323
-4325
-5696
-7232
-8579
-9722
-10460
-10505
-10239
-9811
-9553
-9718
-9978
-10567
-11284
-12100
-12574
-12853
-12641
-11744
-10629
-8968
-7364
-6072
-4992
-4532
-4545
-5241
-6254
-6834
-7408
-7603
-7521
-7196
-6423
-5970
-5778
-5763
-5907
-5929
-5991
-5873
-5514
-5088
-4636
-4254
-3925
-3812
-3892
-4217
-4498
-4560
-4753
-4923
-4956
-4890
-4730
-4726
-4851
-5112
-5525
-6186
-7168
-8119
-8976
-9870
-10401
-10583
-10477
-10107
-9669
-9132
-8617
-8114
-7886
-7823
-7582
-7368
-7180
-7042
-6974
-6871
-6803
-6794
-6749
-6597
-6384
-6137
-5800
-5311
-4799
-4381
-4097
-3806
-3552
-3360
-3176
-3104
-2897
-2649
-2362
-1880
-1285
-598
