0
-65
-130
-196
-262
-329
-397
-466
-536
-607
-680
-755
-831
-909
-989
-1072
-1156
-1243
-1332
-1423
-1517
-1613
-1711
-1812
-1915
-2021
-2129
-2239
-2351
-2465
-2582
-2700
-2819
-2940
-3063
-3186
-3311
-3436
-3562
-3688
-3815
-3941
-4067
-4192
-4317
-4441
-4563
-4683
-4802
-4919
-5033
-5145
-5253
-5359
-5461
-5560
-5655
-5746
-5832
-5915
-5992
-6065
-6132
-6195
-6252
-6304
-6350
-6391
-6426
-6455
-6478
-6496
-6507
-6513
-6513
-6507
-6495
-6477
-6454
-6425
-6390
-6350
-6305
-6255
-6200
-6140
-6076
-6007
-5934
-5857
-5776
-5692
-5604
-5513
-5420
-5324
-5225
-5125
-5022
-4918
-4813
-4707
-4600
-4492
-4383
-4275
-4167
-4058
-3951
-3844
-3737
-3632
-3528
-3425
-3324
-3224
-3125
-3028
-2934
-2840
-2749
-2660
-2572
-2487
-2403
-2321
-2241
-2163
-2087
-2012
-1938
-1866
-1796
-1726
-1658
-1590
-1523
-1457
-1391
-1325
-1260
-1194
-1128
-1061
-994
-926
-856
-786
-714
-641
-566
-488
-409
-328
-244
-158
-70
21
115
211
311
414
520
628
740
854
972
1092
1215
1341
1470
1601
1735
1870
2008
2148
2290
2433
2578
2724
2870
3018
3165
3313
3461
3608
3755
3901
4045
4188
4329
4468
4604
4738
4868
4996
5119
5239
5354
5465
5572
5673
5769
5860
5945
6024
6098
6165
6226
6280
6328
6370
6404
6432
6453
6467
6474
6475
6468
6455
6435
6409
6376
6337
6292
6240
6183
6120
6051
5978
5899
5816
5728
5636
5540
5440
5337
5231
5122
5011
4897
4782
4665
4547
4429
4309
4190
4070
3951
3833
3715
3599
3484
3371
3259
3150
3043
2939
2837
2738
2643
2550
2460
2374
2291
2212
2136
2064
1995
1930
1868
1809
1754
1701
1652
1606
1563
1522
1484
1448
1415
1383
1353
1324
1297
1270
1245
1220
1195
1170
1145
1119
1093
1065
1037
1007
975
941
904
866
824
780
733
682
628
571
509
444
376
303
226
145
60
-28
-122
-219
-321
-426
-536
-649
-767
-887
-1012
-1139
-1270
-1403
-1540
-1678
-1819
-1962
-2107
-2254
-2401
-2550
-2699
-2848
-2997
-3147
-3295
-3443
-3589
-3734
-3877
-4018
-4156
-4292
-4425
-4554
-4679
-4801
-4918
-5032
-5140
-5243
-5342
-5435
-5522
-5604
-5680
-5750
-5814
-5872
-5924
-5969
-6008
-6040
-6066
-6086
-6099
-6106
-6106
-6100
-6088
-6070
-6045
-6015
-5979
-5938
-5891
-5839
-5782
-5720
-5653
-5582
-5507
-5428
-5345
-5259
-5170
-5077
-4982
-4884
-4784
-4682
-4578
-4473
-4366
-4258
-4150
-4041
-3931
-3821
-3711
-3602
-3492
-3384
-3275
-3168
-3062
-2956
-2852
-2749
-2647
-2547
-2448
-2350
-2254
-2160
-2067
-1975
-1885
-1797
-1710
-1624
-1540
-1457
-1375
-1294
-1214
-1135
-1057
-980
-903
-827
-751
-675
-600
-524
-449
-373
-297
-221
-144
-66
11
90
170
251
332
415
499
584
670
757
845
935
1025
1117
1210
1303
1398
1494
1590
1687
1784
1882
1980
2079
2177
2276
2374
2472
2569
2666
2761
2856
2949
3041
3131
3220
3306
3390
3472
3552
3628
3702
3772
3840
3904
3965
4022
4075
4124
4170
4211
4248
4281
4310
4334
4354
4370
4381
4388
4390
4389
4383
4372
4358
4340
4318
4292
4262
4229
4192
4152
4109
4063
4015
3964
3910
3855
3798
3739
3678
3616
3554
3490
3426
3362
3298
3233
3170
3106
3043
2982
2921
2861
2803
2747
2692
2640
2589
2540
2494
2449
2408
2368
2331
2296
2264
2234
2207
2182
2159
2138
2120
2103
2088
2076
2064
2054
2046
2038
2031
2025
2019
2014
2008
2003
1996
1989
1981
1972
1961
1948
1934
1917
1897
1875
1850
1821
1789
1753
1714
1670
1622
1570
1513
1452
1385
1314
1237
1156
1069
978
881
779
672
559
442
320
193
61
-74
-215
-359
-508
-661
-816
-976
-1138
-1302
-1470
-1639
-1810
-1982
-2155
-2329
-2503
-2677
-2850
-3023
-3194
-3364
-3531
-3696
-3858
-4017
-4172
-4323
-4470
-4612
-4749
-4880
-5006
-5125
-5239
-5345
-5444
-5537
-5621
-5699
-5768
-5829
-5882
-5927
-5964
-5992
-6012
-6023
-6025
-6019
-6004
-5981
-5950
-5910
-5862
-5806
-5743
-5671
-5593
-5507
-5414
-5315
-5209
-5097
-4979
-4856
-4728
-4596
-4458
-4317
-4172
-4024
-3873
-3720
-3565
-3408
-3249
-3090
-2930
-2771
-2611
-2452
-2294
-2138
-1983
-1830
-1680
-1532
-1387
-1246
-1107
-973
-842
-716
-594
-476
-363
-255
-151
-52
40
129
212
291
364
433
497
555
609
659
704
744
781
813
841
866
888
906
921
933
943
951
957
961
964
965
966
966
965
965
964
964
965
967
969
973
979
986
995
1006
1020
1036
1054
1075
1099
1126
1156
1189
1224
1263
1305
1350
1398
1449
1503
1560
1620
1682
1747
1815
1885
1957
2031
2107
2184
2264
2344
2426
2508
2591
2675
2759
2842
2926
3009
3092
3173
3254
3333
3410
3486
3560
3631
3700
3767
3831
3891
3949
4004
4055
4103
4147
4187
4223
4256
4284
4309
4329
4346
4358
4366
4370
4369
4365
4356
4344
4327
4307
4282
4254
4223
4187
4148
4106
4061
4012
3961
3907
3850
3790
3728
3663
3597
3528
3457
3385
3311
3235
3158
3080
3000
2920
2838
2755
2672
2588
2503
2418
2332
2245
2158
2070
1982
1894
1805
1716
1627
1536
1446
1355
1263
1171
1079
985
891
796
701
604
507
408
309
208
106
3
-101
-207
-314
-423
-533
-645
-758
-873
-990
-1108
-1227
-1348
-1471
-1595
-1721
-1848
-1976
-2106
-2237
-2368
-2501
-2634
-2768
-2903
-3038
-3173
-3308
-3443
-3577
-3711
-3844
-3976
-4106
-4235
-4363
-4488
-4611
-4731
-4849
-4964
-5075
-5183
-5286
-5386
-5482
-5573
-5659
-5740
-5816
-5886
-5950
-6009
-6061
-6108
-6147
-6181
-6207
-6227
-6240
-6245
-6244
-6235
-6220
-6197
-6167
-6129
-6085
-6034
-5975
-5910
-5838
-5759
-5674
-5582
-5485
-5381
-5272
-5157
-5037
-4913
-4783
-4650
-4512
-4370
-4226
-4078
-3927
-3774
-3620
-3463
-3306
-3147
-2988
-2829
-2670
-2511
-2354
-2198
-2043
-1891
-1741
-1593
-1449
-1307
-1169
-1035
-905
-779
-658
-541
-429
-322
-220
-124
-32
53
133
208
278
342
401
454
502
545
584
617
645
669
689
704
716
724
728
730
729
725
720
712
703
693
682
671
659
648
637
628
620
613
608
606
606
609
616
626
640
658
680
706
738
774
815
862
914
972
1035
1103
1177
1257
1343
1434
1531
1633
1740
1853
1971
2094
2221
2353
2489
2630
2774
2921
3072
3225
3381
3539
3699
3860
4022
4185
4348
4511
4673
4834
4994
5152
5307
5460
5610
5756
5898
6036
6170
6298
6420
6537
6648
6752
6850
6941
7024
7099
7167
7227
7279
7322
7357
7384
7401
7410
7410
7401
7383
7356
7321
7276
7223
7161
7091
7013
6926
6831
6729
6618
6501
6376
6245
6107
5963
5813
5657
5496
5329
5159
4983
4804
4622
4436
4247
4056
3862
3667
3470
3272
3073
2873
2674
2475
2276
2078
1881
1685
1491
1298
1108
920
735
552
372
195
21
-148
-315
-479
-639
-796
-948
-1097
-1242
-1384
-1521
-1655
-1785
-1912
-2035
-2154
-2270
-2382
-2491
-2597
-2699
-2799
-2895
-2989
-3080
-3169
-3255
-3339
-3420
-3500
-3577
-3653
-3727
-3799
-3870
-3939
-4007
-4074
-4140
-4204
-4268
-4331
-4393
-4453
-4514
-4573
-4632
-4689
-4747
-4803
-4858
-4913
-4967
-5020
-5072
-5123
-5173
-5222
-5270
-5316
-5361
-5405
-5447
-5487
-5526
-5563
-5597
-5630
-5661
-5689
-5715
-5738
-5759
-5777
-5792
-5805
-5815
-5821
-5825
-5825
-5822
-5816
-5807
-5794
-5779
-5759
-5737
-5711
-5682
-5649
-5613
-5575
-5532
-5487
-5439
-5388
-5334
-5277
-5217
-5155
-5091
-5024
-4955
-4884
-4812
-4737
-4661
-4583
-4504
-4424
-4343
-4261
-4179
-4096
-4012
-3928
-3845
-3761
-3677
-3594
-3511
-3429
-3347
-3266
-3186
-3106
-3028
-2950
-2874
-2799
-2724
-2651
-2579
-2508
-2438
-2370
-2302
-2235
-2169
-2103
-2038
-1974
-1910
-1847
-1784
-1720
-1657
-1593
-1529
-1464
-1399
-1332
-1265
-1196
-1125
-1053
-978
-902
-823
-742
-659
-572
-483
-390
-294
-195
-92
13
124
238
356
478
604
734
868
1006
1148
1295
1445
1599
1757
1919
2084
2253
2425
2600
2778
2959
3142
3328
3515
3704
3894
4086
4278
4471
4663
4856
5048
5238
5428
5615
5801
5984
6164
6340
6513
6682
6846
7005
7159
7307
7450
7586
7715
7837
7952
8059
8159
8250
8332
8406
8471
8527
8574
8611
8639
8657
8665
8663
8652
8631
8600
8559
8509
8449
8379
8300
8212
8115
8009
7894
7771
7641
7502
7356
7203
7043
6876
6704
6526
6342
6154
5961
5765
5564
5361
5155
4947
4737
4526
4313
4101
3888
3676
3464
3254
3046
2839
2635
2434
2236
2041
1850
1663
1481
1303
1130
962
800
643
491
345
205
71
-56
-178
-294
-404
-508
-606
-699
-785
-866
-941
-1011
-1076
-1136
-1191
-1242
-1288
-1331
-1369
-1404
-1436
-1465
-1491
-1515
-1536
-1556
-1575
-1593
-1610
-1626
-1642
-1659
-1675
-1693
-1712
-1732
-1753
-1776
-1802
-1829
-1859
-1892
-1928
-1966
-2008
-2053
-2102
-2154
-2209
-2269
-2331
-2398
-2468
-2542
-2619
-2700
-2784
-2872
-2962
-3056
-3153
-3253
-3355
-3459
-3566
-3674
-3785
-3896
-4009
-4123
-4238
-4353
-4468
-4582
-4696
-4810
-4922
-5033
-5142
-5249
-5354
-5457
-5556
-5652
-5745
-5835
-5920
-6001
-6078
-6150
-6217
-6279
-6337
-6388
-6434
-6475
-6510
-6539
-6562
-6579
-6590
-6594
-6593
-6585
-6571
-6551
-6525
-6493
-6455
-6411
-6361
-6306
-6245
-6178
-6107
-6030
-5948
-5861
-5770
-5674
-5574
-5470
-5362
-5251
-5136
-5017
-4896
-4772
-4646
-4517
-4386
-4253
-4118
-3982
-3844
-3706
-3566
-3425
-3284
-3143
-3001
-2858
-2716
-2574
-2432
-2291
-2149
-2009
-1869
-1729
-1590
-1452
-1315
-1178
-1043
-908
-774
-641
-508
-377
-246
-116
12
140
268
395
522
647
773
898
1022
1146
1270
1393
1516
1639
1762
1884
2006
2128
2250
2372
2493
2614
2735
2855
2976
3095
3215
3333
3451
3569
3685
3801
3915
4029
4141
4251
4360
4467
4573
4676
4777
4876
4972
5065
5155
5242
5326
5407
5483
5556
5625
5689
5750
5805
5856
5902
5943
5979
6010
6035
6055
6069
6078
6080
6077
6068
6054
6033
6006
5974
5936
5892
5842
5786
5725
5658
5586
5509
5427
5339
5247
5151
5049
4944
4835
4722
4606
4486
4364
4239
4112
3982
3851
3718
3584
3449
3313
3177
3041
2906
2770
2636
2503
2372
2242
2114
1988
1864
1744
1626
1511
1399
1291
1187
1086
989
896
807
723
642
566
494
426
362
303
248
196
149
106
66
30
-1
-31
-57
-80
-101
-119
-135
-149
-161
-172
-181
-190
-198
-205
-213
-221
-229
-238
-248
-259
-272
-287
-304
-324
-345
-370
-398
-429
-464
-502
-543
-589
-639
-693
-751
-813
-880
-951
-1026
-1106
-1190
-1278
-1371
-1467
-1568
-1672
-1780
-1892
-2007
-2125
-2246
-2369
-2495
-2623
-2753
-2884
-3017
-3150
-3284
-3419
-3553
-3686
-3819
-3950
-4080
-4207
-4333
-4456
-4575
-4691
-4803
-4912
-5015
-5114
-5208
-5296
-5378
-5455
-5525
-5588
-5645
-5694
-5737
-5772
-5799
-5819
-5831
-5835
-5831
-5819
-5799
-5771
-5734
-5690
-5637
-5577
-5509
-5433
-5350
-5259
-5162
-5057
-4945
-4827
-4703
-4572
-4436
-4294
-4148
-3996
-3841
-3681
-3517
-3350
-3180
-3007
-2832
-2655
-2476
-2296
-2116
-1935
-1754
-1573
-1393
-1214
-1037
-861
-687
-515
-346
-179
-16
143
299
452
600
745
885
1021
1152
1278
1400
1516
1628
1735
1837
1934
2026
2113
2195
2273
2346
2414
2477
2537
2592
2643
2690
2734
2774
2810
2844
2874
2902
2927
2949
2970
2988
3005
3020
3034
3047
3059
3070
3080
3090
3100
3110
3119
3130
3140
3151
3162
3174
3187
3201
3215
3230
3247
3264
3282
3301
3321
3341
3363
3385
3408
3431
3455
3480
3504
3529
3553
3577
3601
3625
3647
3669
3690
3710
3728
3745
3760
3773
3784
3793
3799
3803
3804
3801
3796
3788
3776
3761
3743
3720
3694
3664
3630
3592
3550
3504
3454
3400
3342
3280
3214
3143
3069
2991
2909
2824
2735
2643
2547
2448
2347
2242
2135
2026
1914
1800
1684
1567
1448
1328
1206
1085
962
839
716
593
471
349
227
107
-12
-130
-246
-361
-475
-586
-695
-802
-906
-1008
-1108
-1205
-1299
-1390
-1479
-1565
-1647
-1727
-1804
-1879
-1950
-2018
-2084
-2147
-2208
-2266
-2321
-2374
-2425
-2474
-2521
-2566
-2610
-2651
-2692
-2731
-2769
-2806
-2843
-2878
-2914
-2949
-2983
-3018
-3053
-3088
-3123
-3159
-3196
-3233
-3271
-3310
-3350
-3391
-3433
-3476
-3520
-3565
-3612
-3659
-3708
-3758
-3809
-3860
-3913
-3966
-4020
-4075
-4129
-4185
-4240
-4295
-4350
-4404
-4458
-4511
-4563
-4613
-4662
-4710
-4755
-4798
-4839
-4877
-4912
-4944
-4972
-4997
-5018
-5035
-5047
-5055
-5058
-5056
-5049
-5037
-5019
-4996
-4967
-4932
-4891
-4844
-4790
-4731
-4665
-4593
-4514
-4430
-4339
-4242
-4138
-4029
-3913
-3792
-3665
-3532
-3394
-3250
-3102
-2949
-2791
-2629
-2462
-2292
-2119
-1942
-1762
-1579
-1394
-1208
-1019
-829
-639
-447
-255
-64
127
317
507
695
881
1066
1248
1427
1604
1777
1947
2113
2275
2433
2586
2735
2879
3018
3152
3281
3404
3522
3635
3742
3843
3938
4028
4113
4191
4265
4332
4395
4452
4504
4551
4593
4630
4663
4692
4716
4736
4753
4766
4775
4782
4786
4787
4786
4783
4778
4771
4763
4754
4744
4734
4723
4711
4700
4689
4678
4668
4658
4649
4641
4635
4629
4625
4622
4621
4621
4623
4626
4631
4638
4645
4655
4665
4677
4690
4705
4720
4736
4752
4769
4787
4804
4822
4839
4856
4871
4886
4900
4913
4923
4932
4938
4943
4944
4943
4938
4930
4919
4903
4884
4860
4832
4799
4762
4719
4672
4619
4560
4497
4428
4353
4272
4186
4094
3997
3893
3784
3669
3549
3424
3292
3156
3015
2868
2717
2562
2402
2237
2069
1897
1722
1544
1362
1178
992
804
614
423
230
37
-155
-349
-542
-735
-927
-1118
-1308
-1495
-1681
-1864
-2044
-2222
-2397
-2568
-2735
-2899
-3058
-3213
-3364
-3510
-3652
-3788
-3920
-4047
-4168
-4284
-4395
-4501
-4601
-4696
-4786
-4870
-4949
-5024
-5093
-5157
-5217
-5271
-5322
-5368
-5409
-5447
-5480
-5510
-5537
-5560
-5580
-5597
-5611
-5623
-5633
-5641
-5646
-5650
-5653
-5654
-5655
-5654
-5653
-5651
-5649
-5647
-5644
-5642
-5640
-5638
-5637
-5636
-5636
-5636
-5637
-5638
-5640
-5643
-5647
-5651
-5655
-5661
-5666
-5672
-5678
-5685
-5691
-5697
-5703
-5708
-5713
-5717
-5720
-5721
-5722
-5720
-5717
-5712
-5705
-5695
-5682
-5667
-5649
-5627
-5602
-5573
-5540
-5503
-5462
-5416
-5366
-5311
-5251
-5186
-5116
-5041
-4960
-4874
-4782
-4685
-4583
-4475
-4361
-4242
-4118
-3988
-3852
-3712
-3566
-3415
-3260
-3100
-2935
-2765
-2592
-2415
-2234
-2049
-1861
-1670
-1477
-1281
-1082
-882
-681
-478
-274
-69
135
340
544
749
952
1154
1354
1553
1750
1944
2136
2325
2510
2692
2871
3046
3217
3383
3545
3703
3855
4003
4146
4284
4417
4544
4666
4783
4894
5000
5101
5196
5286
5371
5451
5525
5595
5659
5719
5774
5824
5870
5912
5950
5984
6014
6041
6064
6084
6101
6115
6127
6136
6143
6148
6151
6153
6152
6151
6148
6144
6139
6134
6127
6121
6113
6106
6098
6089
6081
6072
6064
6055
6046
6037
6028
6019
6010
6000
5990
5980
5969
5957
5945
5932
5918
5903
5886
5868
5849
5828
5805
5780
5753
5723
5691
5656
5619
5578
5534
5486
5436
5381
5323
5261
5194
5124
5049
4970
4887
4799
4706
4609
4508
4402
4291
4175
4055
3931
3802
3669
3531
3389
3243
3094
2940
2783
2622
2458
2291
2121
1949
1774
1597
1418
1237
1055
872
688
504
319
134
-50
-234
-418
-600
-781
-960
-1138
-1313
-1486
-1656
-1823
-1988
-2149
-2306
-2460
-2609
-2755
-2897
-3034
-3166
-3295
-3418
-3537
-3651
-3760
-3864
-3963
-4057
-4147
-4231
-4311
-4386
-4457
-4523
-4584
-4641
-4694
-4743
-4788
-4829
-4867
-4901
-4932
-4960
-4985
-5008
-5028
-5046
-5063
-5077
-5090
-5101
-5112
-5121
-5130
-5138
-5146
-5154
-5161
-5169
-5177
-5186
-5195
-5205
-5216
-5227
-5240
-5253
-5268
-5283
-5300
-5318
-5337
-5356
-5377
-5399
-5421
-5445
-5468
-5493
-5517
-5542
-5567
-5592
-5616
-5640
-5663
-5685
-5706
-5725
-5743
-5758
-5772
-5783
-5791
-5796
-5798
-5797
-5792
-5782
-5769
-5751
-5729
-5701
-5668
-5630
-5587
-5538
-5483
-5422
-5354
-5281
-5201
-5115
-5022
-4922
-4816
-4704
-4585
-4459
-4327
-4188
-4043
-3892
-3734
-3571
-3402
-3227
-3047
-2862
-2672
-2477
-2278
-2074
-1867
-1657
-1443
-1227
-1008
-787
-565
-341
-116
108
334
559
783
1007
1229
1449
1667
1883
2095
2304
2510
2711
2908
3100
3288
3470
3646
3817
3981
4139
4291
4436
4574
4705
4829
4945
5054
5156
5251
5337
5417
5488
5553
5610
5659
5702
5737
5765
5787
5802
5810
5813
5809
5799
5784
5763
5737
5707
5672
5633
5590
5543
5493
5440
5384
5325
5265
5203
5139
5074
5007
4941
4873
4806
4739
4672
4605
4540
4475
4411
4349
4288
4229
4171
4115
4062
4010
3960
3912
3867
3824
3782
3743
3706
3671
3638
3606
3577
3549
3522
3497
3473
3450
3428
3407
3386
3366
3345
3325
3304
3282
3260
3237
3213
3187
3160
3131
3100
3067
3031
2993
2952
2909
2862
2812
2758
2701
2641
2577
2509
2437
2361
2282
2198
2111
2019
1924
1824
1721
1614
1503
1388
1270
1149
1024
896
765
631
495
356
214
71
-73
-220
-368
-517
-668
-819
-970
-1122
-1273
-1425
-1575
-1725
-1875
-2022
-2169
-2313
-2456
-2597
-2735
-2870
-3003
-3134
-3261
-3384
-3505
-3622
-3735
-3844
-3950
-4052
-4149
-4243
-4332
-4417
-4498
-4575
-4648
-4716
-4780
-4840
-4896
-4948
-4996
-5040
-5079
-5116
-5148
-5177
-5202
-5224
-5243
-5258
-5270
-5280
-5287
-5291
-5292
-5291
-5287
-5282
-5274
-5264
-5252
-5239
-5223
-5206
-5188
-5168
-5146
-5124
-5099
-5074
-5047
-5019
-4990
-4959
-4928
-4894
-4860
-4824
-4787
-4749
-4709
-4667
-4624
-4579
-4532
-4483
-4432
-4379
-4324
-4266
-4206
-4144
-4078
-4010
-3939
-3865
-3788
-3707
-3623
-3536
-3445
-3350
-3252
-3150
-3044
-2934
-2820
-2702
-2580
-2454
-2324
-2190
-2052
-1911
-1765
-1615
-1462
-1305
-1145
-981
-815
-645
-472
-296
-118
61
243
427
613
800
988
1177
1366
1556
1745
1934
2122
2309
2494
2678
2860
3039
3216
3390
3560
3727
3889
4048
4202
4351
4494
4633
4766
4893
5014
5128
5236
5338
5433
5520
5601
5674
5740
5799
5850
5894
5930
5959
5981
5995
6002
6002
5994
5980
5959
5932
5898
5858
5811
5760
5702
5640
5572
5500
5424
5343
5259
5171
5081
4987
4891
4794
4694
4594
4492
4389
4287
4184
4082
3980
3880
3780
3683
3587
3493
3401
3312
3226
3143
3063
2987
2914
2844
2778
2717
2658
2604
2554
2507
2465
2426
2391
2360
2332
2308
2287
2270
2255
2243
2233
2226
2221
2218
2216
2216
2216
2218
2219
2221
2222
2223
2223
2221
2218
2213
2206
2196
2183
2167
2148
2125
2097
2066
2030
1989
1942
1891
1834
1772
1703
1629
1549
1463
1370
1271
1166
1054
936
812
682
546
403
255
101
-58
-223
-393
-568
-747
-932
-1120
-1312
-1508
-1706
-1908
-2112
-2318
-2526
-2735
-2945
-3156
-3367
-3577
-3787
-3996
-4203
-4408
-4611
-4811
-5007
-5201
-5390
-5575
-5755
-5930
-6100
-6264
-6422
-6574
-6719
-6857
-6988
-7112
-7228
-7337
-7437
-7530
-7614
-7690
-7757
-7816
-7867
-7909
-7942
-7967
-7984
-7992
-7991
-7983
-7966
-7941
-7908
-7868
-7820
-7765
-7702
-7633
-7557
-7475
-7386
-7291
-7191
-7085
-6975
-6859
-6739
-6614
-6486
-6354
-6218
-6079
-5938
-5794
-5648
-5499
-5349
-5198
-5045
-4891
-4736
-4581
-4426
-4270
-4114
-3959
-3804
-3649
-3495
-3342
-3190
-3039
-2889
-2740
-2593
-2446
-2301
-2157
-2015
-1874
-1735
-1597
-1460
-1324
-1190
-1057
-926
-795
-665
-537
-409
-283
-157
-32
92
215
339
462
584
706
828
950
1072
1193
1314
1436
1557
1679
1800
1922
2043
2165
2286
2408
2529
2650
2772
2892
3013
3133
3253
3372
3491
3609
3726
3842
3957
4071
4183
4294
4403
4510
4616
4719
4820
4919
5016
5109
5200
5288
5374
5456
5534
5610
5681
5750
5814
5875
5932
5985
6035
6080
6121
6158
6191
6221
6246
6267
6284
6297
6306
6311
6312
6310
6304
6295
6282
6266
6247
6225
6199
6172
6141
6108
6073
6036
5997
5956
5913
5869
5824
5777
5730
5682
5633
5584
5534
5485
5435
5385
5336
5286
5237
5189
5141
5094
5047
5001
4956
4912
4868
4825
4783
4741
4700
4659
4619
4580
4540
4501
4461
4422
4382
4342
4301
4259
4216
4172
4127
4080
4031
3980
3926
3870
3812
3750
3685
3617
3545
3470
3390
3306
3217
3124
3026
2923
2815
2702
2583
2458
2328
2193
2051
1904
1751
1593
1428
1258
1081
900
712
520
321
118
-89
-302
-519
-741
-967
-1197
-1430
-1667
-1906
-2148
-2392
-2637
-2885
-3133
-3382
-3631
-3879
-4128
-4375
-4620
-4863
-5104
-5343
-5577
-5808
-6035
-6257
-6474
-6686
-6892
-7091
-7284
-7469
-7647
-7818
-7980
-8133
-8278
-8414
-8541
-8659
-8766
-8864
-8952
-9029
-9097
-9154
-9200
-9236
-9262
-9277
-9282
-9276
-9260
-9234
-9199
-9153
-9098
-9033
-8959
-8876
-8785
-8685
-8577
-8462
-8339
-8209
-8073
-7930
-7782
-7628
-7469
-7305
-7138
-6967
-6792
-6615
-6435
-6253
-6070
-5886
-5701
-5516
-5331
-5146
-4962
-4780
-4599
-4421
-4244
-4071
-3900
-3732
-3568
-3407
-3251
-3098
-2950
-2806
-2667
-2532
-2402
-2277
-2156
-2041
-1930
-1824
-1723
-1626
-1534
-1447
-1364
-1285
-1210
-1139
-1072
-1008
-947
-889
-835
-782
-732
-684
-638
-593
-549
-506
-463
-421
-378
-336
-293
-249
-203
-157
-109
-59
-6
47
104
164
227
293
362
435
511
591
674
761
852
947
1045
1148
1254
1364
1478
1595
1716
1840
1968
2099
2232
2369
2508
2649
2793
2939
3086
3235
3386
3537
3689
3841
3994
4146
4298
4449
4599
4748
4896
5041
5185
5326
5464
5600
5732
5861
5986
6107
6224
6336
6445
6548
6646
6740
6828
6911
6988
7060
7126
7186
7241
7289
7332
7369
7400
7425
7444
7457
7464
7465
7461
7451
7436
7415
7389
7357
7320
7279
7232
7181
7125
7065
7000
6931
6858
6782
6702
6618
6530
6440
6346
6250
6151
6049
5944
5837
5728
5617
5503
5388
5271
5152
5031
4909
4785
4659
4532
4404
4275
4144
4011
3878
3743
3607
3470
3331
3191
3050
2908
2764
2619
2472
2325
2176
2025
1873
1720
1566
1410
1252
1093
933
771
608
443
278
111
-57
-226
-397
-569
-741
-915
-1089
-1264
-1440
-1616
-1792
-1969
-2145
-2321
-2497
-2672
-2847
-3020
-3193
-3364
-3533
-3701
-3867
-4030
-4191
-4349
-4504
-4656
-4805
-4950
-5090
-5227
-5359
-5487
-5610
-5728
-5840
-5947
-6048
-6144
-6233
-6317
-6394
-6464
-6528
-6585
-6636
-6679
-6716
-6745
-6768
-6784
-6792
-6794
-6789
-6776
-6757
-6731
-6699
-6660
-6615
-6563
-6506
-6442
-6373
-6299
-6219
-6135
-6045
-5952
-5854
-5752
-5647
-5539
-5428
-5314
-5198
-5079
-4960
-4839
-4717
-4594
-4471
-4349
-4226
-4104
-3983
-3864
-3745
-3629
-3515
-3403
-3294
-3187
-3083
-2983
-2886
-2792
-2703
-2617
-2534
-2456
-2382
-2312
-2246
-2184
-2126
-2072
-2023
-1977
-1935
-1896
-1861
-1830
-1802
-1777
-1754
-1735
-1717
-1702
-1689
-1677
-1667
-1657
-1649
-1641
-1633
-1624
-1615
-1606
-1595
-1583
-1568
-1552
-1533
-1512
-1488
-1460
-1428
-1393
-1354
-1310
-1262
-1209
-1151
-1088
-1019
-945
-866
-781
-690
-593
-491
-383
-269
-149
-24
106
243
385
532
684
841
1003
1169
1339
1513
1691
1871
2055
2242
2430
2621
2813
3006
3200
3394
3588
3782
3974
4166
4355
4542
4727
4908
5086
5260
5429
5594
5754
5909
6057
6199
6335
6464
6586
6701
6808
6906
6997
7080
7153
7219
7275
7322
7361
7390
7410
7422
7423
7416
7400
7375
7341
7298
7246
7186
7117
7041
6956
6864
6765
6658
6545
6425
6298
6166
6028
5885
5737
5585
5428
5267
5103
4936
4766
4593
4419
4243
4066
3887
3709
3529
3350
3172
2994
2817
2641
2467
2294
2124
1956
1790
1627
1467
1309
1155
1004
857
713
573
436
303
173
47
-74
-192
-307
-418
-526
-630
-731
-828
-923
-1014
-1103
-1188
-1271
-1352
-1430
-1506
-1580
-1652
-1723
-1791
-1859
-1925
-1990
-2054
-2118
-2180
-2243
-2304
-2366
-2428
-2489
-2551
-2612
-2674
-2737
-2799
-2862
-2926
-2990
-3055
-3120
-3185
-3251
-3318
-3384
-3452
-3519
-3587
-3654
-3722
-3790
-3857
-3925
-3991
-4058
-4123
-4188
-4251
-4314
-4375
-4435
-4493
-4550
-4604
-4657
-4707
-4755
-4800
-4843
-4883
-4920
-4954
-4985
-5012
-5037
-5057
-5075
-5088
-5098
-5104
-5106
-5105
-5099
-5090
-5077
-5060
-5040
-5015
-4987
-4955
-4919
-4880
-4838
-4792
-4743
-4690
-4635
-4577
-4516
-4452
-4386
-4318
-4247
-4174
-4100
-4024
-3946
-3867
-3787
-3706
-3624
-3541
-3457
-3374
-3289
-3205
-3121
-3037
-2953
-2870
-2787
-2704
-2622
-2541
-2461
-2381
-2302
-2224
-2147
-2071
-1996
-1922
-1848
-1775
-1703
-1632
-1561
-1491
-1422
-1352
-1283
-1214
-1145
-1076
-1007
-937
-867
-796
-724
-652
-578
-503
-426
-348
-268
-186
-102
-16
71
161
254
350
449
550
654
761
870
983
1099
1218
1340
1464
1592
1722
1856
1992
2130
2272
2415
2561
2709
2858
3010
3162
3317
3472
3627
3784
3940
4097
4253
4409
4564
4717
4869
5019
5167
5313
5455
5595
5731
5863
5991
6114
6233
6347
6455
6558
6655
6745
6830
6907
6978
7041
7097
7146
7187
7221
7246
7263
7273
7274
7267
7252
7228
7197
7157
7109
7053
6989
6918
6839
6752
6658
6557
6449
6335
6214
6087
5955
5816
5673
5525
5372
5215
5055
4890
4723
4553
4381
4206
4031
3853
3675
3497
3319
3140
2963
2786
2611
2437
2266
2096
1929
1765
1604
1447
1293
1143
997
855
717
584
456
332
213
98
-10
-115
-214
-309
-399
-484
-565
-641
-712
-779
-843
-902
-957
-1008
-1057
-1102
-1144
-1183
-1220
-1255
-1287
-1318
-1348
-1376
-1404
-1431
-1458
-1484
-1511
-1538
-1566
-1596
-1626
-1658
-1691
-1726
-1764
-1804
-1846
-1891
-1938
-1989
-2042
-2099
-2158
-2221
-2288
-2357
-2430
-2506
-2585
-2668
-2753
-2842
-2933
-3028
-3124
-3224
-3326
-3430
-3535
-3643
-3752
-3862
-3974
-4086
-4198
-4311
-4423
-4536
-4647
-4758
-4867
-4975
-5081
-5184
-5286
-5384
-5480
-5572
-5660
-5745
-5826
-5902
-5974
-6041
-6102
-6159
-6210
-6256
-6295
-6329
-6357
-6379
-6395
-6404
-6407
-6404
-6394
-6378
-6356
-6327
-6292
-6251
-6203
-6150
-6091
-6026
-5955
-5879
-5798
-5711
-5620
-5524
-5423
-5318
-5209
-5097
-4981
-4861
-4739
-4613
-4486
-4356
-4224
-4090
-3955
-3819
-3682
-3544
-3406
-3268
-3129
-2991
-2853
-2716
-2580
-2445
-2311
-2178
-2047
-1917
-1789
-1663
-1539
-1417
-1297
-1179
-1064
-950
-839
-730
-623
-518
-415
-315
-216
-119
-24
68
160
250
338
426
512
597
681
764
847
929
1011
1092
1174
1255
1337
1419
1501
1583
1667
1751
1835
1921
2007
2095
2183
2273
2363
2455
2547
2641
2736
2832
2929
3026
3125
3224
3324
3425
3526
3627
3728
3829
3931
4031
4132
4231
4330
4428
4524
4619
4712
4804
4893
4980
5064
5146
5224
5300
5372
5440
5504
5565
5622
5674
5721
5765
5803
5836
5864
5888
5906
5918
5925
5927
5924
5915
5900
5880
5854
5823
5787
5745
5698
5646
5589
5527
5461
5389
5314
5234
5150
5062
4970
4875
4777
4676
4572
4466
4357
4247
4135
4021
3906
3790
3674
3557
3440
3323
3206
3090
2975
2861
2748
2636
2526
2418
2312
2208
2107
2008
1911
1817
1726
1637
1552
1469
1390
1313
1239
1169
1101
1036
974
915
858
804
752
702
655
610
566
525
485
446
408
371
335
299
264
229
194
158
122
85
47
8
-31
-73
-116
-161
-208
-258
-309
-363
-420
-479
-541
-606
-674
-744
-818
-894
-973
-1056
-1141
-1229
-1320
-1413
-1509
-1608
-1709
-1812
-1917
-2024
-2133
-2243
-2354
-2467
-2580
-2694
-2809
-2923
-3038
-3151
-3265
-3377
-3488
-3597
-3704
-3810
-3913
-4013
-4111
-4205
-4296
-4383
-4466
-4546
-4620
-4690
-4756
-4816
-4871
-4921
-4965
-5004
-5037
-5064
-5086
-5101
-5110
-5114
-5111
-5103
-5088
-5068
-5041
-5009
-4971
-4927
-4879
-4824
-4765
-4701
-4631
-4558
-4480
-4397
-4311
-4222
-4128
-4032
-3933
-3832
-3728
-3622
-3514
-3405
-3295
-3184
-3072
-2960
-2849
-2737
-2626
-2516
-2407
-2299
-2193
-2088
-1986
-1886
-1788
-1692
-1600
-1510
-1423
-1339
-1259
-1181
-1107
-1036
-969
-905
-844
-787
-733
-683
-635
-591
-550
-511
-475
-442
-412
-384
-358
-333
-311
-290
-271
-253
-235
-219
-202
-187
-171
-155
-138
-121
-103
-85
-64
-43
-20
4
31
60
92
125
162
201
242
287
334
384
437
493
552
614
679
747
817
891
966
1045
1125
1208
1293
1380
1468
1558
1650
1742
1835
1929
2023
2118
2212
2306
2399
2491
2581
2671
2758
2844
2927
3008
3086
3160
3232
3299
3363
3423
3479
3530
3577
3619
3656
3688
3714
3736
3752
3762
3767
3766
3760
3748
3731
3707
3679
3645
3605
3560
3510
3455
3395
3331
3262
3188
3111
3029
2944
2855
2763
2669
2571
2472
2370
2266
2161
2055
1947
1839
1731
1623
1515
1407
1301
1195
1091
988
888
789
693
599
508
420
336
254
176
102
31
-35
-98
-157
-212
-263
-310
-353
-391
-426
-457
-484
-507
-526
-542
-555
-564
-569
-572
-572
-569
-564
-557
-547
-536
-523
-509
-494
-477
-460
-443
-425
-408
-390
-373
-357
-342
-328
-315
-304
-294
-287
-281
-277
-276
-277
-281
-288
-297
-309
-324
-342
-362
-386
-413
-442
-474
-509
-547
-588
-631
-676
-724
-774
-826
-880
-935
-992
-1051
-1110
-1170
-1232
-1293
-1355
-1417
-1478
-1540
-1600
-1660
-1718
-1775
-1831
-1885
-1936
-1986
-2033
-2077
-2119
-2158
-2193
-2225
-2254
-2279
-2300
-2317
-2331
-2340
-2345
-2346
-2343
-2336
-2325
-2309
-2289
-2265
-2237
-2205
-2169
-2129
-2085
-2038
-1987
-1933
-1875
-1815
-1752
-1685
-1617
-1546
-1473
-1398
-1321
-1243
-1163
-1083
-1001
-919
-837
-755
-672
-590
-508
-427
-347
-267
-189
-113
-38
35
106
176
243
308
371
432
490
546
599
649
697
742
784
824
862
897
929
959
987
1013
1036
1057
1077
1095
1111
1125
1138
1150
1161
1171
1181
1189
1198
1206
1213
1221
1229
1238
1247
1256
1267
1278
1290
1303
1318
1334
1351
1369
1389
1411
1434
1459
1485
1513
1543
1574
1607
1641
1676
1713
1751
1790
1830
1871
1913
1955
1998
2040
2083
2126
2168
2210
2252
2292
2331
2369
2405
2439
2472
2502
2530
2555
2578
2597
2613
2626
2635
2641
2643
2641
2634
2624
2609
2589
2565
2537
2504
2466
2424
2376
2325
2268
2207
2142
2072
1998
1919
1836
1750
1660
1566
1469
1368
1265
1159
1050
939
826
711
595
478
360
241
122
3
-115
-233
-350
-466
-581
-693
-804
-912
-1017
-1120
-1219
-1315
-1408
-1496
-1581
-1661
-1737
-1808
-1875
-1937
-1994
-2045
-2092
-2134
-2170
-2201
-2227
-2248
-2264
-2274
-2280
-2281
-2277
-2268
-2255
-2238
-2216
-2191
-2162
-2130
-2094
-2055
-2014
-1970
-1925
-1877
-1828
-1777
-1726
-1674
-1622
-1570
-1518
-1467
-1416
-1367
-1320
-1274
-1231
-1189
-1151
-1115
-1082
-1053
-1027
-1005
-987
-973
-963
-958
-957
-960
-968
-980
-998
-1019
-1046
-1077
-1112
-1152
-1197
-1245
-1298
-1354
-1415
-1479
-1546
-1616
-1690
-1766
-1844
-1924
-2006
-2090
-2175
-2261
-2347
-2433
-2520
-2605
-2690
-2774
-2857
-2937
-3015
-3091
-3164
-3234
-3300
-3363
-3421
-3475
-3525
-3570
-3609
-3643
-3672
-3695
-3712
-3723
-3728
-3727
-3719
-3704
-3683
-3656
-3622
-3581
-3534
-3481
-3421
-3354
-3282
-3203
-3118
-3028
-2932
-2830
-2723
-2612
-2495
-2374
-2249
-2120
-1988
-1852
-1713
-1571
-1427
-1281
-1133
-984
-834
-683
-532
-380
-229
-79
70
218
364
509
652
792
930
1065
1197
1325
1450
1571
1688
1800
1909
2013
2113
2208
2298
2384
2465
2541
2612
2679
2740
2797
2850
2897
2940
2979
3013
3043
3068
3090
3108
3123
3134
3141
3146
3148
3146
3143
3137
3129
3119
3108
3094
3080
3065
3048
3031
3014
2996
2978
2959
2942
2924
2907
2890
2874
2859
2845
2832
2820
2809
2799
2790
2783
2777
2772
2768
2766
2764
2764
2766
2768
2771
2775
2780
2785
2791
2798
2805
2813
2820
2828
2835
2842
2849
2856
2861
2867
2871
2874
2876
2877
2876
2874
2870
2865
2858
2849
2838
2825
2811
2794
2775
2754
2730
2705
2677
2647
2615
2581
2545
2507
2467
2425
2382
2336
2289
2241
2191
2140
2088
2034
1980
1925
1869
1813
1757
1700
1643
1587
1530
1474
1419
1364
1309
1256
1204
1152
1102
1053
1006
960
916
873
831
792
754
717
683
650
619
589
561
535
510
486
464
443
423
403
385
368
351
334
318
301
285
268
251
234
215
196
175
153
129
104
76
47
15
-18
-55
-94
-137
-182
-230
-282
-337
-395
-457
-522
-591
-664
-740
-820
-903
-989
-1080
-1173
-1270
-1370
-1473
-1579
-1688
-1800
-1914
-2030
-2148
-2268
-2389
-2512
-2636
-2760
-2885
-3011
-3136
-3260
-3384
-3507
-3628
-3748
-3865
-3981
-4093
-4203
-4309
-4411
-4510
-4604
-4693
-4778
-4858
-4932
-5000
-5063
-5120
-5170
-5214
-5251
-5281
-5304
-5321
-5330
-5332
-5326
-5314
-5294
-5266
-5232
-5190
-5141
-5085
-5022
-4952
-4876
-4793
-4704
-4610
-4509
-4403
-4292
-4175
-4055
-3930
-3801
-3668
-3532
-3394
-3253
-3110
-2965
-2819
-2672
-2525
-2377
-2230
-2084
-1938
-1795
-1653
-1513
-1376
-1242
-1111
-984
-861
-743
-629
-519
-415
-316
-223
-135
-53
22
91
155
212
262
307
344
376
401
420
432
439
439
434
423
406
385
358
326
290
250
206
158
107
53
-2
-61
-122
-184
-248
-312
-377
-441
-506
-569
-632
-693
-752
-809
-864
-916
-965
-1010
-1051
-1089
-1122
-1151
-1175
-1194
-1207
-1216
-1219
-1216
-1208
-1194
-1174
-1147
-1115
-1077
-1034
-984
-928
-867
-799
-727
-649
-565
-477
-384
-286
-183
-77
33
147
265
385
509
635
763
893
1024
1157
1291
1425
1559
1693
1827
1959
2091
2221
2350
2476
2600
2722
2840
2955
3067
3176
3280
3380
3476
3568
3655
3737
3814
3886
3954
4016
4072
4124
4170
4211
4246
4276
4301
4321
4336
4345
4350
4350
4345
4335
4321
4303
4280
4254
4224
4190
4153
4112
4069
4022
3974
3922
3869
3814
3756
3698
3637
3576
3514
3451
3387
3323
3259
3194
3129
3065
3001
2937
2874
2812
2750
2689
2629
2570
2512
2455
2399
2345
2291
2238
2187
2136
2087
2039
1991
1945
1899
1855
1811
1768
1725
1683
1642
1601
1560
1519
1479
1439
1398
1358
1318
1277
1236
1194
1153
1111
1068
1025
981
936
891
846
800
753
705
657
609
560
510
460
410
359
308
257
206
155
104
53
3
-46
-95
-144
-191
-238
-284
-329
-372
-414
-454
-493
-530
-565
-598
-630
-659
-686
-710
-732
-752
-770
-785
-797
-807
-815
-820
-822
-823
-820
-816
-809
-799
-788
-775
-760
-743
-724
-704
-683
-660
-636
-612
-587
-561
-536
-510
-484
-459
-435
-411
-388
-367
-347
-329
-313
-300
-288
-279
-273
-270
-270
-274
-281
-291
-306
-324
-347
-373
-404
-439
-478
-522
-570
-623
-680
-741
-807
-877
-951
-1029
-1111
-1196
-1286
-1379
-1475
-1574
-1676
-1780
-1887
-1996
-2107
-2219
-2332
-2447
-2561
-2676
-2791
-2906
-3020
-3132
-3243
-3353
-3460
-3564
-3666
-3764
-3859
-3950
-4037
-4119
-4196
-4269
-4335
-4397
-4452
-4501
-4544
-4580
-4610
-4632
-4648
-4657
-4658
-4652
-4639
-4618
-4590
-4554
-4511
-4461
-4404
-4340
-4268
-4190
-4106
-4015
-3917
-3814
-3705
-3591
-3472
-3348
-3219
-3086
-2950
-2810
-2667
-2521
-2373
-2223
-2072
-1920
-1768
-1615
-1462
-1310
-1159
-1010
-862
-717
-574
-435
-299
-167
-39
84
203
317
425
528
625
716
800
879
950
1015
1073
1125
1169
1206
1236
1260
1276
1285
1288
1284
1274
1257
1233
1204
1169
1129
1083
1032
976
916
852
784
712
638
561
481
399
316
232
146
60
-24
-110
-195
-278
-361
-441
-519
-595
-668
-738
-804
-866
-925
-979
-1028
-1073
-1113
-1147
-1176
-1200
-1218
-1230
-1236
-1237
-1232
-1220
-1203
-1179
-1150
-1115
-1074
-1027
-975
-917
-855
-787
-714
-636
-554
-468
-378
-284
-186
-86
17
123
232
342
454
568
683
798
914
1030
1146
1261
1376
1489
1601
1712
1821
1927
2031
2133
2232
2327
2420
2508
2594
2675
2753
2827
2896
2962
3023
3080
3132
3180
3223
3263
3297
3328
3354
3376
3393
3407
3416
3422
3424
3422
3416
3408
3396
3381
3363
3342
3319
3293
3266
3236
3204
3171
3136
3100
3063
3025
2986
2946
2906
2865
2824
2783
2743
2702
2662
2622
2582
2543
2505
2467
2430
2394
2358
2324
2290
2257
2225
2194
2163
2133
2104
2076
2048
2021
1994
1968
1942
1916
1891
1865
1840
1815
1789
1764
1738
1711
1684
1657
1629
1600
1571
1540
1509
1477
1444
1410
1375
1339
1301
1263
1224
1184
1142
1100
1057
1013
968
922
876
829
781
733
685
636
588
539
491
442
395
347
301
255
210
166
124
83
43
5
-30
-65
-97
-128
-156
-182
-205
-226
-245
-261
-274
-285
-293
-298
-300
-300
-297
-292
-284
-273
-260
-244
-226
-206
-184
-161
-135
-108
-79
-49
-18
13
45
78
111
145
177
210
242
272
302
330
356
381
403
423
440
454
466
474
478
479
476
468
457
441
421
396
367
332
293
249
200
146
87
23
-45
-118
-197
-280
-368
-460
-556
-657
-761
-869
-981
-1096
-1214
-1335
-1458
-1583
-1711
-1839
-1970
-2101
-2232
-2364
-2496
-2627
-2758
-2887
-3015
-3141
-3265
-3386
-3504
-3619
-3730
-3837
-3940
-4039
-4132
-4221
-4304
-4382
-4453
-4519
-4578
-4630
-4676
-4716
-4748
-4774
-4792
-4803
-4807
-4804
-4794
-4777
-4752
-4721
-4683
-4638
-4587
-4529
-4464
-4394
-4318
-4237
-4150
-4058
-3961
-3860
-3755
-3646
-3534
-3418
-3300
-3180
-3057
-2933
-2808
-2682
-2556
-2430
-2304
-2178
-2054
-1931
-1810
-1692
-1576
-1462
-1352
-1246
-1143
-1044
-949
-859
-774
-694
-619
-549
-484
-426
-372
-325
-283
-247
-217
-193
-175
-162
-155
-153
-157
-166
-180
-199
-223
-251
-284
-320
-360
-404
-451
-501
-553
-607
-664
-722
-781
-841
-902
-962
-1023
-1083
-1143
-1201
-1257
-1312
-1365
-1415
-1462
-1506
-1547
-1584
-1618
-1647
-1672
-1693
-1709
-1720
-1725
-1726
-1722
-1712
-1697
-1676
-1650
-1618
-1580
-1538
-1489
-1436
-1377
-1312
-1243
-1169
-1090
-1006
-918
-826
-729
-629
-525
-418
-307
-194
-78
39
159
281
404
528
653
779
905
1031
1157
1282
1407
1530
1652
1772
1891
2007
2121
2233
2342
2448
2551
2651
2747
2840
2930
3015
3097
3175
3250
3320
3386
3449
3507
3562
3612
3659
3702
3741
3777
3809
3838
3863
3885
3904
3920
3934
3944
3953
3958
3962
3964
3964
3962
3958
3954
3948
3941
3933
3924
3915
3906
3896
3886
3875
3865
3855
3845
3836
3826
3818
3809
3802
3794
3788
3781
3776
3771
3766
3762
3758
3755
3752
3749
3746
3744
3741
3738
3735
3732
3728
3723
3718
3712
3705
3697
3687
3676
3664
3650
3634
3616
3597
3575
3551
3525
3496
3465
3431
3395
3355
3314
3269
3222
3172
3119
3063
3005
2943
2879
2813
2744
2672
2598
2522
2443
2363
2280
2196
2109
2022
1933
1843
1752
1660
1567
1474
1380
1287
1194
1100
1008
916
825
735
646
559
473
390
308
228
150
75
2
-67
-135
-200
-262
-321
-377
-430
-480
-527
-570
-611
-649
-684
-716
-745
-772
-796
-817
-836
-853
-868
-881
-892
-901
-909
-916
-922
-927
-931
-936
-940
-944
-949
-954
-960
-967
-975
-985
-996
-1010
-1025
-1043
-1063
-1086
-1112
-1141
-1174
-1209
-1248
-1290
-1337
-1386
-1440
-1497
-1559
-1624
-1693
-1766
-1842
-1923
-2007
-2094
-2185
-2279
-2377
-2478
-2581
-2687
-2796
-2906
-3019
-3133
-3249
-3367
-3485
-3604
-3723
-3842
-3961
-4079
-4197
-4313
-4428
-4540
-4651
-4759
-4865
-4967
-5066
-5161
-5252
-5339
-5421
-5498
-5571
-5638
-5699
-5755
-5805
-5849
-5887
-5918
-5943
-5961
-5972
-5977
-5975
-5966
-5951
-5928
-5899
-5863
-5821
-5772
-5717
-5656
-5588
-5515
-5436
-5351
-5262
-5167
-5067
-4963
-4855
-4743
-4627
-4508
-4386
-4261
-4134
-4005
-3874
-3741
-3608
-3474
-3340
-3206
-3072
-2939
-2806
-2675
-2546
-2418
-2293
-2169
-2049
-1931
-1817
-1706
-1598
-1494
-1394
-1298
-1205
-1117
-1034
-955
-880
-809
-743
-681
-624
-571
-522
-477
-437
-400
-367
-338
-313
-290
-271
-254
-241
-229
-220
-213
-208
-204
-201
-199
-198
-197
-197
-196
-194
-192
-190
-185
-180
-173
-163
-152
-138
-122
-103
-81
-56
-28
2
37
76
118
164
214
267
324
385
450
518
590
666
745
828
914
1003
1095
1189
1287
1387
1489
1593
1699
1806
1915
2025
2136
2247
2358
2470
2581
2692
2802
2911
3019
3125
3229
3332
3432
3529
3624
3715
3804
3889
3970
4048
4122
4191
4257
4318
4375
4427
4475
4518
4556
4590
4619
4643
4663
4678
4689
4695
4696
4694
4687
4676
4661
4642
4620
4595
4566
4534
4499
4461
4421
4379
4334
4288
4240
4191
4141
4090
4038
3985
3933
3880
3827
3775
3723
3672
3621
3572
3524
3477
3431
3387
3345
3304
3265
3228
3193
3160
3129
3099
3072
3047
3023
3001
2981
2963
2946
2931
2917
2905
2893
2883
2873
2864
2856
2848
2840
2832
2824
2816
2807
2797
2786
2775
2761
2747
2731
2712
2692
2670
2645
2618
2588
2556
2520
2482
2440
2396
2348
2297
2243
2185
2124
2060
1992
1921
1847
1769
1688
1605
1518
1428
1336
1241
1144
1045
943
839
734
627
519
410
300
189
78
-32
-144
-255
-365
-475
-584
-691
-797
-902
-1004
-1104
-1202
-1298
-1390
-1480
-1566
-1650
-1730
-1806
-1879
-1947
-2012
-2073
-2130
-2183
-2232
-2276
-2317
-2353
-2385
-2413
-2437
-2456
-2472
-2485
-2493
-2498
-2499
-2497
-2492
-2484
-2474
-2460
-2445
-2427
-2407
-2385
-2362
-2337
-2312
-2285
-2258
-2231
-2204
-2176
-2149
-2123
-2097
-2072
-2049
-2026
-2006
-1987
-1970
-1955
-1942
-1932
-1925
-1919
-1917
-1917
-1920
-1927
-1936
-1948
-1963
-1980
-2001
-2025
-2051
-2081
-2113
-2147
-2184
-2224
-2265
-2309
-2354
-2401
-2450
-2500
-2551
-2603
-2656
-2709
-2763
-2817
-2870
-2923
-2975
-3027
-3077
-3126
-3173
-3218
-3262
-3303
-3342
-3378
-3411
-3441
-3469
-3492
-3513
-3529
-3542
-3551
-3557
-3558
-3555
-3548
-3537
-3522
-3503
-3480
-3452
-3421
-3386
-3347
-3304
-3257
-3207
-3154
-3097
-3037
-2974
-2909
-2841
-2771
-2699
-2625
-2549
-2472
-2394
-2314
-2235
-2154
-2074
-1994
-1914
-1834
-1756
-1678
-1602
-1528
-1455
-1384
-1315
-1248
-1184
-1123
-1064
-1009
-956
-907
-861
-819
-780
-744
-712
-684
-659
-638
-620
-605
-595
-587
-583
-582
-583
-588
-595
-605
-618
-632
-649
-667
-687
-709
-731
-755
-779
-803
-828
-852
-876
-900
-922
-944
-964
-983
-1000
-1015
-1028
-1038
-1045
-1050
-1052
-1050
-1046
-1037
-1026
-1010
-991
-967
-940
-909
-874
-835
-792
-745
-694
-639
-580
-517
-451
-382
-309
-232
-153
-71
13
100
190
282
375
470
566
664
762
861
960
1059
1157
1255
1353
1449
1544
1637
1728
1817
1904
1988
2070
2148
2223
2295
2363
2427
2487
2544
2596
2644
2687
2726
2761
2791
2817
2838
2855
2867
2875
2879
2879
2874
2866
2853
2837
2818
2795
2769
2740
2708
2674
2638
2600
2560
2519
2476
2433
2389
2345
2300
2256
2212
2170
2128
2087
2048
2011
1976
1944
1913
1886
1862
1840
1822
1808
1797
1790
1787
1787
1792
1801
1814
1831
1853
1879
1908
1942
1980
2022
2068
2118
2171
2227
2287
2350
2416
2485
2556
2629
2704
2781
2860
2940
3020
3102
3183
3265
3346
3427
3507
3586
3663
3739
3813
3884
3953
4018
4081
4140
4196
4248
4295
4339
4378
4412
4441
4466
4485
4499
4508
4512
4510
4502
4489
4470
4446
4416
4381
4341
4295
4244
4187
4126
4060
3989
3914
3834
3750
3662
3571
3476
3377
3276
3172
3065
2956
2845
2732
2617
2502
2385
2268
2150
2032
1914
1797
1680
1564
1448
1334
1222
1111
1001
894
789
686
585
487
392
299
209
122
38
-42
-121
-196
-269
-339
-406
-470
-531
-590
-646
-700
-752
-801
-848
-894
-937
-979
-1020
-1059
-1097
-1135
-1171
-1207
-1243
-1278
-1313
-1349
-1385
-1421
-1458
-1496
-1535
-1575
-1616
-1658
-1702
-1748
-1795
-1845
-1896
-1949
-2004
-2061
-2120
-2181
-2244
-2309
-2377
-2446
-2518
-2591
-2666
-2743
-2822
-2902
-2983
-3066
-3150
-3236
-3322
-3408
-3496
-3583
-3671
-3759
-3847
-3934
-4021
-4108
-4193
-4277
-4360
-4441
-4521
-4598
-4674
-4748
-4819
-4888
-4954
-5017
-5077
-5134
-5188
-5239
-5287
-5331
-5371
-5408
-5442
-5471
-5497
-5520
-5539
-5554
-5566
-5574
-5579
-5580
-5578
-5572
-5564
-5553
-5538
-5521
-5501
-5479
-5454
-5428
-5399
-5368
-5336
-5302
-5267
-5230
-5193
-5154
-5115
-5076
-5036
-4996
-4956
-4915
-4876
-4836
-4797
-4759
-4721
-4684
-4648
-4613
-4579
-4546
-4513
-4482
-4453
-4424
-4396
-4369
-4343
-4318
-4294
-4271
-4248
-4226
-4204
-4182
-4161
-4140
-4118
-4096
-4073
-4050
-4025
-4000
-3973
-3944
-3914
-3882
-3847
-3810
-3771
-3728
-3683
-3634
-3581
-3525
-3465
-3401
-3333
-3260
-3183
-3101
-3015
-2923
-2827
-2725
-2618
-2507
-2389
-2267
-2140
-2007
-1869
-1726
-1578
-1425
-1268
-1105
-939
-767
-592
-413
-230
-43
146
339
534
732
932
1134
1338
1542
1748
1954
2160
2365
2571
2775
2978
3179
3378
3574
3768
3959
4146
4330
4509
4684
4854
5019
5179
5333
5481
5623
5759
5888
6011
6127
6236
6337
6432
6519
6599
6671
6736
6794
6844
6887
6923
6951
6973
6987
6995
6996
6991
6979
6962
6939
6910
6876
6838
6794
6746
6695
6639
6580
6518
6454
6387
6318
6248
6176
6103
6029
5956
5882
5809
5736
5665
5594
5526
5459
5394
5331
5271
5214
5160
5109
5061
5017
4976
4939
4906
4876
4850
4828
4810
4796
4785
4778
4775
4775
4778
4785
4794
4807
4822
4839
4859
4881
4904
4929
4955
4982
5009
5037
5065
5092
5119
5144
5169
5191
5212
5231
5247
5260
5269
5276
5278
5277
5271
5261
5245
5225
5200
5169
5132
5090
5042
4988
4927
4861
4788
4708
4623
4530
4432
4327
4216
4098
3975
3845
3709
3568
3421
3268
3111
2948
2780
2608
2431
2251
2066
1878
1687
1493
1296
1097
896
693
489
284
78
-128
-334
-540
-746
-950
-1154
-1356
-1556
-1754
-1950
-2144
-2334
-2522
-2706
-2886
-3063
-3237
-3406
-3570
-3731
-3887
-4038
-4185
-4327
-4464
-4597
-4724
-4846
-4964
-5076
-5184
-5287
-5384
-5478
-5566
-5650
-5729
-5803
-5874
-5940
-6001
-6059
-6113
-6164
-6210
-6254
-6294
-6330
-6364
-6395
-6423
-6449
-6472
-6493
-6511
-6528
-6542
-6555
-6566
-6576
-6584
-6591
-6596
-6600
-6603
-6604
-6605
-6604
-6602
-6600
-6596
-6591
-6586
-6579
-6571
-6562
-6552
-6541
-6528
-6514
-6499
-6482
-6464
-6444
-6423
-6400
-6375
-6348
-6319
-6288
-6254
-6219
-6181
-6141
-6098
-6052
-6004
-5954
-5900
-5844
-5785
-5723
-5658
-5591
-5520
-5447
-5370
-5291
-5209
-5124
-5037
-4947
-4854
-4759
-4661
-4561
-4459
-4355
-4249
-4141
-4031
-3920
-3808
-3694
-3579
-3464
-3348
-3232
-3115
-2998
-2882
-2765
-2650
-2535
-2420
-2307
-2195
-2085
-1976
-1869
-1764
-1661
-1561
-1462
-1366
-1273
-1183
-1095
-1010
-928
-849
-773
-700
-631
-564
-500
-440
-382
-327
-275
-226
-180
-136
-94
-55
-18
16
49
81
111
140
169
196
222
249
275
301
328
355
384
413
443
475
509
545
583
623
666
712
761
813
868
927
989
1055
1125
1198
1276
1357
1443
1532
1626
1723
1824
1930
2039
2152
2268
2388
2511
2637
2766
2897
3032
3168
3306
3446
3588
3730
3873
4017
4161
4304
4448
4590
4730
4870
5007
5142
5274
5403
5528
5649
5767
5880
5988
6090
6187
6279
6364
6442
6514
6579
6637
6688
6730
6765
6793
6812
6823
6825
6819
6805
6783
6752
6713
6665
6610
6546
6474
6394
6307
6212
6110
6000
5884
5762
5633
5499
5359
5213
5063
4908
4749
4587
4421
4253
4081
3908
3734
3558
3381
3204
3028
2852
2677
2503
2331
2162
1995
1831
1671
1514
1362
1214
1071
933
800
673
551
436
327
224
128
38
-44
-119
-189
-251
-306
-354
-396
-430
-458
-480
-495
-503
-506
-502
-493
-478
-458
-433
-404
-369
-331
-289
-244
-195
-143
-89
-33
24
83
144
205
266
328
389
450
509
567
624
679
731
781
828
872
912
950
983
1013
1038
1060
1076
1089
1097
1100
1098
1092
1081
1065
1044
1019
989
954
915
871
823
771
715
655
591
524
453
380
303
224
143
59
-26
-113
-201
-291
-381
-472
-564
-656
-747
-838
-928
-1018
-1106
-1193
-1278
-1362
-1444
-1523
-1600
-1675
-1747
-1816
-1882
-1945
-2005
-2062
-2116
-2166
-2212
-2256
-2295
-2331
-2364
-2393
-2419
-2442
-2461
-2476
-2489
-2498
-2505
-2508
-2509
-2507
-2502
-2495
-2486
-2475
-2461
-2446
-2429
-2410
-2390
-2368
-2346
-2322
-2298
-2273
-2247
-2221
-2195
-2169
-2142
-2116
-2090
-2064
-2038
-2013
-1988
-1964
-1941
-1918
-1896
-1874
-1854
-1834
-1815
-1797
-1779
-1763
-1747
-1731
-1717
-1703
-1689
-1676
-1664
-1652
-1640
-1628
-1617
-1605
-1594
-1583
-1571
-1559
-1547
-1535
-1522
-1509
-1495
-1481
-1466
-1450
-1434
-1417
-1399
-1380
-1361
-1341
-1320
-1298
-1275
-1252
-1228
-1204
-1179
-1154
-1128
-1102
-1075
-1049
-1023
-996
-970
-945
-920
-895
-872
-849
-827
-807
-788
-771
-755
-741
-729
-719
-712
-707
-704
-705
-708
-714
-723
-735
-750
-769
-791
-816
-845
-878
-914
-953
-996
-1042
-1092
-1145
-1201
-1261
-1324
-1389
-1458
-1529
-1603
-1679
-1757
-1837
-1920
-2003
-2088
-2174
-2261
-2348
-2435
-2523
-2610
-2697
-2782
-2866
-2949
-3030
-3109
-3185
-3258
-3328
-3395
-3458
-3518
-3572
-3623
-3668
-3709
-3744
-3773
-3797
-3815
-3826
-3832
-3830
-3822
-3808
-3786
-3758
-3723
-3680
-3631
-3575
-3512
-3441
-3364
-3280
-3190
-3093
-2989
-2880
-2764
-2643
-2516
-2384
-2246
-2104
-1958
-1808
-1653
-1495
-1335
-1171
-1005
-837
-668
-497
-326
-154
17
188
359
528
696
861
1025
1185
1343
1497
1647
1793
1935
2072
2204
2331
2452
2567
2677
2780
2877
2968
3052
3130
3200
3264
3322
3372
3416
3453
3483
3507
3525
3536
3541
3540
3534
3522
3504
3482
3455
3423
3387
3348
3304
3258
3209
3158
3104
3049
2992
2934
2876
2817
2759
2701
2645
2589
2535
2483
2433
2386
2342
2302
2264
2231
2202
2177
2156
2140
2130
2124
2123
2128
2139
2154
2176
2203
2235
2273
2317
2366
2420
2480
2545
2615
2689
2769
2853
2941
3033
3128
3227
3329
3435
3542
3652
3763
3877
3991
4106
4221
4337
4452
4567
4680
4792
4903
5011
5117
5220
5320
5416
5508
5597
5680
5760
5834
5903
5966
6024
6076
6122
6161
6194
6221
6241
6254
6260
6259
6252
6237
6216
6187
6152
6110
6061
6006
5943
5875
5800
5719
5632
5540
5441
5338
5229
5115
4997
4874
4747
4616
4481
4343
4202
4058
3911
3762
3610
3457
3302
3146
2989
2831
2673
2514
2355
2196
2037
1879
1721
1565
1409
1254
1101
949
799
650
503
357
214
72
-67
-204
-340
-474
-606
-735
-863
-989
-1113
-1235
-1355
-1474
-1591
-1706
-1820
-1932
-2043
-2152
-2261
-2368
-2474
-2579
-2683
-2787
-2889
-2991
-3092
-3193
-3293
-3393
-3492
-3591
-3690
-3788
-3886
-3983
-4081
-4177
-4274
-4370
-4466
-4561
-4656
-4750
-4843
-4936
-5028
-5119
-5209
-5297
-5385
-5471
-5556
-5639
-5721
-5800
-5878
-5953
-6027
-6097
-6166
-6231
-6294
-6354
-6411
-6465
-6516
-6563
-6606
-6646
-6683
-6716
-6744
-6769
-6790
-6807
-6821
-6830
-6835
-6835
-6832
-6825
-6814
-6799
-6780
-6758
-6731
-6701
-6668
-6631
-6591
-6547
-6501
-6451
-6399
-6345
-6288
-6229
-6168
-6105
-6040
-5974
-5907
-5839
-5770
-5700
-5630
-5560
-5490
-5420
-5350
-5281
-5212
-5144
-5077
-5012
-4948
-4885
-4824
-4764
-4706
-4650
-4596
-4544
-4494
-4446
-4400
-4355
-4313
-4273
-4235
-4199
-4164
-4131
-4100
-4070
-4041
-4014
-3987
-3962
-3937
-3912
-3888
-3863
-3839
-3814
-3788
-3761
-3734
-3704
-3673
-3640
-3605
-3567
-3527
-3484
-3437
-3387
-3333
-3275
-3213
-3147
-3076
-3000
-2920
-2834
-2743
-2647
-2545
-2438
-2325
-2206
-2081
-1951
-1814
-1672
-1525
-1371
-1212
-1047
-877
-702
-521
-336
-145
48
248
451
658
868
1082
1299
1518
1739
1962
2187
2413
2640
2867
3094
3320
3546
3770
3993
4214
4432
4647
4859
5068
5272
5472
5667
5857
6042
6220
6393
6559
6719
6871
7016
7154
7284
7406
7521
7627
7725
7814
7895
7967
8031
8087
8133
8172
8201
8223
8236
8241
8238
8227
8209
8183
8150
8110
8063
8010
7951
7886
7816
7740
7659
7574
7485
7392
7296
7196
7094
6989
6883
6775
6666
6556
6445
6334
6223
6113
6004
5895
5788
5683
5580
5479
5380
5284
5190
5100
5013
4929
4849
4772
4698
4628
4562
4500
4441
4386
4335
4287
4243
4202
4165
4131
4099
4071
4045
4022
4001
3982
3965
3949
3935
3922
3910
3899
3888
3877
3866
3854
3841
3828
3813
3797
3779
3759
3736
3711
3683
3653
3619
3582
3541
3497
3448
3396
3340
3279
3214
3145
3071
2993
2911
2824
2732
2636
2536
2431
2322
2209
2092
1971
1846
1718
1586
1451
1313
1172
1028
882
733
583
431
277
123
-32
-189
-345
-502
-659
-816
-972
-1127
-1282
-1434
-1586
-1735
-1883
-2028
-2171
-2311
-2448
-2583
-2714
-2842
-2967
-3088
-3206
-3320
-3430
-3536
-3638
-3737
-3831
-3922
-4008
-4091
-4169
-4244
-4315
-4382
-4445
-4505
-4561
-4614
-4664
-4710
-4754
-4794
-4832
-4867
-4899
-4929
-4957
-4983
-5008
-5030
-5051
-5070
-5088
-5105
-5121
-5136
-5150
-5163
-5176
-5189
-5201
-5213
-5225
-5237
-5248
-5260
-5271
-5283
-5295
-5306
-5318
-5330
-5342
-5353
-5365
-5377
-5388
-5399
-5409
-5419
-5429
-5438
-5446
-5453
-5459
-5463
-5467
-5469
-5469
-5467
-5464
-5459
-5451
-5441
-5429
-5414
-5396
-5375
-5352
-5325
-5295
-5262
-5226
-5186
-5142
-5095
-5045
-4991
-4933
-4871
-4806
-4737
-4664
-4588
-4509
-4426
-4339
-4249
-4157
-4061
-3962
-3860
-3756
-3649
-3540
-3429
-3316
-3201
-3085
-2967
-2849
-2729
-2609
-2489
-2369
-2249
-2129
-2010
-1891
-1774
-1658
-1544
-1432
-1321
-1213
-1108
-1005
-905
-808
-714
-623
-536
-453
-373
-298
-226
-158
-95
-35
19
70
117
160
198
233
264
290
313
332
348
360
369
375
378
378
376
371
365
356
346
335
322
309
295
281
267
253
239
227
215
205
196
189
183
180
180
182
187
195
206
221
239
260
286
315
348
385
426
471
520
573
630
691
756
825
897
973
1053
1136
1222
1311
1402
1497
1593
1692
1793
1895
1999
2103
2209
2315
2421
2528
2633
2739
2843
2946
3047
3147
3244
3340
3432
3521
3608
3690
3769
3844
3915
3982
4044
4101
4154
4201
4244
4281
4312
4339
4359
4375
4384
4389
4388
4381
4369
4352
4329
4302
4269
4232
4190
4143
4092
4038
3979
3917
3851
3782
3711
3637
3560
3482
3402
3320
3238
3155
3071
2987
2903
2819
2737
2655
2574
2495
2418
2343
2270
2200
2132
2067
2006
1948
1893
1842
1795
1751
1712
1676
1645
1618
1595
1576
1561
1550
1544
1541
1543
1548
1557
1569
1585
1604
1626
1651
1679
1709
1742
1776
1813
1850
1889
1930
1970
2012
2053
2095
2136
2177
2216
2255
2292
2328
2362
2394
2423
2450
2474
2495
2514
2529
2540
2548
2552
2553
2549
2542
2530
2515
2495
2471
2444
2412
2376
2336
2292
2244
2193
2137
2079
2017
1952
1884
1813
1739
1663
1584
1504
1422
1338
1253
1166
1079
992
903
815
727
639
552
465
380
295
213
131
52
-24
-99
-172
-242
-309
-374
-436
-495
-550
-603
-652
-699
-742
-781
-818
-851
-881
-908
-932
-953
-971
-986
-999
-1009
-1017
-1022
-1026
-1028
-1028
-1026
-1024
-1020
-1016
-1010
-1005
-999
-994
-988
-983
-979
-976
-974
-973
-974
-976
-980
-987
-995
-1006
-1020
-1036
-1056
-1078
-1103
-1131
-1162
-1197
-1234
-1275
-1319
-1367
-1418
-1472
-1529
-1589
-1652
-1718
-1787
-1858
-1932
-2008
-2087
-2167
-2249
-2333
-2418
-2505
-2592
-2680
-2769
-2858
-2947
-3036
-3124
-3211
-3298
-3383
-3467
-3549
-3630
-3708
-3784
-3857
-3927
-3995
-4059
-4120
-4177
-4231
-4280
-4326
-4368
-4405
-4439
-4468
-4492
-4512
-4528
-4539
-4546
-4548
-4546
-4539
-4528
-4513
-4494
-4471
-4444
-4413
-4378
-4340
-4299
-4254
-4207
-4157
-4104
-4049
-3992
-3933
-3872
-3810
-3747
-3683
-3617
-3552
-3486
-3420
-3354
-3288
-3223
-3159
-3096
-3034
-2973
-2913
-2855
-2799
-2745
-2693
-2643
-2595
-2550
-2506
-2466
-2427
-2391
-2358
-2327
-2298
-2272
-2248
-2226
-2207
-2190
-2174
-2161
-2149
-2139
-2130
-2123
-2117
-2111
-2107
-2103
-2099
-2096
-2092
-2088
-2084
-2079
-2073
-2066
-2058
-2049
-2037
-2024
-2008
-1991
-1971
-1948
-1922
-1894
-1862
-1828
-1790
-1748
-1704
-1655
-1603
-1547
-1488
-1425
-1358
-1288
-1214
-1136
-1055
-970
-882
-790
-696
-598
-497
-394
-288
-180
-69
43
157
273
391
509
629
749
869
990
1111
1232
1352
1471
1589
1706
1821
1935
2047
2157
2264
2369
2471
2570
2666
2759
2849
2935
3018
3096
3172
3243
3310
3373
3433
3488
3539
3587
3630
3670
3706
3738
3767
3792
3813
3831
3847
3859
3868
3875
3879
3881
3881
3879
3875
3870
3863
3856
3847
3838
3829
3819
3810
3801
3792
3784
3776
3770
3764
3760
3758
3757
3758
3761
3765
3772
3781
3791
3805
3820
3838
3857
3879
3904
3930
3959
3989
4021
4056
4091
4129
4167
4207
4248
4290
4333
4375
4418
4462
4504
4547
4589
4629
4669
4707
4743
4777
4809
4839
4866
4890
4910
4928
4941
4951
4956
4958
4955
4947
4935
4917
4895
4867
4834
4796
4753
4704
4649
4589
4524
4453
4377
4296
4209
4117
4020
3919
3812
3701
3586
3466
3343
3216
3085
2951
2814
2675
2533
2389
2243
2096
1947
1798
1648
1498
1348
1198
1049
902
755
611
468
327
190
54
-76
-205
-330
-451
-568
-681
-790
-894
-993
-1088
-1177
-1262
-1341
-1416
-1485
-1549
-1607
-1661
-1710
-1753
-1791
-1825
-1854
-1878
-1898
-1913
-1925
-1932
-1936
-1936
-1933
-1927
-1919
-1908
-1894
-1879
-1862
-1844
-1825
-1805
-1785
-1764
-1744
-1724
-1705
-1686
-1669
-1654
-1640
-1629
-1620
-1613
-1609
-1608
-1610
-1615
-1624
-1636
-1653
-1672
-1696
-1724
-1756
-1792
-1831
-1875
-1923
-1975
-2031
-2091
-2155
-2222
-2292
-2367
-2444
-2524
-2607
-2693
-2781
-2872
-2964
-3058
-3153
-3250
-3347
-3445
-3544
-3642
-3740
-3838
-3935
-4030
-4125
-4217
-4307
-4395
-4481
-4564
-4643
-4720
-4793
-4862
-4927
-4987
-5044
-5096
-5143
-5185
-5223
-5255
-5282
-5304
-5320
-5331
-5337
-5337
-5332
-5322
-5306
-5285
-5259
-5227
-5191
-5150
-5104
-5053
-4998
-4939
-4876
-4809
-4738
-4663
-4586
-4505
-4422
-4336
-4248
-4158
-4065
-3972
-3877
-3781
-3684
-3587
-3489
-3391
-3294
-3196
-3099
-3003
-2908
-2814
-2722
-2631
-2541
-2454
-2368
-2284
-2203
-2123
-2046
-1972
-1899
-1830
-1762
-1698
-1635
-1576
-1518
-1463
-1411
-1361
-1313
-1267
-1223
-1182
-1142
-1103
-1067
-1032
-998
-965
-934
-903
-873
-844
-815
-787
-758
-730
-701
-672
-643
-613
-582
-551
-519
-485
-451
-415
-378
-340
-300
-259
-216
-171
-125
-78
-29
21
73
127
182
238
296
355
415
476
539
602
665
730
795
860
925
991
1056
1121
1186
1250
1313
1376
1437
1498
1557
1615
1671
1725
1778
1829
1878
1924
1969
2011
2050
2088
2122
2155
2185
2212
2237
2259
2278
2296
2310
2323
2333
2341
2347
2350
2352
2352
2351
2348
2343
2338
2331
2324
2316
2307
2298
2290
2281
2272
2264
2257
2251
2246
2242
2239
2238
2239
2242
2247
2255
2265
2277
2292
2310
2331
2355
2382
2412
2445
2481
2521
2563
2609
2658
2710
2765
2823
2884
2947
3013
3082
3152
3225
3300
3376
3454
3533
3613
3693
3775
3856
3937
4019
4099
4179
4257
4334
4409
4482
4553
4621
4686
4748
4806
4860
4911
4957
4999
5036
5068
5095
5116
5132
5142
5146
5145
5137
5123
5103
5076
5044
5005
4959
4908
4850
4786
4716
4640
4558
4471
4378
4280
4177
4068
3956
3839
3717
3592
3464
3332
3198
3061
2922
2781
2638
2494
2350
2205
2060
1916
1772
1629
1488
1349
1211
1076
944
815
690
568
450
336
227
122
23
-70
-160
-243
-321
-394
-460
-521
-575
-624
-667
-704
-735
-760
-780
-794
-802
-805
-803
-796
-784
-767
-746
-721
-693
-661
-625
-587
-546
-503
-458
-412
-364
-316
-267
-218
-170
-122
-75
-29
14
56
95
132
166
196
223
246
265
279
288
293
292
286
275
258
236
207
173
133
86
34
-23
-87
-157
-233
-315
-403
-496
-594
-698
-806
-919
-1037
-1160
-1286
-1416
-1550
-1687
-1827
-1969
-2114
-2261
-2409
-2559
-2710
-2861
-3013
-3164
-3316
-3466
-3615
-3763
-3909
-4053
-4194
-4333
-4469
-4601
-4730
-4855
-4976
-5093
-5205
-5312
-5414
-5511
-5603
-5690
-5771
-5847
-5916
-5980
-6039
-6091
-6137
-6178
-6213
-6242
-6265
-6282
-6294
-6300
-6301
-6297
-6287
-6273
-6253
-6229
-6201
-6168
-6131
-6090
-6045
-5997
-5946
-5891
-5834
-5774
-5711
-5646
-5579
-5511
-5441
-5369
-5296
-5223
-5148
-5073
-4997
-4921
-4844
-4768
-4692
-4616
-4540
-4465
-4390
-4316
-4242
-4170
-4097
-4026
-3956
-3886
-3817
-3749
-3682
-3615
-3550
-3484
-3420
-3356
-3293
-3230
-3167
-3105
-3042
-2980
-2918
-2856
-2793
-2731
-2668
-2604
-2540
-2475
-2409
-2343
-2275
-2207
-2138
-2067
-1995
-1922
-1848
-1772
-1695
-1617
-1537
-1456
-1373
-1289
-1204
-1118
-1030
-941
-851
-759
-667
-574
-480
-385
-290
-194
-98
-1
95
192
288
385
481
577
672
766
860
952
1043
1133
1222
1309
1394
1478
1560
1640
1718
1793
1867
1938
2008
2074
2139
2201
2261
2318
2373
2426
2477
2525
2571
2616
2658
2698
2736
2773
2808
2842
2875
2906
2936
2966
2995
3023
3051
3079
3107
3135
3164
3193
3223
3254
3286
3319
3354
3391
3429
3469
3511
3556
3603
3652
3704
3758
3815
3875
3938
4003
4072
4143
4217
4294
4373
4455
4540
4628
4717
4809
4903
4999
5097
5196
5297
5398
5501
5604
5708
5811
5915
6018
6120
6221
6321
6419
6515
6608
6699
6787
6871
6952
7029
7101
7169
7231
7288
7340
7386
7426
7459
7486
7505
7518
7524
7521
7512
7494
7469
7435
7394
7344
7286
7220
7146
7063
6973
6874
6767
6653
6531
6401
6264
6120
5969
5811
5647
5477
5301
5119
4933
4741
4546
4346
4143
3936
3727
3515
3301
3086
2870
2653
2436
2219
2002
1787
1573
1361
1152
945
742
542
345
153
-33
-215
-393
-564
-730
-890
-1044
-1192
-1332
-1466
-1593
-1714
-1827
-1932
-2031
-2123
-2207
-2284
-2354
-2417
-2473
-2522
-2565
-2601
-2631
-2655
-2673
-2686
-2693
-2695
-2692
-2685
-2674
-2659
-2641
-2619
-2595
-2569
-2540
-2510
-2479
-2446
-2414
-2381
-2348
-2316
-2285
-2255
-2227
-2200
-2176
-2155
-2136
-2120
-2108
-2100
-2095
-2094
-2097
-2105
-2117
-2134
-2156
-2182
-2214
-2250
-2291
-2337
-2388
-2444
-2504
-2569
-2639
-2714
-2792
-2875
-2961
-3052
-3146
-3243
-3343
-3446
-3552
-3660
-3770
-3881
-3994
-4107
-4222
-4337
-4452
-4566
-4680
-4794
-4905
-5016
-5124
-5230
-5334
-5435
-5533
-5627
-5718
-5805
-5887
-5966
-6039
-6108
-6172
-6231
-6284
-6332
-6374
-6411
-6442
-6467
-6486
-6499
-6506
-6507
-6502
-6491
-6474
-6451
-6423
-6389
-6349
-6304
-6254
-6198
-6137
-6072
-6001
-5927
-5847
-5764
-5677
-5586
-5492
-5394
-5294
-5190
-5084
-4976
-4865
-4752
-4638
-4522
-4405
-4287
-4168
-4049
-3929
-3808
-3687
-3567
-3446
-3326
-3207
-3088
-2970
-2852
-2736
-2620
-2506
-2392
-2280
-2169
-2060
-1951
-1845
-1739
-1635
-1532
-1430
-1330
-1231
-1133
-1037
-941
-847
-754
-661
-570
-479
-390
-301
-213
-125
-38
47
133
219
304
389
474
558
642
726
809
892
976
1058
1141
1223
1306
1387
1469
1549
1630
1710
1789
1867
1945
2021
2097
2171
2245
2317
2387
2456
2523
2588
2652
2713
2772
2829
2883
2935
2984
3031
3074
3115
3152
3186
3217
3245
3270
3290
3308
3322
3332
3339
3343
3342
3339
3332
3321
3307
3290
3270
3246
3220
3191
3159
3124
3087
3048
3006
2963
2918
2872
2824
2775
2725
2675
2624
2574
2523
2472
2423
2374
2326
2279
2234
2191
2150
2111
2074
2040
2009
1981
1956
1935
1917
1903
1893
1886
1884
1885
1891
1901
1915
1934
1956
1983
2015
2050
2089
2133
2180
2231
2285
2343
2404
2468
2535
2604
2676
2750
2826
2903
2981
3061
3141
3221
3302
3382
3461
3540
3617
3693
3766
3837
3906
3971
4034
4092
4147
4198
4244
4285
4321
4352
4378
4398
4412
4420
4421
4417
4405
4388
4363
4332
4294
4249
4198
4140
4075
4003
3925
3841
3751
3654
3552
3444
3330
3211
3088
2959
2827
2690
2550
2406
2260
2110
1959
1805
1650
1494
1338
1181
1024
868
712
559
406
256
109
-35
-176
-314
-447
-577
-701
-821
-935
-1044
-1147
-1244
-1335
-1420
-1498
-1569
-1633
-1691
-1741
-1784
-1820
-1849
-1871
-1886
-1894
-1895
-1889
-1876
-1857
-1832
-1800
-1762
-1719
-1670
-1617
-1558
-1495
-1427
-1355
-1280
-1202
-1121
-1037
-951
-863
-774
-684
-594
-503
-412
-322
-233
-146
-59
24
105
184
260
333
401
466
527
583
635
682
723
759
790
815
835
849
856
858
854
844
828
807
779
745
706
661
611
555
494
428
358
282
203
119
31
-59
-154
-252
-352
-456
-561
-668
-777
-888
-999
-1111
-1224
-1337
-1449
-1562
-1673
-1784
-1893
-2001
-2107
-2211
-2313
-2412
-2509
-2603
-2695
-2783
-2867
-2949
-3026
-3101
-3171
-3238
-3301
-3360
-3415
-3466
-3514
-3557
-3597
-3633
-3665
-3694
-3719
-3741
-3759
-3774
-3786
-3794
-3800
-3804
-3804
-3803
-3799
-3793
-3785
-3776
-3764
-3752
-3738
-3723
-3708
-3691
-3674
-3656
-3638
-3620
-3602
-3584
-3566
-3549
-3531
-3515
-3498
-3483
-3468
-3453
-3440
-3427
-3415
-3404
-3393
-3383
-3374
-3366
-3358
-3351
-3345
-3338
-3333
-3327
-3322
-3317
-3311
-3306
-3301
-3295
-3288
-3282
-3274
-3266
-3256
-3246
-3235
-3222
-3208
-3192
-3175
-3156
-3136
-3114
-3089
-3063
-3035
-3005
-2972
-2938
-2901
-2862
-2821
-2778
-2733
-2685
-2636
-2584
-2531
-2475
-2418
-2359
-2298
-2236
-2173
-2108
-2042
-1974
-1906
-1837
-1768
-1698
-1627
-1557
-1486
-1416
-1346
-1276
-1207
-1138
-1071
-1004
-939
-875
-812
-751
-692
-634
-578
-525
-473
-423
-375
-330
-286
-245
-206
-169
-135
-102
-72
-44
-17
6
29
50
70
88
105
121
136
150
164
177
191
204
217
231
246
261
278
296
315
336
359
385
413
443
477
513
553
595
642
692
746
804
866
932
1003
1078
1157
1241
1329
1421
1518
1620
1725
1835
1950
2068
2190
2317
2446
2580
2716
2856
2999
3144
3291
3441
3593
3746
3900
4056
4211
4368
4524
4679
4834
4988
5141
5291
5439
5585
5728
5868
6004
6136
6264
6387
6506
6619
6727
6829
6925
7015
7099
7175
7245
7308
7363
7412
7452
7485
7511
7529
7538
7541
7535
7522
7501
7472
7436
7393
7342
7285
7220
7149
7071
6987
6897
6801
6699
6593
6481
6365
6245
6121
5993
5862
5728
5592
5454
5313
5172
5029
4886
4742
4598
4455
4312
4170
4030
3891
3755
3620
3488
3359
3232
3109
2990
2874
2761
2653
2548
2448
2352
2260
2173
2090
2011
1937
1867
1802
1740
1683
1629
1580
1534
1492
1453
1417
1384
1355
1327
1302
1279
1257
1237
1218
1201
1183
1166
1150
1132
1115
1096
1077
1055
1033
1008
981
952
920
885
846
805
760
711
658
601
540
475
405
331
252
169
81
-11
-108
-210
-316
-427
-542
-661
-784
-912
-1043
-1178
-1316
-1458
-1602
-1750
-1900
-2052
-2207
-2363
-2521
-2680
-2840
-3001
-3162
-3323
-3484
-3644
-3804
-3963
-4120
-4275
-4429
-4580
-4729
-4875
-5018
-5158
-5294
-5427
-5555
-5680
-5800
-5916
-6027
-6133
-6235
-6332
-6423
-6510
-6591
-6667
-6737
-6803
-6863
-6918
-6967
-7012
-7051
-7085
-7115
-7139
-7159
-7174
-7185
-7191
-7194
-7192
-7186
-7177
-7164
-7148
-7129
-7106
-7082
-7054
-7024
-6992
-6958
-6923
-6885
-6846
-6806
-6765
-6723
-6680
-6636
-6592
-6548
-6503
-6458
-6413
-6368
-6323
-6278
-6233
-6189
-6144
-6100
-6056
-6012
-5969
-5925
-5882
-5839
-5795
-5752
-5708
-5664
-5620
-5575
-5529
-5483
-5436
-5388
-5338
-5288
-5235
-5182
-5126
-5069
-5010
-4948
-4885
-4819
-4750
-4679
-4604
-4528
-4448
-4365
-4278
-4189
-4096
-4001
-3901
-3799
-3692
-3583
-3470
-3354
-3234
-3111
-2985
-2856
-2724
-2589
-2450
-2310
-2166
-2021
-1872
-1722
-1570
-1416
-1261
-1104
-947
-788
-629
-469
-309
-149
10
169
328
485
642
796
950
1101
1250
1397
1541
1683
1822
1957
2090
2218
2344
2465
2583
2697
2807
2912
3014
3111
3204
3293
3377
3457
3533
3605
3672
3735
3795
3850
3902
3949
3994
4034
4072
4106
4138
4167
4193
4217
4239
4258
4276
4293
4308
4323
4336
4349
4361
4374
4386
4399
4412
4426
4440
4456
4473
4491
4511
4532
4555
4580
4608
4637
4668
4702
4738
4776
4816
4859
4904
4951
5001
5052
5106
5161
5219
5278
5338
5400
5463
5527
5592
5658
5724
5790
5856
5922
5987
6052
6115
6177
6238
6297
6353
6407
6459
6508
6553
6595
6634
6669
6699
6725
6747
6764
6776
6783
6785
6781
6772
6757
6736
6710
6678
6640
6595
6545
6489
6428
6360
6286
6207
6122
6031
5936
5835
5728
5617
5502
5382
5257
5129
4996
4861
4722
4580
4435
4288
4139
3988
3836
3682
3528
3373
3217
3062
2907
2753
2600
2448
2297
2149
2002
1858
1716
1577
1441
1308
1179
1053
931
812
698
587
481
379
281
187
98
13
-67
-143
-215
-284
-348
-408
-465
-517
-567
-612
-655
-695
-732
-766
-798
-828
-856
-882
-907
-930
-953
-975
-996
-1018
-1039
-1060
-1082
-1105
-1129
-1154
-1180
-1208
-1238
-1270
-1303
-1340
-1378
-1419
-1463
-1510
-1559
-1612
-1667
-1725
-1787
-1851
-1919
-1990
-2063
-2139
-2219
-2301
-2385
-2472
-2561
-2653
-2746
-2842
-2939
-3037
-3137
-3237
-3338
-3440
-3543
-3645
-3747
-3848
-3949
-4049
-4147
-4244
-4339
-4432
-4523
-4611
-4697
-4779
-4859
-4934
-5007
-5075
-5139
-5200
-5255
-5307
-5354
-5396
-5433
-5465
-5493
-5515
-5533
-5545
-5553
-5555
-5553
-5545
-5533
-5516
-5494
-5468
-5438
-5403
-5364
-5321
-5275
-5225
-5172
-5115
-5056
-4994
-4930
-4864
-4795
-4726
-4654
-4582
-4509
-4435
-4361
-4287
-4213
-4140
-4067
-3996
-3925
-3856
-3788
-3722
-3658
-3596
-3537
-3480
-3425
-3374
-3325
-3279
-3236
-3196
-3159
-3126
-3095
-3068
-3043
-3022
-3004
-2988
-2976
-2966
-2959
-2955
-2953
-2953
-2955
-2959
-2964
-2971
-2980
-2989
-3000
-3010
-3022
-3033
-3044
-3055
-3065
-3075
-3083
-3090
-3096
-3100
-3102
-3101
-3098
-3093
-3084
-3073
-3058
-3040
-3019
-2994
-2965
-2933
-2896
-2855
-2811
-2762
-2709
-2652
-2590
-2525
-2455
-2381
-2304
-2222
-2136
-2047
-1954
-1858
-1758
-1655
-1550
-1441
-1330
-1217
-1101
-983
-864
-743
-621
-499
-375
-251
-127
-3
120
244
366
488
608
726
843
958
1071
1181
1289
1394
1496
1595
1690
1783
1871
1957
2038
2116
2190
2260
2327
2389
2448
2502
2553
2600
2643
2683
2719
2752
2781
2807
2830
2850
2868
2882
2895
2905
2913
2919
2924
2927
2929
2930
2930
2930
2929
2928
2927
2926
2926
2926
2928
2930
2933
2938
2944
2952
2962
2973
2987
3003
3021
3041
3063
3088
3115
3144
3176
3211
3247
3286
3327
3370
3416
3463
3513
3564
3616
3671
3726
3783
3841
3899
3959
4018
4078
4138
4198
4258
4317
4375
4432
4488
4543
4596
4648
4697
4744
4789
4831
4871
4907
4941
4972
4999
5023
5043
5060
5074
5083
5089
5091
5089
5083
5073
5059
5042
5021
4996
4968
4936
4900
4861
4819
4774
4726
4675
4621
4565
4507
4446
4384
4320
4254
4187
4119
4049
3980
3909
3838
3767
3697
3626
3556
3486
3418
3350
3283
3218
3154
3092
3031
2972
2915
2860
2807
2755
2706
2659
2614
2572
2531
2493
2456
2421
2389
2358
2328
2301
2274
2249
2225
2202
2180
2159
2138
2117
2096
2076
2054
2032
2010
1986
1961
1935
1906
1876
1844
1810
1773
1733
1690
1644
1595
1543
1487
1427
1363
1295
1224
1148
1068
984
895
802
705
603
498
388
274
155
33
-92
-221
-355
-491
-631
-774
-919
-1067
-1218
-1370
-1525
-1680
-1838
-1996
-2154
-2313
-2473
-2631
-2790
-2947
-3103
-3258
-3411
-3561
-3709
-3855
-3997
-4136
-4271
-4403
-4530
-4653
-4771
-4884
-4992
-5095
-5193
-5284
-5370
-5451
-5525
-5593
-5655
-5711
-5760
-5804
-5841
-5872
-5897
-5916
-5928
-5935
-5937
-5932
-5923
-5908
-5888
-5863
-5833
-5799
-5761
-5719
-5674
-5625
-5573
-5519
-5462
-5403
-5342
-5280
-5217
-5152
-5088
-5023
-4958
-4893
-4830
-4767
-4705
-4646
-4587
-4531
-4478
-4426
-4378
-4332
-4290
-4251
-4215
-4183
-4154
-4129
-4108
-4091
-4078
-4068
-4063
-4061
-4063
-4069
-4078
-4091
-4108
-4127
-4150
-4176
-4204
-4235
-4269
-4304
-4341
-4380
-4420
-4461
-4503
-4545
-4588
-4630
-4671
-4712
-4752
-4790
-4827
-4862
-4894
-4923
-4950
-4973
-4993
-5009
-5021
-5029
-5032
-5030
-5024
-5012
-4995
-4973
-4945
-4911
-4871
-4825
-4773
-4716
-4652
-4582
-4505
-4423
-4335
-4240
-4140
-4034
-3922
-3805
-3682
-3554
-3421
-3284
-3141
-2994
-2843
-2688
-2529
-2367
-2202
-2034
-1863
-1690
-1516
-1339
-1162
-983
-803
-623
-443
-264
-84
93
270
446
621
793
964
1132
1297
1460
1619
1776
1929
2078
2224
2366
2504
2638
2767
2893
3014
3131
3243
3352
3456
3555
3650
3741
3828
3911
3989
4064
4135
4202
4265
4325
4382
4435
4486
4533
4578
4620
4660
4697
4733
4767
4798
4829
4858
4885
4912
4938
4963
4987
5010
5034
5056
5079
5102
5124
5147
5170
5193
5216
5239
5263
5287
5311
5336
5361
5385
5411
5436
5461
5487
5512
5537
5562
5587
5611
5634
5657
5679
5700
5720
5739
5757
5773
5787
5800
5811
5820
5828
5832
5835
5835
5833
5828
5821
5810
5797
5781
5763
5741
5716
5688
5657
5623
5587
5547
5504
5458
5410
5358
5304
5248
5188
5127
5063
4997
4929
4858
4786
4713
4638
4562
4484
4406
4327
4247
4167
4086
4005
3925
3844
3765
3685
3606
3529
3452
3376
3302
3229
3158
3088
3020
2954
2890
2827
2767
2708
2652
2598
2545
2495
2447
2400
2356
2313
2272
2232
2194
2158
2123
2088
2055
2022
1990
1959
1928
1896
1865
1833
1800
1767
1733
1697
1660
1621
1580
1537
1492
1444
1393
1340
1283
1223
1160
1092
1021
947
868
785
698
606
510
410
305
196
82
-35
-157
-283
-414
-549
-688
-831
-977
-1127
-1280
-1436
-1595
-1757
-1921
-2087
-2255
-2425
-2595
-2767
-2939
-3112
-3284
-3456
-3628
-3798
-3966
-4133
-4297
-4459
-4618
-4774
-4926
-5074
-5217
-5356
-5490
-5619
-5742
-5860
-5971
-6076
-6174
-6266
-6350
-6428
-6498
-6560
-6615
-6663
-6702
-6734
-6758
-6775
-6783
-6784
-6777
-6762
-6740
-6711
-6675
-6631
-6581
-6524
-6460
-6391
-6315
-6235
-6148
-6057
-5962
-5862
-5758
-5651
-5540
-5427
-5311
-5193
-5074
-4954
-4832
-4711
-4589
-4468
-4347
-4228
-4110
-3994
-3880
-3769
-3660
-3555
-3454
-3356
-3262
-3173
-3088
-3008
-2933
-2863
-2798
-2738
-2684
-2636
-2593
-2556
-2525
-2499
-2479
-2464
-2455
-2451
-2453
-2460
-2471
-2488
-2509
-2534
-2564
-2597
-2635
-2675
-2718
-2765
-2813
-2864
-2916
-2970
-3025
-3081
-3137
-3193
-3248
-3303
-3357
-3410
-3461
-3509
-3556
-3599
-3640
-3677
-3711
-3741
-3766
-3787
-3804
-3816
-3822
-3824
-3820
-3810
-3795
-3774
-3747
-3714
-3676
-3631
-3580
-3524
-3461
-3393
-3319
-3239
-3153
-3062
-2966
-2865
-2758
-2647
-2531
-2411
-2286
-2158
-2026
-1891
-1752
-1611
-1467
-1321
-1173
-1023
-872
-720
-567
-413
-260
-106
46
199
350
501
650
797
943
1086
1227
1366
1501
1634
1764
1890
2013
2132
2248
2361
2469
2573
2674
2771
2864
2952
3037
3118
3195
3268
3337
3403
3465
3523
3578
3629
3678
3723
3765
3804
3840
3874
3905
3934
3961
3986
4009
4030
4050
4068
4085
4101
4116
4130
4143
4155
4167
4179
4190
4201
4211
4222
4232
4243
4254
4264
4275
4286
4297
4308
4319
4331
4342
4354
4365
4377
4388
4399
4410
4421
4431
4441
4451
4459
4468
4475
4481
4487
4491
4495
4497
4498
4497
4495
4492
4487
4480
4472
4462
4450
4437
4421
4404
4385
4364
4342
4318
4291
4264
4234
4203
4171
4136
4101
4064
4026
3987
3947
3906
3865
3823
3780
3737
3694
3651
3608
3565
3522
3481
3439
3399
3360
3322
3285
3249
3215
3183
3153
3124
3097
3073
3050
3030
3012
2996
2982
2971
2962
2956
2952
2950
2950
2953
2958
2964
2973
2983
2995
3009
3024
3040
3057
3075
3093
3112
3131
3150
3169
3187
3205
3221
3236
3250
3261
3271
3278
3283
3284
3283
3278
3269
3257
3240
3219
3193
3163
3128
3087
3041
2989
2932
2869
2801
2726
2645
2558
2465
2366
2261
2149
2032
1908
1779
1643
1503
1356
1204
1047
885
719
547
372
192
9
-176
-366
-558
-753
-949
-1147
-1347
-1547
-1748
-1949
-2150
-2350
-2548
-2745
-2941
-3134
-3324
-3511
-3695
-3874
-4050
-4221
-4387
-4547
-4702
-4852
-4995
-5132
-5262
-5385
-5501
-5610
-5711
-5805
-5891
-5970
-6040
-6103
-6158
-6205
-6244
-6275
-6298
-6314
-6322
-6323
-6317
-6303
-6283
-6256
-6223
-6184
-6139
-6088
-6033
-5972
-5907
-5838
-5765
-5689
-5609
-5527
-5443
-5357
-5269
-5180
-5091
-5001
-4912
-4823
-4735
-4648
-4563
-4480
-4399
-4321
-4246
-4174
-4105
-4041
-3980
-3924
-3872
-3825
-3783
-3746
-3714
-3687
-3665
-3649
-3638
-3633
-3633
-3638
-3649
-3664
-3685
-3711
-3741
-3776
-3816
-3859
-3907
-3958
-4013
-4072
-4133
-4196
-4262
-4330
-4400
-4471
-4542
-4615
-4687
-4760
-4832
-4903
-4973
-5041
-5107
-5171
-5232
-5290
-5345
-5396
-5444
-5487
-5525
-5559
-5587
-5610
-5628
-5640
-5645
-5645
-5639
-5626
-5606
-5580
-5547
-5507
-5461
-5408
-5348
-5281
-5207
-5127
-5040
-4947
-4847
-4741
-4629
-4511
-4387
-4258
-4124
-3984
-3839
-3690
-3537
-3379
-3218
-3053
-2885
-2714
-2540
-2364
-2185
-2005
-1823
-1641
-1457
-1272
-1088
-903
-718
-534
-350
-168
13
193
371
547
722
894
1064
1232
1397
1559
1718
1874
2027
2177
2324
2467
2607
2744
2878
3008
3135
3258
3378
3495
3609
3720
3828
3932
4034
4133
4229
4323
4414
4502
4588
4672
4754
4834
4912
4988
5062
5134
5205
5275
5343
5409
5474
5539
5601
5663
5724
5783
5842
5900
5956
6012
6066
6120
6172
6223
6273
6322
6370
6416
6462
6505
6547
6588
6627
6664
6699
6732
6763
6792
6819
6844
6866
6885
6902
6916
6928
6936
6942
6944
6943
6940
6933
6922
6909
6892
6871
6848
6821
6790
6756
6719
6679
6635
6589
6539
6486
6430
6371
6310
6246
6179
6111
6039
5966
5891
5814
5736
5656
5575
5493
5410
5327
5242
5158
5074
4989
4905
4821
4738
4656
4574
4494
4415
4337
4261
4187
4114
4043
3975
3908
3843
3781
3721
3663
3608
3555
3504
3455
3409
3365
3323
3282
3244
3208
3173
3140
3108
3078
3048
3020
2992
2964
2937
2910
2882
2854
2826
2796
2765
2733
2699
2663
2624
2583
2540
2493
2443
2390
2333
2272
2206
2137
2063
1984
1900
1811
1717
1618
1514
1404
1288
1167
1040
908
770
627
478
323
163
-1
-171
-346
-525
-710
-898
-1091
-1288
-1488
-1691
-1898
-2107
-2318
-2532
-2747
-2964
-3181
-3399
-3617
-3835
-4052
-4268
-4483
-4696
-4906
-5114
-5318
-5519
-5716
-5909
-6097
-6280
-6458
-6630
-6796
-6955
-7108
-7253
-7392
-7523
-7646
-7761
-7868
-7967
-8057
-8139
-8212
-8276
-8331
-8378
-8416
-8445
-8465
-8477
-8480
-8474
-8460
-8438
-8408
-8370
-8325
-8272
-8212
-8145
-8072
-7993
-7908
-7817
-7721
-7620
-7515
-7406
-7293
-7176
-7057
-6935
-6812
-6686
-6559
-6432
-6303
-6175
-6046
-5919
-5792
-5667
-5543
-5421
-5301
-5184
-5069
-4958
-4850
-4746
-4645
-4548
-4455
-4367
-4283
-4203
-4127
-4057
-3991
-3929
-3872
-3820
-3772
-3728
-3689
-3654
-3623
-3597
-3573
-3554
-3538
-3525
-3515
-3508
-3503
-3501
-3500
-3501
-3503
-3507
-3511
-3516
-3520
-3525
-3529
-3533
-3535
-3536
-3535
-3533
-3528
-3521
-3511
-3498
-3482
-3462
-3439
-3411
-3380
-3344
-3305
-3260
-3211
-3157
-3099
-3035
-2967
-2894
-2815
-2732
-2644
-2551
-2453
-2350
-2243
-2131
-2015
-1894
-1769
-1641
-1508
-1372
-1233
-1090
-945
-796
-646
-493
-338
-181
-23
135
295
456
617
778
939
1100
1260
1419
1576
1733
1887
2040
2191
2339
2485
2629
2769
2907
3041
3172
3300
3424
3544
3661
3774
3884
3989
4091
4189
4283
4373
4459
4541
4620
4695
4766
4834
4898
4959
5017
5071
5122
5171
5216
5259
5299
5337
5373
5406
5437
5467
5494
5520
5545
5568
5589
5610
5629
5647
5665
5682
5697
5713
5727
5741
5754
5767
5780
5792
5803
5814
5824
5834
5843
5852
5860
5867
5873
5879
5883
5887
5889
5890
5890
5888
5884
5879
5872
5863
5853
5840
5824
5807
5786
5764
5738
5710
5679
5645
5607
5567
5524
5477
5427
5374
5317
5257
5194
5127
5057
4984
4907
4828
4745
4659
4571
4479
4385
4288
4189
4087
3984
3878
3771
3662
3551
3439
3327
3213
3099
2984
2870
2755
2641
2527
2414
2302
2191
2082
1974
1868
1764
1662
1563
1466
1372
1281
1193
1108
1027
949
874
804
737
673
614
558
506
458
414
373
337
303
274
248
225
205
189
175
164
156
149
146
144
143
144
147
150
154
158
163
167
171
175
178
179
179
177
174
168
160
149
135
118
98
74
47
16
-19
-58
-101
-149
-201
-258
-319
-385
-455
-530
-609
-693
-781
-874
-970
-1071
-1176
-1284
-1396
-1511
-1630
-1752
-1876
-2003
-2132
-2263
-2395
-2529
-2664
-2799
-2935
-3072
-3207
-3342
-3477
-3610
-3741
-3870
-3997
-4122
-4243
-4362
-4476
-4587
-4694
-4796
-4894
-4986
-5074
-5155
-5232
-5302
-5367
-5425
-5477
-5523
-5563
-5595
-5621
-5641
-5654
-5660
-5659
-5652
-5639
-5619
-5593
-5560
-5522
-5477
-5427
-5372
-5311
-5246
-5175
-5100
-5021
-4938
-4851
-4760
-4667
-4571
-4473
-4373
-4271
-4167
-4063
-3957
-3852
-3746
-3641
-3536
-3433
-3330
-3229
-3130
-3034
-2939
-2847
-2758
-2673
-2590
-2511
-2436
-2365
-2297
-2234
-2175
-2121
-2071
-2025
-1984
-1947
-1915
-1887
-1864
-1845
-1830
-1819
-1813
-1810
-1811
-1816
-1824
-1835
-1849
-1866
-1886
-1908
-1932
-1957
-1985
-2013
-2043
-2073
-2104
-2134
-2165
-2195
-2225
-2254
-2281
-2307
-2332
-2354
-2374
-2392
-2407
-2419
-2428
-2434
-2436
-2435
-2431
-2422
-2410
-2393
-2373
-2348
-2320
-2287
-2250
-2209
-2163
-2114
-2060
-2003
-1942
-1877
-1808
-1736
-1660
-1582
-1500
-1416
-1328
-1239
-1147
-1053
-958
-861
-762
-663
-562
-461
-360
-259
-157
-56
43
143
241
339
435
529
621
712
800
886
970
1051
1129
1204
1277
1346
1413
1476
1536
1593
1647
1698
1746
1790
1831
1870
1905
1938
1968
1995
2020
2043
2063
2081
2097
2112
2125
2136
2146
2156
2164
2172
2179
2186
2193
2200
2207
2214
2222
2231
2241
2252
2264
2278
2293
2309
2327
2347
2369
2393
2419
2447
2477
2509
2543
2580
2618
2659
2701
2746
2792
2840
2889
2941
2993
3047
3103
3159
3216
3274
3332
3391
3449
3508
3566
3624
3682
3738
3794
3848
3901
3952
4001
4048
4093
4136
4176
4213
4247
4278
4306
4331
4352
4370
4383
4394
4400
4403
4401
4396
4387
4374
4357
4336
4311
4283
4251
4215
4175
4132
4086
4037
3985
3930
3872
3812
3749
3685
3618
3550
3480
3409
3337
3264
3190
3116
3042
2968
2895
2822
2749
2678
2608
2539
2471
2405
2342
2280
2220
2163
2108
2056
2007
1960
1916
1875
1837
1802
1770
1740
1714
1691
1670
1653
1638
1626
1616
1608
1603
1600
1599
1600
1602
1606
1611
1617
1624
1631
1639
1647
1655
1662
1669
1675
1680
1683
1685
1686
1684
1680
1674
1665
1653
1638
1620
1599
1574
1546
1513
1477
1437
1393
1344
1292
1235
1174
1109
1039
966
888
806
720
630
536
439
338
233
126
15
-97
-213
-332
-453
-575
-700
-826
-953
-1081
-1209
-1338
-1468
-1597
-1725
-1853
-1980
-2105
-2229
-2352
-2472
-2590
-2705
-2817
-2927
-3033
-3136
-3235
-3331
-3423
-3510
-3593
-3672
-3747
-3817
-3883
-3943
-4000
-4051
-4098
-4140
-4178
-4211
-4239
-4263
-4283
-4298
-4310
-4317
-4321
-4321
-4317
-4311
-4301
-4288
-4273
-4255
-4235
-4214
-4190
-4165
-4139
-4112
-4084
-4055
-4027
-3998
-3969
-3941
-3914
-3888
-3862
-3838
-3816
-3795
-3775
-3758
-3743
-3730
-3720
-3712
-3706
-3703
-3703
-3705
-3710
-3717
-3728
-3741
-3756
-3774
-3794
-3817
-3842
-3868
-3897
-3928
-3960
-3994
-4029
-4064
-4101
-4138
-4176
-4214
-4251
-4289
-4325
-4361
-4396
-4429
-4461
-4491
-4518
-4544
-4566
-4586
-4603
-4616
-4626
-4632
-4635
-4633
-4627
-4616
-4601
-4582
-4557
-4528
-4494
-4454
-4410
-4361
-4306
-4247
-4182
-4112
-4038
-3958
-3874
-3785
-3691
-3594
-3491
-3385
-3275
-3161
-3044
-2924
-2800
-2674
-2545
-2414
-2281
-2147
-2011
-1873
-1735
-1597
-1458
-1319
-1180
-1042
-905
-769
-634
-501
-370
-242
-115
8
129
247
362
473
581
685
785
882
974
1063
1147
1227
1303
1375
1442
1506
1565
1620
1671
1719
1762
1802
1839
1872
1902
1929
1953
1975
1994
2011
2026
2040
2052
2063
2072
2082
2090
2099
2107
2116
2125
2135
2146
2158
2172
2188
2205
2224
2246
2270
2297
2326
2358
2394
2432
2473
2518
2566
2617
2672
2730
2791
2856
2923
2994
3068
3145
3225
3308
3393
3481
3571
3663
3757
3852
3949
4047
4146
4246
4346
4447
4547
4647
4746
4845
4942
5038
5132
5224
5313
5400
5485
5566
5644
5718
5788
5855
5917
5975
6028
6077
6120
6158
6192
6220
6242
6259
6271
6277
6277
6272
6261
6244
6222
6195
6162
6123
6080
6031
5978
5919
5856
5788
5716
5640
5560
5476
5389
5298
5205
5108
5009
4908
4805
4699
4593
4485
4376
4266
4155
4045
3934
3823
3713
3603
3494
3386
3279
3173
3069
2966
2865
2766
2670
2575
2482
2391
2303
2217
2134
2053
1974
1897
1823
1751
1682
1614
1549
1485
1424
1364
1306
1249
1194
1140
1087
1035
984
933
883
833
783
733
683
633
582
530
477
424
369
312
255
196
135
72
8
-58
-126
-197
-270
-345
-422
-501
-583
-666
-752
-840
-930
-1023
-1117
-1213
-1310
-1410
-1511
-1613
-1716
-1821
-1926
-2033
-2140
-2247
-2355
-2462
-2570
-2677
-2783
-2889
-2994
-3098
-3200
-3301
-3400
-3497
-3592
-3685
-3775
-3863
-3948
-4030
-4109
-4185
-4257
-4327
-4392
-4454
-4513
-4567
-4618
-4665
-4709
-4748
-4784
-4816
-4845
-4869
-4890
-4908
-4922
-4933
-4940
-4945
-4946
-4945
-4941
-4935
-4926
-4915
-4902
-4887
-4871
-4853
-4834
-4814
-4794
-4772
-4751
-4729
-4707
-4685
-4663
-4643
-4622
-4603
-4585
-4567
-4552
-4537
-4524
-4513
-4503
-4496
-4490
-4486
-4484
-4483
-4485
-4489
-4494
-4502
-4511
-4522
-4535
-4549
-4564
-4581
-4599
-4618
-4638
-4658
-4679
-4700
-4721
-4742
-4762
-4782
-4801
-4819
-4835
-4850
-4862
-4873
-4881
-4887
-4889
-4889
-4885
-4877
-4866
-4850
-4831
-4806
-4777
-4744
-4705
-4661
-4612
-4557
-4497
-4432
-4361
-4284
-4201
-4113
-4019
-3919
-3813
-3702
-3586
-3464
-3337
-3204
-3067
-2925
-2778
-2627
-2472
-2313
-2150
-1984
-1814
-1642
-1467
-1291
-1112
-932
-750
-568
-386
-203
-20
161
342
521
699
875
1049
1220
1387
1552
1713
1869
2022
2170
2313
2451
2584
2711
2833
2949
3059
3163
3260
3351
3436
3515
3586
3652
3711
3763
3809
3849
3882
3909
3931
3946
3956
3961
3960
3954
3943
3928
3909
3885
3858
3828
3794
3758
3719
3678
3636
3591
3546
3500
3454
3407
3361
3315
3270
3226
3184
3143
3105
3069
3035
3004
2977
2952
2931
2913
2900
2890
2884
2882
2885
2892
2903
2918
2938
2962
2990
3023
3060
3100
3145
3194
3246
3301
3360
3422
3487
3555
3624
3696
3770
3846
3923
4000
4079
4158
4237
4316
4394
4472
4548
4623
4696
4767
4836
4902
4965
5025
5081
5134
5183
5227
5267
5303
5333
5359
5380
5395
5404
5409
5407
5400
5387
5368
5344
5313
5277
5235
5188
5134
5075
5011
4941
4866
4786
4701
4612
4518
4419
4316
4209
4099
3985
3868
3747
3625
3499
3371
3242
3110
2977
2843
2708
2573
2437
2300
2164
2028
1893
1758
1624
1491
1360
1230
1102
976
852
730
610
492
377
265
155
48
-56
-158
-257
-353
-446
-537
-625
-710
-793
-873
-950
-1025
-1097
-1168
-1236
-1302
-1366
-1428
-1488
-1547
-1604
-1660
-1715
-1768
-1820
-1871
-1922
-1972
-2021
-2069
-2118
-2165
-2213
-2260
-2308
-2355
-2402
-2449
-2497
-2544
-2592
-2639
-2687
-2735
-2783
-2832
-2880
-2928
-2976
-3024
-3072
-3119
-3167
-3213
-3259
-3305
-3350
-3394
-3436
-3478
-3519
-3558
-3596
-3632
-3667
-3699
-3730
-3759
-3785
-3809
-3831
-3850
-3867
-3881
-3893
-3901
-3907
-3910
-3910
-3907
-3901
-3892
-3880
-3865
-3848
-3827
-3803
-3777
-3748
-3716
-3682
-3645
-3606
-3565
-3522
-3477
-3430
-3381
-3331
-3280
-3228
-3175
-3121
-3067
-3012
-2957
-2903
-2849
-2795
-2742
-2690
-2639
-2590
-2542
-2495
-2451
-2409
-2368
-2331
-2295
-2263
-2233
-2206
-2181
-2160
-2142
-2128
-2116
-2108
-2102
-2100
-2101
-2106
-2113
-2123
-2137
-2153
-2172
-2193
-2217
-2243
-2271
-2301
-2332
-2365
-2400
-2435
-2471
-2507
-2544
-2581
-2617
-2653
-2687
-2721
-2753
-2783
-2811
-2837
-2860
-2880
-2898
-2911
-2921
-2927
-2929
-2926
-2919
-2907
-2890
-2867
-2840
-2806
-2768
-2723
-2673
-2616
-2554
-2486
-2412
-2332
-2246
-2155
-2057
-1954
-1846
-1732
-1613
-1489
-1360
-1226
-1088
-946
-800
-651
-498
-343
-185
-24
137
300
465
631
797
963
1128
1293
1456
1618
1777
1935
2089
2241
2388
2532
2671
2806
2936
3061
3180
3293
3400
3501
3595
3682
3762
3835
3901
3959
4009
4052
4088
4115
4135
4147
4152
4149
4138
4120
4095
4062
4023
3977
3924
3865
3801
3730
3654
3573
3487
3396
3302
3204
3102
2997
2890
2781
2669
2557
2443
2329
2214
2100
1986
1874
1762
1653
1545
1440
1338
1239
1143
1051
963
880
801
726
657
593
534
481
434
392
356
326
301
283
271
264
264
269
280
297
319
346
379
416
459
506
557
612
671
734
800
869
940
1014
1090
1167
1246
1326
1407
1488
1570
1651
1731
1811
1889
1966
2041
2114
2185
2253
2318
2380
2439
2494
2546
2593
2637
2676
2711
2741
2767
2788
2804
2816
2822
2824
2821
2813
2801
2783
2762
2735
2704
2669
2629
2585
2538
2486
2431
2373
2311
2247
2179
2109
2036
1961
1885
1806
1726
1645
1563
1479
1396
1311
1227
1142
1058
974
891
809
727
647
568
490
414
340
267
196
127
61
-3
-66
-126
-184
-239
-293
-344
-393
-440
-484
-526
-566
-604
-640
-674
-706
-736
-765
-792
-817
-841
-863
-885
-905
-924
-942
-959
-976
-992
-1007
-1022
-1036
-1050
-1064
-1078
-1092
-1105
-1119
-1132
-1146
-1159
-1173
-1187
-1201
-1215
-1229
-1244
-1258
-1272
-1287
-1301
-1315
-1329
-1343
-1356
-1369
-1382
-1394
-1405
-1415
-1425
-1434
-1441
-1448
-1453
-1457
-1459
-1461
-1460
-1458
-1454
-1448
-1441
-1431
-1420
-1406
-1391
-1373
-1353
-1332
-1308
-1282
-1254
-1224
-1192
-1158
-1123
-1085
-1046
-1006
-964
-920
-876
-830
-784
-737
-689
-641
-592
-544
-495
-448
-400
-354
-308
-264
-221
-180
-141
-104
-69
-36
-6
19
43
64
81
94
104
110
112
110
103
92
77
57
33
4
-28
-66
-109
-156
-207
-263
-323
-388
-456
-529
-605
-684
-768
-854
-943
-1035
-1130
-1226
-1325
-1426
-1527
-1630
-1734
-1838
-1942
-2046
-2149
-2251
-2352
-2452
-2549
-2644
-2737
-2827
-2913
-2996
-3074
-3149
-3219
-3284
-3344
-3399
-3448
-3492
-3529
-3561
-3586
-3604
-3616
-3621
-3619
-3610
-3595
-3572
-3542
-3506
-3462
-3412
-3355
-3291
-3221
-3144
-3062
-2973
-2878
-2778
-2673
-2563
-2448
-2328
-2205
-2078
-1947
-1814
-1677
-1539
-1399
-1257
-1114
-970
-826
-683
-539
-397
-256
-117
19
153
285
413
537
658
774
886
993
1094
1190
1281
1365
1444
1516
1581
1640
1693
1738
1777
1809
1834
1852
1863
1867
1864
1855
1840
1818
1790
1755
1716
1670
1619
1563
1503
1438
1369
1296
1219
1140
1057
973
886
798
708
618
527
436
346
256
167
80
-4
-87
-168
-245
-320
-391
-457
-520
-578
-632
-681
-724
-762
-795
-822
-843
-858
-867
-869
-866
-857
-841
-819
-791
-756
-716
-670
-618
-560
-497
-428
-354
-275
-192
-104
-11
84
184
287
394
503
615
729
845
962
1080
1200
1320
1440
1560
1679
1798
1915
2031
2146
2258
2368
2476
2581
2682
2781
2876
2967
3054
3137
3216
3291
3361
3426
3487
3543
3594
3640
3681
3717
3748
3775
3796
3813
3824
3831
3834
3832
3825
3815
3800
3781
3758
3732
3702
3669
3632
3593
3551
3506
3459
3410
3358
3305
3251
3195
3137
3079
3019
2959
2899
2838
2777
2715
2654
2593
2532
2471
2411
2352
2293
2235
2177
2121
2065
2010
1956
1903
1851
1799
1749
1699
1650
1602
1554
1507
1461
1415
1370
1325
1280
1235
1191
1146
1102
1057
1012
967
921
875
829
782
734
685
636
586
535
483
430
376
322
266
209
152
94
35
-24
-85
-147
-209
-271
-334
-398
-462
-525
-589
-653
-717
-780
-843
-906
-968
-1028
-1088
-1147
-1205
-1261
-1315
-1368
-1419
-1469
-1516
-1561
-1603
-1644
-1682
-1717
-1749
-1779
-1806
-1831
-1852
-1871
-1886
-1899
-1909
-1916
-1920
-1921
-1919
-1915
-1908
-1899
-1887
-1873
-1856
-1838
-1818
-1796
-1772
-1747
-1721
-1694
-1666
-1637
-1608
-1579
-1550
-1521
-1492
-1464
-1438
-1412
-1388
-1365
-1344
-1326
-1309
-1295
-1283
-1275
-1269
-1266
-1267
-1271
-1278
-1289
-1304
-1323
-1346
-1372
-1403
-1437
-1475
-1518
-1564
-1614
-1668
-1726
-1787
-1851
-1919
-1990
-2064
-2141
-2221
-2302
-2386
-2472
-2559
-2648
-2738
-2828
-2919
-3011
-3102
-3192
-3282
-3370
-3457
-3542
-3625
-3706
-3783
-3858
-3929
-3996
-4059
-4118
-4172
-4221
-4265
-4303
-4336
-4363
-4383
-4398
-4406
-4407
-4401
-4389
-4369
-4343
-4309
-4268
-4220
-4166
-4104
-4035
-3959
-3876
-3786
-3691
-3588
-3480
-3365
-3245
-3120
-2989
-2853
-2713
-2568
-2419
-2267
-2112
-1953
-1792
-1629
-1464
-1298
-1131
-963
-795
-627
-460
-294
-129
33
193
351
507
658
807
951
1091
1226
1357
1483
1603
1717
1826
1929
2025
2116
2199
2277
2347
2412
2469
2519
2563
2601
2631
2655
2673
2685
2690
2689
2682
2670
2652
2629
2602
2569
2532
2491
2446
2398
2346
2292
2235
2176
2115
2053
1990
1925
1861
1796
1731
1667
1604
1542
1482
1423
1366
1312
1261
1212
1167
1125
1086
1051
1020
993
971
952
938
929
924
923
927
936
949
967
989
1015
1046
1080
1119
1162
1208
1257
1311
1367
1426
1487
1551
1617
1685
1755
1826
1898
1971
2045
2118
2192
2265
2338
2410
2481
2550
2618
2684
2747
2808
2867
2923
2976
3025
3071
3114
3153
3188
3219
3245
3268
3287
3301
3311
3316
3318
3314
3307
3295
3279
3259
3234
3206
3173
3137
3097
3054
3007
2957
2904
2848
2789
2728
2664
2598
2531
2461
2390
2318
2244
2170
2095
2019
1944
1867
1791
1716
1640
1565
1491
1418
1345
1274
1204
1135
1068
1002
938
875
814
755
698
642
588
536
485
436
389
344
300
257
216
176
137
100
64
28
-6
-40
-73
-106
-139
-171
-204
-236
-269
-302
-335
-369
-403
-438
-474
-511
-548
-587
-627
-668
-710
-753
-798
-844
-891
-939
-989
-1040
-1092
-1145
-1199
-1254
-1310
-1366
-1424
-1482
-1540
-1599
-1658
-1717
-1776
-1834
-1893
-1950
-2007
-2063
-2118
-2172
-2224
-2274
-2323
-2370
-2415
-2457
-2497
-2534
-2569
-2600
-2629
-2654
-2676
-2695
-2710
-2722
-2730
-2734
-2735
-2731
-2724
-2714
-2699
-2680
-2658
-2632
-2603
-2569
-2533
-2493
-2450
-2403
-2354
-2302
-2247
-2189
-2130
-2068
-2004
-1939
-1872
-1804
-1735
-1665
-1595
-1524
-1454
-1384
-1314
-1245
-1177
-1110
-1044
-981
-919
-860
-803
-748
-696
-647
-602
-559
-521
-485
-454
-426
-402
-382
-367
-355
-347
-344
-344
-349
-358
-370
-387
-407
-432
-459
-490
-525
-562
-602
-645
-691
-739
-789
-840
-893
-948
-1003
-1059
-1116
-1172
-1229
-1285
-1340
-1394
-1447
-1499
-1548
-1596
-1641
-1683
-1722
-1758
-1791
-1820
-1845
-1866
-1883
-1895
-1903
-1906
-1905
-1898
-1887
-1870
-1848
-1822
-1790
-1753
-1710
-1663
-1611
-1554
-1492
-1425
-1354
-1279
-1199
-1116
-1028
-938
-843
-746
-646
-544
-439
-332
-224
-114
-3
107
219
331
442
553
663
772
879
984
1088
1188
1286
1381
1472
1560
1644
1725
1800
1872
1938
2000
2057
2109
2156
2197
2233
2263
2288
2308
2322
2331
2334
2331
2324
2311
2293
2271
2243
2211
2174
2133
2088
2040
1987
1932
1873
1811
1747
1681
1613
1543
1471
1399
1326
1252
1178
1105
1031
959
887
817
748
681
616
554
493
436
381
330
282
237
196
159
125
95
70
48
30
17
7
2
0
3
9
19
33
51
72
96
124
155
188
224
262
303
346
390
436
483
531
580
629
679
729
778
827
875
923
969
1013
1056
1097
1136
1173
1207
1239
1268
1294
1317
1337
1353
1366
1376
1382
1385
1384
1379
1371
1359
1344
1325
1303
1278
1249
1217
1182
1145
1104
1061
1016
969
919
868
815
760
704
648
590
532
474
416
358
300
243
186
131
77
24
-26
-75
-122
-167
-210
-250
-288
-323
-355
-384
-411
-434
-454
-470
-484
-494
-501
-505
-506
-504
-499
-490
-479
-465
-449
-429
-408
-384
-358
-330
-301
-270
-237
-204
-169
-134
-98
-62
-25
10
46
81
116
150
183
214
244
272
298
322
344
364
381
396
408
417
423
426
427
424
418
409
397
382
363
342
318
290
260
228
192
155
114
72
28
-18
-66
-115
-166
-218
-270
-324
-378
-432
-487
-541
-594
-648
-700
-751
-801
-849
-896
-941
-984
-1024
-1062
-1098
-1131
-1160
-1187
-1211
-1231
-1248
-1262
-1272
-1279
-1282
-1281
-1277
-1269
-1258
-1243
-1225
-1203
-1178
-1150
-1118
-1084
-1047
-1007
-965
-920
-873
-824
-773
-721
-667
-612
-556
-500
-443
-385
-328
-271
-214
-159
-104
-50
1
52
101
148
193
235
275
312
347
378
406
431
453
471
486
497
504
508
508
505
498
488
474
457
436
412
385
355
322
286
248
207
164
119
73
24
-24
-75
-127
-180
-233
-286
-340
-393
-445
-497
-548
-598
-647
-694
-739
-782
-823
-861
-897
-931
-961
-989
-1013
-1034
-1052
-1066
-1077
-1084
-1088
-1088
-1085
-1078
-1067
-1053
-1035
-1014
-990
-962
-931
-897
-861
-822
-780
-736
-689
-641
-591
-539
-486
-432
-377
-321
-265
-209
-153
-97
-41
13
66
119
170
219
267
313
356
397
435
471
503
533
559
582
602
619
632
641
647
649
648
643
634
622
607
588
566
541
513
482
448
412
373
332
289
244
198
150
101
51
1
-49
-100
-151
-202
-252
-301
-350
-397
-442
-486
-528
-568
-605
-640
-672
-701
-727
-750
-770
-786
-798
-807
-812
-813
-810
-803
-793
-778
-760
-738
-712
-683
-650
-613
-573
-530
-484
-435
-383
-329
-272
-213
-153
-90
-26
37
103
170
237
304
371
437
503
568
631
693
754
812
868
922
973
1021
1066
1107
1145
1180
1211
1237
1260
1278
1292
1302
1308
1309
1305
1297
1285
1268
1247
1221
1191
1158
1120
1078
1033
984
932
876
818
757
694
628
560
491
420
348
275
202
128
54
-19
-92
-164
-235
-304
-372
-438
-501
-562
-620
-676
-728
-776
-821
-862
-899
-932
-960
-984
-1004
-1019
-1029
-1034
-1035
-1031
-1022
-1008
-989
-966
-938
-905
-868
-827
-781
-732
-679
-622
-561
-498
-431
-362
-290
-216
-140
-62
16
96
177
259
341
423
504
585
665
743
820
895
969
1040
1108
1173
1236
1295
1351
1403
1451
1495
1535
1571
1602
1629
1651
1669
1682
1690
1694
1693
1687
1676
1661
1642
1618
1590
1557
1521
1481
1437
1390
1339
1285
1228
1169
1107
1043
978
910
841
771
700
628
556
484
413
341
270
200
132
65
0
-64
-125
-185
-242
-296
-347
-396
-441
-483
-522
-557
-589
-617
-642
-663
-680
-694
-704
-710
-712
-712
-707
-700
-689
-674
-657
-637
-614
-589
-561
-530
-498
-464
-428
-390
-352
-312
-271
-230
-188
-146
-104
-62
-20
20
60
99
137
174
209
243
275
305
333
359
382
404
422
438
452
463
471
477
480
481
478
474
466
456
444
429
412
393
372
349
324
298
269
240
209
177
145
111
77
43
8
-26
-61
-95
-129
-163
-196
-228
-259
-289
-318
-346
-372
-396
-419
-440
-460
-477
-493
-507
-519
-529
-537
-543
-547
-549
-550
-549
-546
-541
-535
-528
-519
-509
-498
-486
-473
-460
-446
-431
-417
-402
-388
-374
-360
-347
-335
-324
-314
-305
-297
-291
-286
-284
-283
-285
-288
-294
-302
-312
-325
-340
-357
-377
-400
-425
-453
-483
-516
-550
-588
-627
-668
-712
-757
-804
-852
-902
-953
-1005
-1057
-1111
-1165
-1219
-1273
-1327
-1380
-1433
-1485
-1535
-1585
-1632
-1678
-1721
-1763
-1801
-1837
-1870
-1900
-1926
-1949
-1968
-1984
-1995
-2002
-2004
-2003
-1997
-1986
-1970
-1950
-1925
-1896
-1862
-1823
-1779
-1731
-1679
-1622
-1560
-1495
-1425
-1352
-1275
-1195
-1111
-1024
-934
-842
-748
-651
-553
-454
-353
-251
-149
-47
55
157
258
358
456
553
648
741
831
919
1003
1083
1160
1233
1301
1366
1425
1480
1530
1574
1614
1648
1676
1699
1716
1727
1733
1733
1727
1715
1698
1676
1648
1615
1576
1533
1484
1432
1374
1313
1248
1179
1107
1031
953
873
790
706
620
533
445
357
269
181
94
8
-75
-158
-239
-318
-393
-466
-535
-601
-662
-720
-773
-821
-864
-902
-935
-963
-985
-1001
-1011
-1015
-1014
-1006
-993
-973
-947
-916
-878
-835
-786
-732
-672
-607
-538
-463
-384
-300
-212
-121
-26
71
172
275
381
488
597
708
818
930
1041
1153
1263
1373
1481
1588
1692
1794
1894
1990
2083
2173
2258
2340
2417
2489
2556
2619
2676
2728
2774
2814
2849
2877
2900
2917
2927
2932
2930
2923
2909
2890
2865
2834
2797
2755
2708
2655
2598
2536
2470
2399
2324
2245
2163
2078
1989
1898
1805
1709
1612
1513
1413
1312
1210
1108
1005
903
802
701
601
503
406
311
218
127
38
-47
-131
-211
-288
-363
-434
-501
-565
-626
-683
-736
-786
-832
-874
-913
-948
-979
-1007
-1031
-1053
-1071
-1085
-1097
-1106
-1112
-1115
-1116
-1114
-1111
-1105
-1097
-1088
-1077
-1065
-1052
-1038
-1022
-1007
-990
-974
-957
-940
-923
-906
-890
-874
-859
-844
-831
-818
-806
-795
-785
-777
-769
-763
-758
-754
-751
-750
-750
-750
-752
-755
-759
-764
-770
-777
-784
-792
-801
-809
-819
-828
-838
-847
-857
-866
-875
-884
-892
-899
-906
-912
-917
-921
-924
-926
-927
-927
-926
-923
-919
-913
-907
-899
-889
-878
-866
-853
-839
-823
-806
-789
-770
-751
-730
-709
-688
-666
-644
-622
-600
-577
-555
-534
-513
-492
-473
-454
-437
-420
-405
-392
-380
-370
-361
-355
-350
-348
-348
-350
-355
-362
-372
-384
-398
-415
-434
-456
-480
-507
-536
-567
-601
-636
-674
-713
-754
-796
-840
-885
-931
-978
-1026
-1074
-1122
-1170
-1218
-1265
-1312
-1357
-1402
-1445
-1486
-1525
-1562
-1597
-1629
-1658
-1684
-1707
-1726
-1741
-1752
-1759
-1762
-1760
-1754
-1743
-1727
-1706
-1680
-1648
-1612
-1571
-1524
-1472
-1415
-1353
-1285
-1213
-1136
-1054
-967
-876
-781
-682
-578
-472
-361
-248
-131
-12
108
231
356
482
609
737
865
993
1120
1246
1372
1496
1617
1737
1854
1968
2078
2185
2287
2385
2479
2568
2651
2728
2800
2866
2926
2979
3025
3065
3098
3123
3142
3153
3157
3154
3143
3125
3100
3067
3028
2981
2928
2868
2802
2729
2650
2565
2475
2379
2279
2173
2064
1950
1833
1712
1589
1463
1334
1205
1073
941
809
676
544
412
282
153
26
-97
-219
-337
-453
-564
-671
-774
-872
-965
-1053
-1135
-1211
-1281
-1346
-1404
-1455
-1500
-1538
-1570
-1594
-1612
-1624
-1628
-1626
-1617
-1601
-1579
-1551
-1516
-1476
-1430
-1378
-1321
-1259
-1192
-1121
-1046
-966
-883
-797
-708
-617
-523
-428
-331
-233
-135
-36
62
160
257
354
449
542
632
721
806
888
967
1043
1114
1181
1244
1302
1355
1403
1447
1485
1517
1544
1566
1582
1592
1597
1596
1590
1578
1561
1538
1510
1477
1439
1396
1348
1296
1240
1179
1115
1047
975
901
823
743
661
577
491
403
315
225
135
44
-45
-135
-225
-314
-402
-489
-574
-657
-738
-818
-894
-968
-1040
-1108
-1173
-1235
-1294
-1349
-1401
-1449
-1493
-1533
-1570
-1603
-1632
-1657
-1678
-1696
-1710
-1720
-1727
-1730
-1729
-1725
-1718
-1708
-1695
-1679
-1660
-1639
-1615
-1589
-1560
-1530
-1498
-1464
-1429
-1392
-1354
-1315
-1275
-1234
-1193
-1151
-1109
-1066
-1024
-981
-938
-896
-854
-812
-770
-729
-689
-649
-610
-571
-533
-496
-459
-423
-387
-353
-318
-285
-252
-219
-187
-155
-124
-92
-61
-30
0
