0
45
68
53
-3
-94
-199
-294
-358
-377
-349
-280
-188
-88
1
72
122
153
171
180
183
178
164
136
94
42
-13
-68
-115
-152
-182
-210
-243
-284
-333
-383
-425
-446
-437
-395
-324
-235
-143
-62
-3
28
37
29
14
0
-7
-12
-19
-35
-64
-110
-170
-236
-302
-358
-400
-428
-443
-449
-451
-450
-447
-441
-429
-411
-389
-365
-345
-329
-320
-314
-307
-292
-268
-233
-194
-157
-134
-133
-158
-206
-270
-339
-401
-445
-466
-466
-449
-423
-395
-370
-347
-325
-300
-268
-227
-180
-131
-84
-43
-11
12
30
44
56
64
65
57
36
5
-29
-61
-80
-80
-59
-20
28
74
109
128
134
136
146
178
238
327
436
548
646
716
749
749
726
699
683
693
732
796
872
945
1002
1037
1049
1048
1049
1064
1105
1175
1269
1376
1480
1568
1629
1658
1658
1636
1603
1570
1548
1543
1557
1590
1637
1693
1749
1799
1836
1857
1862
1854
1839
1827
1826
1842
1879
1932
1997
2063
2121
2163
2187
2193
2188
2181
2180
2190
2212
2243
2275
2303
2320
2324
2319
2310
2307
2319
2352
2411
2494
2596
2711
2830
2944
3044
3126
3183
3217
3228
3221
3203
3182
3165
3157
3157
3163
3168
3164
3144
3106
3052
2992
2935
2893
2874
2879
2902
2932
2955
2957
2934
2888
2829
2771
2730
2718
2735
2775
2823
2861
2873
2849
2787
2696
2590
2485
2392
2317
2258
2209
2159
2101
2032
1955
1880
1816
1773
1756
1765
1793
1832
1870
1901
1919
1923
1913
1892
1862
1822
1772
1714
1649
1582
1517
1458
1406
1359
1311
1252
1177
1080
964
839
719
617
544
506
495
502
509
502
474
424
362
301
255
233
234
248
259
249
205
122
6
-127
-258
-368
-445
-489
-506
-510
-516
-534
-569
-617
-667
-709
-735
-742
-735
-719
-704
-694
-691
-688
-681
-663
-632
-594
-560
-542
-550
-592
-662
-750
-842
-922
-981
-1018
-1038
-1055
-1083
-1130
-1197
-1279
-1361
-1428
-1468
-1477
-1460
-1430
-1403
-1392
-1404
-1439
-1487
-1537
-1576
-1596
-1599
-1591
-1584
-1590
-1616
-1662
-1722
-1785
-1840
-1880
-1900
-1905
-1901
-1896
-1893
-1894
-1893
-1883
-1859
-1817
-1760
-1695
-1633
-1581
-1546
-1527
-1520
-1517
-1510
-1497
-1479
-1461
-1452
-1458
-1481
-1518
-1561
-1599
-1623
-1629
-1619
-1601
-1586
-1584
-1599
-1630
-1668
-1700
-1716
-1707
-1674
-1625
-1571
-1524
-1493
-1481
-1481
-1484
-1478
-1456
-1417
-1367
-1316
-1278
-1262
-1268
-1292
-1320
-1338
-1332
-1295
-1229
-1140
-1042
-947
-863
-795
-737
-684
-627
-561
-485
-403
-321
-245
-181
-128
-82
-38
8
60
115
171
221
263
297
327
360
404
465
542
631
725
814
892
958
1017
1077
1149
1240
1354
1485
1626
1762
1884
1985
2064
2126
2180
2234
2293
2357
2425
2493
2557
2620
2687
2767
2868
2993
3140
3298
3451
3583
3684
3749
3785
3807
3832
3873
3939
4026
4121
4207
4269
4303
4312
4314
4334
4393
4508
4679
4894
5125
5344
5524
5652
5729
5774
5813
5876
5985
6151
6370
6628
6906
7188
7463
7732
7998
8269
8543
8807
9039
9205
9275
9226
9056
8786
8459
8132
7867
7710
7689
7804
8025
8306
8591
8828
8980
9033
8989
8868
8698
8505
8308
8117
7934
7756
7583
7416
7262
7130
7025
6945
6875
6791
6659
6446
6129
5701
5177
4593
3999
3450
2993
2659
2451
2352
2324
2322
2302
2236
2112
1940
1743
1547
1375
1237
1125
1017
884
696
437
107
-274
-673
-1045
-1349
-1558
-1660
-1666
-1603
-1509
-1422
-1373
-1381
-1446
-1559
-1696
-1832
-1943
-2015
-2038
-2015
-1956
-1876
-1793
-1722
-1678
-1670
-1703
-1775
-1880
-2010
-2153
-2301
-2448
-2590
-2731
-2873
-3020
-3172
-3324
-3466
-3581
-3654
-3675
-3639
-3558
-3450
-3345
-3273
-3261
-3322
-3459
-3655
-3885
-4117
-4323
-4483
-4588
-4642
-4660
-4662
-4664
-4681
-4715
-4763
-4815
-4857
-4879
-4873
-4835
-4768
-4679
-4573
-4460
-4346
-4235
-4132
-4038
-3952
-3872
-3797
-3723
-3651
-3583
-3522
-3477
-3457
-3469
-3515
-3591
-3685
-3779
-3851
-3883
-3862
-3787
-3670
-3528
-3387
-3270
-3192
-3158
-3160
-3183
-3211
-3226
-3220
-3197
-3164
-3136
-3125
-3140
-3180
-3236
-3295
-3343
-3371
-3373
-3353
-3320
-3283
-3252
-3230
-3215
-3202
-3183
-3151
-3102
-3036
-2955
-2862
-2762
-2654
-2542
-2426
-2309
-2197
-2095
-2011
-1948
-1905
-1874
-1845
-1803
-1739
-1645
-1526
-1391
-1253
-1125
-1013
-916
-825
-727
-608
-462
-291
-109
65
216
330
407
457
501
561
655
788
954
1137
1317
1475
1604
1708
1801
1904
2033
2196
2390
2605
2826
3045
3264
3498
3769
4097
4492
4943
5416
5863
6235
6492
6625
6656
6639
6644
6739
6971
7347
7838
8382
8906
9349
9682
9914
10093
10288
10562
10950
11444
11992
12508
12900
13098
13081
12883
12592
12327
12209
12324
12702
13307
14046
14793
15421
15834
15990
15907
15656
15338
15054
14881
14849
14933
15063
15137
15045
14697
14037
13061
11812
10383
8890
7464
6218
5238
4563
4179
4028
4014
4030
3981
3802
3477
3040
2563
2135
1837
1713
1751
1886
2012
2005
1761
1225
406
-616
-1720
-2759
-3609
-4193
-4501
-4581
-4529
-4446
-4415
-4470
-4589
-4705
-4727
-4576
-4206
-3629
-2907
-2141
-1442
-901
-565
-430
-440
-515
-569
-538
-399
-168
100
337
475
468
303
-3
-410
-867
-1321
-1731
-2070
-2325
-2490
-2566
-2556
-2467
-2313
-2116
-1904
-1714
-1580
-1526
-1565
-1688
-1875
-2096
-2323
-2542
-2753
-2971
-3220
-3523
-3890
-4310
-4751
-5167
-5507
-5730
-5818
-5778
-5641
-5457
-5274
-5129
-5039
-4995
-4966
-4915
-4804
-4613
-4342
-4015
-3673
-3362
-3125
-2987
-2958
-3026
-3162
-3335
-3511
-3665
-3782
-3857
-3894
-3900
-3882
-3844
-3787
-3706
-3597
-3455
-3279
-3069
-2835
-2589
-2350
-2139
-1978
-1887
-1878
-1955
-2111
-2329
-2585
-2852
-3108
-3338
-3536
-3709
-3869
-4031
-4208
-4401
-4604
-4799
-4966
-5083
-5136
-5121
-5045
-4925
-4782
-4634
-4495
-4371
-4261
-4158
-4055
-3948
-3838
-3733
-3644
-3580
-3550
-3553
-3584
-3628
-3671
-3694
-3685
-3632
-3531
-3381
-3185
-2949
-2682
-2393
-2093
-1797
-1513
-1249
-1010
-791
-584
-380
-167
59
299
543
778
987
1158
1285
1373
1438
1500
1581
1697
1855
2050
2269
2494
2708
2901
3071
3230
3391
3573
3785
4031
4304
4589
4867
5119
5337
5518
5672
5816
5969
6151
6379
6661
7001
7394
7834
8309
8809
9322
9840
10354
10865
11374
11891
12426
12988
13582
14201
14827
15431
15977
16431
16770
16986
17097
17136
17147
17175
17248
17371
17524
17663
17735
17693
17510
17190
16766
16292
15823
15399
15027
14673
14270
13733
12984
11978
10725
9294
7803
6403
5239
4419
3988
3919
4113
4426
4700
4799
4638
4201
3537
2745
1940
1227
669
274
-6
-262
-593
-1084
-1777
-2660
-3665
-4684
-5599
-6304
-6736
-6887
-6802
-6562
-6265
-5991
-5786
-5646
-5522
-5336
-5006
-4476
-3732
-2813
-1807
-824
20
642
1005
1126
1068
924
785
720
758
886
1057
1209
1289
1270
1160
996
835
733
726
821
992
1193
1371
1485
1517
1478
1402
1332
1304
1334
1413
1506
1569
1559
1451
1243
959
636
312
11
-264
-537
-843
-1219
-1690
-2252
-2875
-3502
-4070
-4520
-4818
-4959
-4972
-4905
-4816
-4754
-4748
-4802
-4898
-5004
-5089
-5130
-5123
-5076
-5012
-4951
-4909
-4889
-4881
-4865
-4818
-4724
-4574
-4373
-4135
-3878
-3622
-3379
-3155
-2949
-2758
-2577
-2402
-2232
-2071
-1923
-1792
-1681
-1596
-1542
-1527
-1562
-1658
-1823
-2059
-2361
-2715
-3095
-3477
-3836
-4154
-4423
-4646
-4832
-4995
-5144
-5284
-5413
-5525
-5611
-5665
-5690
-5690
-5679
-5669
-5670
-5688
-5719
-5756
-5788
-5805
-5803
-5783
-5749
-5706
-5660
-5611
-5556
-5488
-5401
-5289
-5152
-4993
-4815
-4622
-4412
-4182
-3924
-3633
-3307
-2953
-2587
-2229
-1900
-1615
-1376
-1175
-992
-799
-575
-306
8
353
705
1038
1334
1585
1797
1985
2170
2366
2580
2804
3024
3223
3389
3523
3637
3756
3907
4110
4372
4680
5007
5317
5577
5765
5883
5949
6000
6077
6214
6431
6726
7082
7470
7858
8226
8565
8882
9195
9525
9892
10303
10759
11250
11763
12288
12816
13344
13869
14382
14871
15313
15683
15958
16127
16197
16195
16164
16155
16209
16351
16573
16840
17091
17254
17263
17075
16682
16110
15419
14685
13985
13379
12899
12546
12292
12090
11890
11648
11337
10950
10494
9983
9431
8840
8202
7496
6704
5809
4817
3751
2653
1576
569
-337
-1144
-1883
-2613
-3402
-4306
-5346
-6491
-7657
-8712
-9509
-9914
-9841
-9284
-8320
-7099
-5820
-4681
-3839
-3375
-3274
-3434
-3697
-3888
-3865
-3558
-2978
-2219
-1426
-750
-308
-151
-247
-494
-752
-878
-772
-398
205
943
1690
2327
2776
3016
3085
3065
3054
3132
3340
3670
4066
4441
4704
4780
4630
4256
3695
3011
2277
1560
911
366
-59
-364
-557
-653
-679
-665
-653
-683
-794
-1012
-1346
-1782
-2287
-2817
-3328
-3790
-4190
-4538
-4863
-5195
-5562
-5969
-6401
-6824
-7194
-7471
-7635
-7689
-7660
-7592
-7525
-7486
-7473
-7456
-7383
-7192
-6835
-6293
-5582
-4758
-3902
-3106
-2448
-1978
-1710
-1621
-1662
-1774
-1901
-2005
-2072
-2105
-2123
-2147
-2191
-2258
-2340
-2422
-2487
-2525
-2535
-2527
-2518
-2527
-2570
-2656
-2784
-2948
-3136
-3336
-3539
-3739
-3934
-4129
-4328
-4539
-4768
-5024
-5314
-5640
-6000
-6385
-6775
-7144
-7458
-7684
-7794
-7772
-7621
-7356
-7009
-6615
-6210
-5824
-5473
-5162
-4885
-4636
-4406
-4192
-3996
-3822
-3672
-3542
-3423
-3296
-3141
-2941
-2686
-2379
-2032
-1666
-1302
-956
-633
-329
-29
282
620
989
1382
1785
2180
2550
2883
3177
3436
3666
3872
4051
4199
4304
4361
4372
4350
4321
4317
4369
4500
4717
5011
5361
5740
6124
6499
6861
7214
7566
7916
8252
8554
8793
8951
9022
9027
9005
9014
9104
9312
9638
10051
10495
10903
11223
11439
11575
11694
11876
12194
12688
13344
14094
14831
15440
15827
15948
15820
15516
15135
14772
14486
14279
14097
13854
13466
12883
12118
11248
10402
9715
9295
9181
9331
9634
9938
10103
10042
9746
9294
8822
8479
8386
8589
9047
9647
10232
10647
10783
10590
10081
9301
8299
7090
5647
3908
1820
-625
-3341
-6136
-8727
-10796
-12061
-12355
-11684
-10237
-8355
-6451
-4914
-4010
-3821
-4224
-4938
-5604
-5890
-5582
-4648
-3239
-1647
-215
751
1077
750
-75
-1135
-2133
-2826
-3084
-2921
-2475
-1955
-1568
-1453
-1635
-2020
-2421
-2617
-2415
-1713
-523
1019
2697
4256
5468
6176
6326
5968
5233
4293
3325
2468
1804
1351
1074
904
763
585
328
-18
-438
-899
-1361
-1789
-2156
-2454
-2686
-2865
-3011
-3145
-3283
-3434
-3600
-3778
-3960
-4140
-4318
-4502
-4709
-4965
-5299
-5734
-6282
-6933
-7657
-8398
-9083
-9634
-9978
-10063
-9864
-9396
-8706
-7869
-6970
-6097
-5318
-4674
-4177
-3808
-3528
-3291
-3058
-2805
-2530
-2250
-1999
-1813
-1722
-1741
-1869
-2083
-2354
-2648
-2936
-3204
-3445
-3664
-3867
-4056
-4225
-4355
-4425
-4410
-4297
-4092
-3817
-3517
-3244
-3054
-2993
-3087
-3337
-3721
-4198
-4715
-5223
-5677
-6047
-6318
-6488
-6565
-6564
-6500
-6391
-6254
-6102
-5950
-5805
-5673
-5553
-5436
-5310
-5158
-4965
-4719
-4415
-4058
-3662
-3246
-2833
-2445
-2102
-1817
-1594
-1433
-1325
-1255
-1206
-1152
-1071
-938
-733
-445
-71
379
887
1425
1962
2469
2919
3298
3596
3817
3965
4055
4100
4118
4130
4156
4218
4339
4534
4810
5161
5571
6010
6447
6849
7194
7473
7692
7874
8048
8244
8489
8793
9156
9563
9993
10419
10821
11181
11491
11752
11968
12146
12299
12435
12566
12698
12839
12988
13143
13292
13422
13517
13561
13550
13482
13369
13224
13062
12888
12702
12489
12232
11917
11541
11122
10700
10330
10071
9970
10044
10273
10594
10917
11137
11162
10933
10445
9748
8940
8148
7501
7104
7011
7216
7648
8183
8657
8901
8756
8110
6907
5170
2994
542
-1970
-4314
-6271
-7675
-8439
-8572
-8179
-7437
-6565
-5775
-5228
-5003
-5081
-5361
-5684
-5884
-5827
-5452
-4783
-3920
-3011
-2210
-1636
-1342
-1305
-1438
-1623
-1744
-1724
-1547
-1263
-965
-761
-739
-934
-1314
-1787
-2215
-2456
-2390
-1953
-1154
-69
1170
2405
3479
4264
4683
4717
4403
3821
3084
2309
1605
1057
709
567
595
722
860
919
823
526
23
-648
-1419
-2199
-2900
-3451
-3818
-4006
-4061
-4055
-4068
-4172
-4414
-4804
-5322
-5920
-6539
-7127
-7646
-8084
-8451
-8773
-9076
-9373
-9657
-9895
-10033
-10013
-9785
-9325
-8651
-7819
-6921
-6063
-5343
-4834
-4556
-4483
-4541
-4631
-4653
-4532
-4240
-3797
-3271
-2759
-2355
-2134
-2128
-2318
-2649
-3037
-3400
-3673
-3825
-3860
-3808
-3714
-3618
-3542
-3489
-3443
-3383
-3295
-3180
-3064
-2986
-2994
-3129
-3409
-3830
-4358
-4943
-5525
-6051
-6482
-6797
-6991
-7074
-7064
-6981
-6850
-6694
-6541
-6417
-6345
-6341
-6400
-6503
-6612
-6677
-6653
-6508
-6236
-5860
-5428
-4998
-4625
-4343
-4155
-4037
-3945
-3833
-3667
-3437
-3159
-2867
-2597
-2369
-2180
-1997
-1770
-1447
-997
-422
238
911
1515
1977
2258
2364
2339
2256
2190
2199
2307
2503
2749
2996
3207
3368
3492
3611
3763
3972
4241
4547
4852
5117
5321
5470
5597
5754
5992
6340
6797
7328
7875
8373
8778
9075
9285
9456
9641
9884
10197
10559
10924
11239
11461
11578
11614
11617
11643
11736
11910
12145
12393
12599
12722
12749
12701
12621
12553
12519
12501
12442
12262
11886
11278
10466
9547
8668
7989
7638
7666
8032
8603
9192
9611
9723
9485
8966
8321
7761
7483
7625
8227
9218
10439
11674
12697
13314
13381
12819
11607
9775
7394
4578
1486
-1670
-4643
-7164
-8989
-9946
-9988
-9212
-7864
-6294
-4884
-3959
-3714
-4154
-5101
-6231
-7163
-7559
-7215
-6114
-4436
-2510
-724
567
1139
936
86
-1153
-2468
-3573
-4287
-4569
-4513
-4304
-4151
-4216
-4560
-5121
-5730
-6155
-6170
-5617
-4454
-2773
-780
1243
3007
4275
4914
4919
4409
3593
2719
2012
1627
1618
1926
2405
2861
3101
2981
2439
1506
296
-1026
-2285
-3333
-4079
-4498
-4630
-4551
-4352
-4117
-3901
-3736
-3638
-3621
-3708
-3940
-4365
-5028
-5945
-7091
-8392
-9736
-10986
-12012
-12721
-13067
-13066
-12778
-12293
-11706
-11091
-10494
-9931
-9396
-8875
-8359
-7848
-7348
-6867
-6400
-5928
-5419
-4840
-4175
-3438
-2684
-2002
-1499
-1275
-1388
-1844
-2577
-3470
-4374
-5142
-5662
-5875
-5787
-5452
-4957
-4394
-3836
-3331
-2901
-2549
-2278
-2100
-2036
-2116
-2364
-2783
-3347
-3998
-4660
-5250
-5706
-5996
-6129
-6151
-6130
-6139
-6235
-6447
-6771
-7174
-7607
-8013
-8340
-8548
-8609
-8509
-8245
-7826
-7274
-6628
-5942
-5282
-4717
-4309
-4097
-4087
-4252
-4533
-4852
-5130
-5299
-5316
-5167
-4858
-4414
-3864
-3236
-2556
-1850
-1149
-488
88
542
848
1002
1035
1002
979
1037
1228
1568
2031
2557
3066
3486
3767
3893
3886
3790
3660
3542
3465
3438
3465
3550
3714
3994
4437
5080
5937
6976
8121
9260
10274
11062
11572
11811
11845
11777
11715
11739
11883
12129
12422
12694
12894
13009
13062
13102
13176
13302
13450
13542
13479
13171
12580
11743
10777
9853
9156
8824
8916
9381
10081
10822
11415
11727
11715
11427
10979
10501
10094
9793
9566
9338
9048
8689
8344
8174
8373
9091
10353
12000
13687
14930
15218
14149
11554
7582
2698
-2390
-6892
-10107
-11600
-11307
-9551
-6967
-4337
-2399
-1664
-2298
-4094
-6542
-8975
-10750
-11414
-10817
-9127
-6776
-4330
-2331
-1158
-945
-1565
-2691
-3905
-4825
-5212
-5028
-4432
-3718
-3216
-3187
-3744
-4813
-6156
-7431
-8286
-8447
-7786
-6350
-4343
-2070
131
1969
3249
3902
3978
3616
3003
2333
1766
1418
1349
1572
2054
2730
3501
4243
4815
5079
4921
4282
3186
1743
146
-1362
-2541
-3207
-3279
-2806
-1960
-991
-173
273
232
-277
-1112
-2054
-2874
-3404
-3589
-3502
-3322
-3274
-3561
-4292
-5449
-6883
-8353
-9602
-10426
-10736
-10588
-10161
-9708
-9476
-9632
-10211
-11102
-12076
-12849
-13166
-12865
-11928
-10486
-8785
-7122
-5775
-4934
-4666
-4909
-5499
-6223
-6873
-7298
-7432
-7293
-6967
-6572
-6217
-5973
-5860
-5845
-5864
-5843
-5722
-5477
-5126
-4720
-4331
-4033
-3877
-3887
-4045
-4302
-4586
-4828
-4972
-4996
-4919
-4799
-4717
-4765
-5017
-5515
-6248
-7156
-8139
-9073
-9839
-10347
-10553
-10465
-10140
-9664
-9135
-8634
-8216
-7900
-7675
-7512
-7378
-7249
-7118
-6990
-6880
-6796
-6734
-6673
-6581
-6420
-6165
-5808
-5369
-4886
-4414
-4002
-3686
-3472
-3343
-3255
-3154
-2988
-2718
-2327
-1821
-1223
-569
102
756
1360
1890
2325
2652
2864
2964
2967
2900
2801
2711
2672
2710
2837
3048
3320
3626
3939
4243
4530
4806
5081
5365
5662
5969
6284
6602
6930
7285
7688
8164
8721
9348
10007
10637
11165
11531
11696
11666
11486
11236
11008
10887
10926
11138
11498
11953
12444
12924
13370
13779
14156
14501
14783
14945
14908
14595
13966
13044
11926
10777
9791
9141
8928
9141
9648
10225
10616
10613
10117
9194
8059
7033
6450
6552
7402
8838
10495
11878
12492
11972
10192
7319
3782
177
-2882
-4923
-5737
-5435
-4416
-3261
-2570
-2797
-4119
-6390
-9170
-11849
-13803
-14571
-13968
-12140
-9519
-6702
-4299
-2773
-2328
-2876
-4076
-5451
-6523
-6947
-6600
-5599
-4252
-2956
-2081
-1862
-2346
-3384
-4691
-5926
-6793
-7108
-6839
-6088
-5049
-3937
-2928
-2118
-1514
-1057
-656
-231
260
820
1413
1998
2547
3058
3550
4041
4525
4955
5240
5267
4939
4217
3149
1876
611
-414
-1014
-1104
-729
-63
641
1124
1195
791
-3
-981
-1878
-2454
-2582
-2284
-1739
-1232
-1066
-1471
-2527
-4132
-6028
-7866
-9313
-10143
-10310
-9956
-9376
-8922
-8907
-9503
-10690
-12257
-13860
-15117
-15709
-15472
-14432
-12801
-10909
-9116
-7721
-6892
-6632
-6804
-7184
-7534
-7676
-7533
-7144
-6633
-6164
-5880
-5857
-6084
-6468
-6871
-7152
-7214
-7031
-6652
-6187
-5765
-5498
-5448
-5607
-5906
-6234
-6471
-6524
-6348
-5963
-5440
-4888
-4423
-4148
-4123
-4368
-4853
-5514
-6270
-7033
-7730
-8306
-8734
-9007
-9141
-9164
-9108
-9006
-8887
-8769
-8662
-8569
-8488
-8417
-8352
-8292
-8237
-8184
-8123
-8039
-7911
-7716
-7438
-7073
-6636
-6163
-5701
-5305
-5015
-4852
-4802
-4820
-4837
-4778
-4579
-4207
-3667
-3004
-2287
-1596
-995
-524
-183
53
234
402
585
785
981
1137
1223
1232
1183
1128
1132
1260
1549
1998
2564
3174
3744
4205
4523
4712
4828
4950
5158
5505
6005
6625
7299
7947
8503
8930
9230
9437
9604
9783
10002
10264
10546
10814
11040
11217
11365
11527
11750
12073
12505
13021
13570
14089
14524
14849
15074
15232
15368
15506
15635
15702
15622
15302
14684
13769
12634
11422
10312
9472
9010
8944
9192
9605
10007
10262
10315
10214
10092
10119
10426
11040
11843
12575
12886
12426
10948
8393
4939
980
-2949
-6300
-8633
-9733
-9661
-8740
-7468
-6389
-5954
-6404
-7711
-9596
-11605
-13237
-14071
-13879
-12673
-10693
-8340
-6061
-4244
-3129
-2763
-3021
-3658
-4396
-5004
-5357
-5454
-5397
-5343
-5438
-5766
-6320
-6999
-7646
-8088
-8190
-7886
-7195
-6205
-5043
-3841
-2701
-1678
-778
21
758
1455
2121
2744
3307
3805
4250
4676
5118
5594
6081
6502
6733
6625
6054
4961
3391
1504
-439
-2134
-3297
-3735
-3403
-2420
-1046
380
1524
2138
2125
1554
640
-322
-1050
-1341
-1141
-547
222
893
1217
1040
344
-762
-2083
-3401
-4550
-5465
-6196
-6883
-7698
-8776
-10156
-11749
-13351
-14689
-15500
-15600
-14943
-13643
-11944
-10166
-8623
-7551
-7055
-7094
-7508
-8070
-8556
-8801
-8736
-8397
-7898
-7390
-7012
-6852
-6932
-7209
-7602
-8017
-8384
-8663
-8854
-8977
-9057
-9099
-9084
-8968
-8694
-8220
-7532
-6663
-5688
-4719
-3877
-3271
-2973
-3011
-3361
-3958
-4716
-5539
-6344
-7068
-7677
-8157
-8519
-8783
-8976
-9126
-9255
-9381
-9511
-9644
-9769
-9867
-9916
-9892
-9775
-9555
-9231
-8811
-8315
-7768
-7200
-6645
-6135
-5706
-5392
-5221
-5212
-5366
-5663
-6058
-6484
-6860
-7105
-7154
-6973
-6566
-5978
-5283
-4571
-3921
-3391
-2999
-2726
-2522
-2323
-2067
-1719
-1269
-743
-186
347
813
1184
1461
1660
1810
1936
2049
2141
2193
2179
2085
1920
1718
1543
1469
1566
1882
2423
3153
3997
4858
5642
6277
6732
7020
7194
7327
7489
7727
8055
8449
8859
9232
9528
9738
9886
10024
10208
10479
10841
11257
11655
11950
12078
12024
11832
11610
11496
11623
12069
12825
13780
14743
15486
15808
15593
14855
13741
12501
11422
10747
10608
10982
11699
12491
13074
13237
12912
12201
11344
10644
10366
10631
11361
12275
12947
12926
11866
9641
6405
2580
-1238
-4425
-6480
-7166
-6567
-5072
-3273
-1809
-1202
-1721
-3323
-5670
-8229
-10418
-11758
-11992
-11136
-9462
-7405
-5444
-3981
-3244
-3259
-3869
-4805
-5779
-6563
-7048
-7245
-7265
-7254
-7338
-7577
-7945
-8348
-8658
-8758
-8584
-8136
-7480
-6715
-5940
-5224
-4590
-4012
-3441
-2828
-2149
-1421
-694
-32
515
936
1268
1586
1979
2514
3198
3961
4661
5110
5130
4602
3519
2007
308
-1261
-2381
-2809
-2443
-1355
218
1926
3383
4267
4395
3772
2590
1179
-75
-842
-920
-304
818
2112
3183
3683
3400
2314
603
-1411
-3352
-4891
-5838
-6186
-6108
-5898
-5873
-6275
-7189
-8518
-10000
-11291
-12063
-12108
-11406
-10136
-8632
-7294
-6471
-6365
-6976
-8103
-9402
-10491
-11059
-10956
-10230
-9114
-7947
-7080
-6765
-7095
-7973
-9155
-10321
-11173
-11523
-11330
-10708
-9875
-9077
-8504
-8241
-8240
-8351
-8378
-8153
-7598
-6755
-5777
-4884
-4292
-4149
-4486
-5210
-6130
-7015
-7661
-7950
-7876
-7546
-7135
-6835
-6791
-7063
-7607
-8296
-8957
-9427
-9593
-9428
-8984
-8377
-7742
-7197
-6809
-6581
-6459
-6356
-6189
-5903
-5495
-5015
-4551
-4202
-4051
-4140
-4452
-4919
-5434
-5876
-6138
-6155
-5915
-5463
-4889
-4308
-3832
-3541
-3465
-3575
-3789
-3993
-4064
-3909
-3482
-2807
-1967
-1088
-308
258
553
586
431
206
36
17
183
503
887
1218
1391
1351
1116
773
459
315
446
882
1572
2388
3171
3774
4107
4167
4038
3867
3813
4002
4484
5219
6088
6933
7600
7996
8106
8001
7811
7680
7718
7972
8406
8923
9395
9713
9822
9737
9545
9367
9324
9491
9875
10412
10987
11474
11775
11851
11734
11515
11316
11249
11386
11736
12244
12816
13340
13722
13905
13880
13679
13360
12991
12635
12341
12144
12065
12113
12274
12505
12723
12804
12596
11947
10745
8960
6676
4097
1519
-723
-2338
-3145
-3133
-2470
-1471
-522
16
-95
-914
-2297
-3941
-5471
-6536
-6913
-6561
-5632
-4424
-3294
-2560
-2416
-2887
-3833
-5004
-6115
-6939
-7364
-7417
-7246
-7061
-7059
-7363
-7976
-8787
-9601
-10200
-10410
-10148
-9444
-8428
-7289
-6226
-5391
-4855
-4606
-4555
-4579
-4553
-4387
-4041
-3527
-2893
-2206
-1531
-916
-394
12
290
420
388
186
-172
-648
-1165
-1626
-1927
-1981
-1740
-1210
-453
423
1295
2040
2571
2852
2894
2752
2502
2219
1954
1728
1526
1311
1033
651
142
-492
-1229
-2032
-2859
-3675
-4454
-5187
-5871
-6509
-7100
-7634
-8092
-8448
-8674
-8747
-8656
-8410
-8040
-7595
-7141
-6748
-6484
-6398
-6518
-6839
-7326
-7920
-8547
-9131
-9611
-9945
-10124
-10168
-10117
-10024
-9939
-9897
-9915
-9984
-10078
-10158
-10185
-10127
-9964
-9692
-9324
-8881
-8393
-7891
-7406
-6970
-6609
-6348
-6205
-6190
-6303
-6533
-6855
-7235
-7633
-8008
-8326
-8559
-8693
-8722
-8651
-8490
-8255
-7963
-7636
-7293
-6958
-6649
-6378
-6150
-5957
-5778
-5589
-5359
-5071
-4718
-4316
-3896
-3504
-3189
-2989
-2923
-2987
-3151
-3370
-3592
-3771
-3875
-3892
-3824
-3685
-3491
-3252
-2972
-2647
-2277
-1864
-1427
-994
-605
-295
-91
3
8
-37
-81
-77
7
178
416
679
921
1098
1189
1196
1146
1082
1050
1090
1223
1456
1776
2167
2610
3095
3615
4171
4760
5369
5977
6553
7063
7479
7790
8004
8146
8257
8377
8541
8766
9050
9377
9723
10066
10393
10701
10999
11296
11598
11901
12189
12443
12643
12783
12872
12938
13016
13148
13358
13652
14011
14393
14748
15026
15193
15237
15174
15038
14875
14732
14649
14653
14759
14966
15257
15598
15928
16164
16196
15905
15178
13944
12195
10012
7567
5106
2902
1208
189
-113
193
876
1624
2121
2121
1513
344
-1190
-2796
-4163
-5038
-5294
-4960
-4203
-3287
-2495
-2059
-2106
-2634
-3528
-4603
-5663
-6560
-7227
-7682
-8014
-8337
-8748
-9289
-9934
-10597
-11162
-11520
-11600
-11388
-10930
-10312
-9630
-8968
-8375
-7862
-7411
-6991
-6578
-6163
-5752
-5357
-4985
-4619
-4226
-3760
-3186
-2501
-1754
-1040
-488
-228
-345
-852
-1663
-2609
-3466
-4007
-4061
-3560
-2553
-1204
253
1573
2560
3113
3248
3084
2806
2605
2628
2936
3495
4192
4872
5389
5642
5604
5319
4881
4397
3951
3577
3254
2915
2477
1878
1097
170
-813
-1743
-2515
-3060
-3369
-3493
-3527
-3581
-3748
-4079
-4573
-5177
-5808
-6382
-6834
-7141
-7321
-7422
-7506
-7624
-7801
-8030
-8281
-8512
-8693
-8815
-8897
-8984
-9122
-9350
-9675
-10065
-10459
-10775
-10937
-10897
-10648
-10229
-9714
-9197
-8763
-8469
-8335
-8339
-8431
-8548
-8635
-8657
-8606
-8500
-8368
-8239
-8134
-8056
-7995
-7934
-7857
-7756
-7641
-7528
-7436
-7382
-7364
-7366
-7358
-7303
-7169
-6937
-6606
-6195
-5735
-5264
-4815
-4413
-4072
-3793
-3575
-3410
-3293
-3219
-3179
-3161
-3145
-3108
-3029
-2893
-2698
-2460
-2206
-1971
-1789
-1678
-1640
-1655
-1688
-1700
-1660
-1551
-1378
-1160
-925
-702
-505
-334
-178
-18
157
351
547
719
836
878
842
748
636
552
539
618
784
1008
1243
1443
1576
1635
1637
1620
1625
1684
1810
1990
2194
2389
2549
2671
2772
2890
3062
3314
3649
4040
4438
4790
5054
5218
5300
5352
5435
5604
5887
6277
6729
7177
7556
7819
7957
7993
7983
7985
8050
8196
8410
8650
8866
9016
9085
9086
9061
9058
9118
9257
9462
9693
9903
10055
10138
10172
10201
10278
10444
10713
11066
11460
11847
12197
12512
12826
13194
13659
14220
14810
15293
15482
15188
14274
12709
10595
8164
5734
3641
2156
1420
1403
1913
2645
3265
3494
3181
2340
1134
-170
-1287
-1987
-2161
-1837
-1168
-375
317
745
840
632
225
-257
-720
-1130
-1528
-2000
-2645
-3521
-4615
-5830
-7012
-7988
-8621
-8853
-8724
-8363
-7946
-7640
-7552
-7694
-7980
-8257
-8358
-8155
-7609
-6780
-5815
-4897
-4187
-3773
-3638
-3671
-3703
-3571
-3178
-2534
-1762
-1070
-683
-771
-1389
-2443
-3707
-4879
-5662
-5845
-5365
-4327
-2971
-1605
-518
103
220
-52
-490
-835
-877
-519
192
1088
1931
2495
2632
2321
1666
859
108
-430
-706
-795
-863
-1114
-1706
-2696
-4003
-5424
-6690
-7542
-7812
-7479
-6672
-5643
-4687
-4060
-3907
-4223
-4865
-5601
-6192
-6465
-6367
-5979
-5485
-5104
-5020
-5317
-5954
-6780
-7585
-8173
-8425
-8339
-8032
-7697
-7537
-7693
-8194
-8939
-9725
-10310
-10484
-10140
-9308
-8153
-6925
-5893
-5265
-5135
-5461
-6086
-6787
-7348
-7624
-7576
-7274
-6870
-6538
-6419
-6574
-6965
-7476
-7946
-8229
-8237
-7965
-7496
-6964
-6512
-6245
-6194
-6308
-6465
-6519
-6338
-5852
-5076
-4105
-3094
-2214
-1607
-1348
-1431
-1770
-2228
-2655
-2925
-2968
-2782
-2427
-2000
-1605
-1323
-1189
-1188
-1262
-1331
-1320
-1180
-905
-532
-127
235
495
623
636
584
544
587
764
1082
1500
1941
2309
2517
2516
2305
1940
1521
1165
979
1027
1321
1812
2409
3002
3495
3829
4001
4053
4067
4127
4300
4610
5032
5506
5952
6302
6521
6625
6671
6749
6943
7310
7856
8527
9224
9831
10241
10395
10299
10023
9686
9424
9354
9542
9987
10620
11329
11987
12492
12789
12890
12864
12812
12841
13028
13395
13906
14473
14988
15351
15502
15440
15227
14967
14779
14758
14950
15327
15792
16198
16385
16215
15613
14583
13212
11652
10084
8680
7564
6789
6333
6109
5996
5871
5640
5258
4734
4120
3488
2904
2411
2017
1694
1400
1091
744
363
-22
-371
-648
-847
-999
-1175
-1465
-1957
-2703
-3703
-4891
-6149
-7326
-8282
-8918
-9201
-9177
-8950
-8661
-8444
-8389
-8524
-8805
-9136
-9397
-9486
-9342
-8971
-8436
-7841
-7297
-6889
-6653
-6566
-6558
-6534
-6410
-6139
-5730
-5243
-4780
-4446
-4323
-4442
-4769
-5213
-5645
-5932
-5966
-5691
-5115
-4304
-3365
-2419
-1569
-884
-381
-32
224
465
758
1146
1638
2209
2807
3371
3843
4188
4393
4476
4471
4423
4368
4321
4275
4198
4043
3763
3331
2751
2064
1344
685
173
-131
-219
-134
34
171
168
-45
-482
-1085
-1748
-2337
-2736
-2881
-2782
-2526
-2254
-2123
-2260
-2722
-3477
-4413
-5368
-6175
-6719
-6965
-6973
-6878
-6844
-7015
-7459
-8145
-8945
-9672
-10134
-10197
-9826
-9110
-8235
-7433
-6922
-6836
-7186
-7859
-8650
-9323
-9679
-9622
-9180
-8501
-7802
-7309
-7182
-7471
-8103
-8903
-9648
-10137
-10249
-9973
-9410
-8737
-8144
-7774
-7683
-7817
-8035
-8157
-8023
-7543
-6732
-5707
-4651
-3761
-3190
-3001
-3151
-3506
-3881
-4096
-4031
-3656
-3038
-2321
-1676
-1253
-1139
-1329
-1735
-2211
-2597
-2767
-2660
-2294
-1756
-1175
-676
-348
-217
-243
-335
-380
-284
2
465
1032
1592
2028
2250
2224
1978
1601
1209
921
823
942
1245
1643
2024
2279
2339
2189
1876
1493
1153
957
966
1189
1578
2048
2501
2859
3080
3172
3184
3189
3257
3431
3718
4081
4457
4780
4999
5102
5117
5102
5131
5262
5528
5915
6376
6842
7243
7535
7707
7786
7824
7879
7995
8189
8445
8726
8991
9215
9399
9575
9795
10108
10541
11082
11678
12247
12702
12980
13065
12994
12855
12753
12783
12994
13374
13854
14326
14682
14853
14830
14673
14486
14384
14444
14670
14978
15213
15189
14749
13817
12435
10765
9052
7564
6519
6023
6038
6391
6822
7060
6896
6252
5193
3913
2673
1723
1226
1212
1569
2081
2494
2597
2281
1573
622
-352
-1136
-1592
-1702
-1583
-1444
-1521
-1999
-2946
-4286
-5811
-7243
-8311
-8834
-8775
-8255
-7514
-6848
-6514
-6657
-7265
-8176
-9127
-9830
-10062
-9729
-8891
-7745
-6565
-5615
-5079
-5004
-5299
-5761
-6151
-6268
-6012
-5416
-4631
-3882
-3389
-3300
-3639
-4298
-5065
-5685
-5936
-5691
-4955
-3861
-2631
-1506
-682
-250
-182
-340
-525
-540
-247
392
1308
2350
3334
4097
4546
4676
4569
4358
4181
4135
4242
4445
4628
4655
4418
3875
3070
2125
1210
495
100
65
333
766
1185
1415
1338
921
227
-609
-1414
-2029
-2352
-2369
-2152
-1842
-1604
-1585
-1868
-2454
-3259
-4146
-4960
-5578
-5942
-6072
-6062
-6046
-6156
-6477
-7021
-7720
-8441
-9029
-9348
-9328
-8986
-8428
-7817
-7333
-7118
-7242
-7678
-8309
-8969
-9483
-9720
-9630
-9258
-8727
-8201
-7838
-7744
-7943
-8373
-8908
-9394
-9697
-9739
-9518
-9104
-8612
-8161
-7842
-7683
-7647
-7647
-7575
-7339
-6896
-6266
-5531
-4806
-4208
-3821
-3669
-3712
-3859
-3991
-4002
-3827
-3458
-2948
-2389
-1887
-1531
-1364
-1377
-1514
-1689
-1812
-1818
-1680
-1418
-1083
-743
-458
-264
-159
-110
-66
27
203
465
782
1100
1354
1493
1492
1363
1152
925
751
686
749
928
1176
1431
1629
1726
1708
1594
1428
1266
1162
1147
1228
1388
1589
1792
1966
2102
2207
2307
2429
2596
2811
3060
3312
3531
3690
3779
3811
3823
3859
3964
4163
4459
4828
5226
5604
5921
6157
6318
6431
6539
6683
6889
7165
7491
7835
8157
8427
8632
8779
8895
9013
9168
9378
9644
9951
10268
10565
10818
11019
11179
11324
11489
11709
12008
12393
12851
13349
13841
14276
14606
14801
14854
14785
14642
14492
14407
14447
14641
14976
15385
15761
15971
15889
15421
14543
13306
11835
10306
8908
7796
7055
6680
6578
6597
6566
6348
5877
5176
4350
3550
2927
2585
2543
2734
3018
3231
3231
2943
2384
1653
900
274
-126
-288
-295
-300
-480
-983
-1871
-3104
-4537
-5965
-7172
-7996
-8372
-8343
-8053
-7695
-7454
-7456
-7728
-8198
-8715
-9101
-9204
-8942
-8331
-7475
-6538
-5694
-5083
-4770
-4735
-4886
-5089
-5217
-5181
-4963
-4613
-4234
-3946
-3850
-3994
-4355
-4848
-5344
-5705
-5818
-5625
-5134
-4413
-3567
-2715
-1948
-1317
-819
-404
2
473
1054
1748
2512
3269
3933
4431
4730
4845
4835
4783
4768
4835
4978
5135
5206
5080
4676
3973
3031
1983
1011
296
-28
83
569
1273
1980
2477
2604
2306
1642
775
-79
-716
-996
-895
-506
-19
337
365
-48
-894
-2044
-3284
-4380
-5145
-5493
-5464
-5210
-4946
-4886
-5174
-5840
-6788
-7821
-8700
-9210
-9231
-8766
-7948
-7004
-6189
-5719
-5710
-6153
-6916
-7788
-8538
-8983
-9032
-8715
-8160
-7557
-7101
-6933
-7103
-7563
-8181
-8785
-9215
-9366
-9217
-8827
-8316
-7823
-7461
-7285
-7277
-7355
-7400
-7295
-6967
-6405
-5670
-4877
-4160
-3639
-3381
-3387
-3589
-3871
-4106
-4184
-4049
-3706
-3220
-2692
-2231
-1920
-1798
-1849
-2011
-2200
-2330
-2342
-2218
-1982
-1688
-1401
-1174
-1033
-969
-944
-903
-799
-605
-327
-2
310
550
673
667
554
388
237
162
205
369
625
917
1182
1367
1444
1420
1327
1218
1142
1134
1200
1320
1455
1560
1605
1580
1508
1429
1396
1451
1611
1865
2168
2460
2682
2791
2781
2680
2546
2448
2445
2571
2820
3152
3501
3798
3991
4061
4025
3934
3851
3836
3922
4113
4375
4659
4909
5089
5189
5234
5272
5358
5536
5823
6202
6630
7048
7401
7655
7809
7892
7954
8047
8212
8463
8786
9144
9490
9788
10015
10179
10303
10426
10582
10791
11056
11361
11681
11991
12276
12535
12776
13012
13254
13503
13749
13979
14182
14355
14506
14646
14782
14903
14972
14927
14692
14201
13423
12380
11158
9894
8747
7858
7312
7109
7163
7321
7407
7273
6845
6144
5284
4437
3777
3428
3419
3674
4032
4295
4289
3920
3204
2263
1287
471
-41
-218
-139
14
26
-295
-1052
-2219
-3644
-5094
-6313
-7101
-7368
-7157
-6629
-6019
-5560
-5424
-5670
-6235
-6958
-7631
-8060
-8122
-7797
-7166
-6386
-5640
-5086
-4814
-4829
-5054
-5366
-5628
-5735
-5638
-5359
-4971
-4580
-4287
-4160
-4214
-4408
-4659
-4860
-4914
-4754
-4361
-3766
-3043
-2284
-1583
-1008
-588
-308
-115
62
294
627
1071
1595
2138
2627
2998
3220
3303
3293
3259
3265
3348
3500
3668
3769
3718
3465
3012
2432
1848
1400
1205
1313
1683
2189
2648
2873
2733
2194
1338
342
-569
-1197
-1425
-1263
-847
-404
-175
-349
-989
-2016
-3223
-4342
-5120
-5405
-5197
-4649
-4026
-3622
-3665
-4247
-5284
-6542
-7705
-8467
-8633
-8178
-7261
-6177
-5276
-4853
-5063
-5876
-7085
-8373
-9404
-9927
-9847
-9251
-8375
-7529
-7004
-6981
-7478
-8353
-9349
-10174
-10589
-10484
-9899
-9011
-8077
-7348
-6998
-7071
-7474
-8008
-8433
-8543
-8224
-7491
-6478
-5396
-4472
-3883
-3708
-3908
-4345
-4825
-5156
-5201
-4913
-4345
-3626
-2920
-2379
-2098
-2092
-2296
-2589
-2833
-2911
-2763
-2397
-1885
-1337
-868
-560
-442
-485
-608
-708
-695
-514
-169
284
751
1131
1343
1355
1189
920
647
467
445
594
871
1195
1471
1621
1608
1447
1203
965
819
821
976
1237
1524
1746
1838
1778
1598
1378
1213
1186
1340
1660
2075
2485
2784
2903
2827
2603
2325
2107
2042
2176
2492
2917
3343
3664
3811
3769
3588
3361
3196
3181
3356
3701
4146
4590
4941
5140
5185
5125
5046
5039
5176
5479
5921
6432
6924
7320
7576
7694
7718
7719
7769
7920
8188
8554
8974
9395
9775
10093
10355
10587
10818
11072
11354
11656
11961
12254
12534
12816
13129
13500
13940
14434
14937
15383
15707
15864
15854
15723
15557
15456
15500
15720
16077
16463
16724
16705
16288
15439
14218
12776
11317
10047
9123
8607
8454
8527
8635
8595
8278
7653
6788
5836
4981
4385
4138
4230
4551
4920
5141
5055
4589
3774
2736
1659
732
90
-220
-262
-184
-180
-437
-1074
-2113
-3464
-4952
-6359
-7484
-8192
-8449
-8329
-7984
-7604
-7363
-7366
-7630
-8076
-8562
-8924
-9026
-8802
-8274
-7545
-6767
-6101
-5664
-5505
-5591
-5822
-6064
-6196
-6145
-5904
-5540
-5163
-4893
-4817
-4964
-5292
-5698
-6050
-6225
-6144
-5791
-5214
-4505
-3772
-3103
-2542
-2081
-1669
-1234
-715
-83
646
1416
2152
2780
3254
3568
3754
3870
3975
4111
4284
4471
4622
4684
4620
4420
4107
3727
3332
2969
2665
2429
2254
2132
2065
2065
2150
2331
2597
2902
3173
3320
3264
2965
2441
1774
1089
520
169
66
155
301
329
78
-546
-1536
-2772
-4052
-5150
-5882
-6161
-6034
-5661
-5274
-5103
-5300
-5890
-6758
-7683
-8403
-8699
-8467
-7759
-6768
-5778
-5084
-4899
-5292
-6170
-7300
-8385
-9145
-9405
-9140
-8482
-7675
-6999
-6684
-6846
-7450
-8329
-9236
-9918
-10192
-9991
-9381
-8532
-7662
-6968
-6574
-6495
-6644
-6865
-6988
-6883
-6495
-5865
-5107
-4376
-3817
-3526
-3525
-3759
-4116
-4464
-4684
-4704
-4514
-4159
-3723
-3302
-2976
-2789
-2740
-2789
-2871
-2916
-2868
-2699
-2413
-2040
-1631
-1236
-900
-646
-474
-366
-293
-224
-137
-28
91
199
267
270
204
79
-74
-217
-309
-325
-261
-134
17
151
231
238
184
99
29
17
88
240
440
639
781
828
768
628
460
330
294
379
570
815
1039
1165
1145
971
685
368
115
9
95
362
748
1159
1491
1667
1656
1482
1217
955
787
771
915
1179
1485
1747
1897
1907
1796
1623
1470
1412
1497
1731
2077
2469
2831
3107
3269
3333
3345
3366
3452
3637
3921
4272
4637
4962
5209
5365
5448
5495
5552
5652
5811
6018
6244
6454
6623
6748
6849
6968
7148
7425
7806
8265
8750
9194
9540
9760
9863
9900
9948
10087
10374
10824
11402
12029
12607
13047
13297
13360
13295
13202
13186
13331
13666
14159
14720
15229
15573
15680
15540
15210
14796
14414
14157
14056
14069
14091
13982
13613
12905
11861
10567
9177
7866
6791
6041
5623
5460
5421
5361
5169
4798
4276
3693
3168
2807
2664
2727
2914
3103
3169
3020
2628
2033
1330
635
51
-369
-639
-827
-1041
-1389
-1948
-2736
-3707
-4765
-5793
-6680
-7358
-7808
-8066
-8200
-8287
-8386
-8519
-8667
-8781
-8799
-8669
-8371
-7924
-7382
-6818
-6308
-5904
-5626
-5458
-5358
-5269
-5146
-4964
-4732
-4484
-4271
-4142
-4130
-4236
-4434
-4667
-4871
-4987
-4975
-4825
-4558
-4212
-3832
-3456
-3099
-2748
-2374
-1935
-1399
-753
-13
773
1544
2233
2789
3192
3455
3620
3743
3873
4039
4234
4421
4543
4543
4383
4063
3620
3120
2640
2244
1964
1790
1677
1562
1389
1131
801
455
169
16
37
220
501
779
942
905
635
165
-415
-990
-1452
-1737
-1849
-1859
-1883
-2043
-2431
-3070
-3908
-4832
-5699
-6378
-6794
-6947
-6910
-6806
-6764
-6880
-7184
-7632
-8120
-8519
-8719
-8662
-8365
-7916
-7442
-7077
-6921
-7009
-7308
-7728
-8156
-8485
-8650
-8641
-8501
-8304
-8134
-8052
-8081
-8201
-8362
-8502
-8564
-8520
-8368
-8135
-7856
-7569
-7294
-7033
-6774
-6494
-6178
-5821
-5435
-5043
-4673
-4353
-4095
-3902
-3762
-3660
-3578
-3504
-3433
-3362
-3293
-3223
-3147
-3057
-2945
-2808
-2647
-2470
-2288
-2109
-1939
-1777
-1616
-1446
-1264
-1069
-870
-679
-510
-368
-253
-152
-51
64
199
345
481
580
617
581
479
337
191
82
34
55
127
215
279
288
229
116
-19
-133
-188
-167
-75
57
188
276
299
258
181
112
95
158
306
514
737
921
1025
1030
947
809
665
561
526
566
663
783
889
954
966
934
880
833
814
835
894
977
1067
1148
1214
1266
1316
1378
1464
1583
1738
1927
2144
2385
2640
2901
3156
3388
3584
3731
3829
3888
3931
3990
4098
4275
4527
4835
5167
5481
5742
5934
6067
6173
6297
6481
6750
7101
7502
7906
8266
8552
8765
8939
9129
9392
9765
10250
10805
11362
11841
12182
12366
12423
12429
12479
12657
13010
13526
14138
14741
15229
15525
15611
15532
15387
15291
15343
15587
15995
16473
16882
17081
16962
16480
15666
14610
13438
12276
11215
10297
9515
8825
8173
7518
6850
6188
5573
5047
4637
4339
4120
3927
3706
3418
3053
2633
2201
1808
1494
1273
1130
1022
894
689
363
-104
-713
-1444
-2268
-3151
-4061
-4970
-5848
-6669
-7406
-8038
-8555
-8962
-9277
-9534
-9770
-10013
-10277
-10550
-10801
-10982
-11048
-10964
-10723
-10341
-9861
-9334
-8812
-8329
-7901
-7523
-7176
-6841
-6505
-6170
-5847
-5560
-5327
-5163
-5066
-5024
-5018
-5025
-5021
-4988
-4905
-4750
-4495
-4107
-3558
-2832
-1938
-915
168
1227
2172
2938
3500
3880
4142
4376
4672
5088
5639
6281
6929
7476
7821
7902
7705
7273
6687
6046
5442
4934
4542
4246
4006
3773
3514
3218
2900
2590
2321
2112
1964
1855
1746
1596
1374
1065
678
243
-202
-617
-974
-1258
-1478
-1656
-1831
-2046
-2343
-2757
-3310
-4005
-4821
-5718
-6638
-7512
-8277
-8883
-9308
-9562
-9683
-9728
-9756
-9812
-9912
-10041
-10160
-10219
-10179
-10028
-9788
-9511
-9265
-9108
-9072
-9143
-9266
-9358
-9337
-9146
-8779
-8285
-7758
-7311
-7043
-7005
-7184
-7506
-7851
-8090
-8120
-7895
-7433
-6814
-6150
-5551
-5098
-4817
-4678
-4612
-4537
-4387
-4133
-3795
-3431
-3115
-2914
-2862
-2948
-3124
-3314
-3445
-3466
-3367
-3179
-2968
-2810
-2770
-2882
-3140
-3500
-3890
-4232
-4463
-4547
-4482
-4297
-4045
-3781
-3555
-3397
-3316
-3301
-3325
-3360
-3378
-3366
-3321
-3254
-3184
-3130
-3106
-3118
-3158
-3205
-3235
-3224
-3154
-3026
-2856
-2676
-2523
-2434
-2431
-2512
-2652
-2804
-2912
-2923
-2805
-2556
-2203
-1801
-1414
-1105
-912
-848
-894
-1008
-1140
-1246
-1298
-1293
-1248
-1191
-1149
-1139
-1160
-1196
-1223
-1216
-1163
-1068
-951
-844
-778
-775
-842
-963
-1111
-1250
-1348
-1382
-1345
-1247
-1107
-954
-812
-705
-644
-636
-679
-766
-885
-1021
-1157
-1274
-1356
-1392
-1378
-1319
-1227
-1118
-1009
-909
-819
-732
-637
-521
-379
-214
-37
136
296
440
580
738
942
1214
1560
1969
2413
2852
3255
3605
3910
4203
4532
4940
5449
6050
6698
7324
7855
8242
8473
8589
8671
8821
9129
9639
10338
11148
11946
12597
12998
13103
12946
12631
12306
12122
12188
12547
13156
13907
14655
15259
15624
15725
15608
15377
15161
15075
15193
15530
16042
16645
17236
17724
18041
18152
18050
17749
17266
16618
15821
14893
13866
12786
11714
10711
9825
9071
8420
7799
7105
6231
5100
3686
2039
276
-1436
-2918
-4015
-4636
-4774
-4510
-3995
-3413
-2945
-2727
-2828
-3236
-3874
-4620
-5343
-5930
-6313
-6481
-6473
-6369
-6265
-6250
-6388
-6706
-7189
-7791
-8440
-9057
-9569
-9918
-10071
-10018
-9770
-9353
-8806
-8168
-7474
-6756
-6032
-5311
-4594
-3870
-3125
-2345
-1521
-655
236
1121
1952
2674
3234
3591
3727
3657
3425
3102
2774
2521
2404
2449
2642
2933
3247
3502
3633
3604
3423
3138
2827
2581
2483
2586
2904
3406
4024
4666
5231
5632
5809
5735
5419
4902
4245
3517
2786
2103
1502
990
556
167
-213
-627
-1098
-1635
-2219
-2812
-3359
-3805
-4103
-4232
-4205
-4065
-3881
-3734
-3694
-3805
-4078
-4483
-4957
-5427
-5821
-6094
-6232
-6264
-6243
-6236
-6303
-6479
-6764
-7121
-7488
-7790
-7962
-7962
-7778
-7434
-6978
-6469
-5963
-5504
-5112
-4791
-4527
-4303
-4106
-3932
-3788
-3691
-3661
-3713
-3851
-4071
-4355
-4679
-5018
-5349
-5658
-5936
-6183
-6401
-6593
-6758
-6894
-6995
-7052
-7060
-7014
-6912
-6757
-6556
-6319
-6063
-5805
-5567
-5373
-5245
-5201
-5251
-5396
-5622
-5907
-6220
-6532
-6815
-7055
-7248
-7405
-7540
-7669
-7802
-7935
-8055
-8139
-8160
-8098
-7948
-7720
-7439
-7141
-6862
-6628
-6450
-6320
-6216
-6112
-5983
-5820
-5630
-5441
-5288
-5205
-5214
-5318
-5494
-5700
-5886
-6002
-6017
-5919
-5721
-5453
-5153
-4858
-4589
-4352
-4138
-3927
-3700
-3444
-3160
-2865
-2581
-2334
-2146
-2026
-1970
-1964
-1988
-2022
-2056
-2083
-2111
-2148
-2206
-2292
-2407
-2541
-2682
-2813
-2916
-2978
-2990
-2951
-2867
-2750
-2615
-2484
-2379
-2320
-2319
-2381
-2502
-2663
-2842
-3016
-3164
-3278
-3359
-3422
-3486
-3567
-3671
-3791
-3907
-3989
-4010
-3952
-3813
-3614
-3388
-3172
-2997
-2878
-2804
-2746
-2664
-2519
-2288
-1969
-1587
-1184
-807
-494
-264
-110
-2
99
237
440
716
1054
1429
1809
2168
2492
2783
3054
3325
3619
3957
4351
4812
5343
5941
6597
7288
7978
8619
9161
9564
9812
9926
9967
10026
10200
10567
11154
11921
12761
13525
14060
14255
14083
13619
13030
12533
12339
12588
13307
14389
15621
16736
17491
17737
17460
16786
15951
15223
14826
14879
15355
16101
16886
17479
17718
17568
17125
16580
16158
16038
16292
16858
17559
18161
18443
18271
17638
16659
15527
14440
13523
12769
12033
11066
9586
7382
4387
733
-3261
-7152
-10463
-12800
-13945
-13903
-12903
-11336
-9660
-8297
-7538
-7490
-8069
-9036
-10069
-10843
-11107
-10737
-9746
-8279
-6567
-4876
-3457
-2499
-2106
-2288
-2972
-4025
-5279
-6568
-7745
-8704
-9388
-9782
-9906
-9796
-9487
-9003
-8350
-7517
-6491
-5267
-3861
-2317
-700
909
2439
3838
5085
6193
7192
8117
8983
9770
10430
10886
11066
10921
10449
9702
8777
7789
6841
5993
5243
4534
3772
2871
1787
554
-710
-1825
-2584
-2812
-2421
-1438
-20
1580
3068
4165
4678
4539
3813
2678
1374
144
-827
-1453
-1753
-1843
-1890
-2070
-2520
-3304
-4406
-5735
-7153
-8507
-9662
-10519
-11030
-11193
-11040
-10625
-10004
-9230
-8340
-7361
-6312
-5206
-4059
-2895
-1746
-658
314
1107
1656
1905
1817
1390
661
-291
-1354
-2395
-3286
-3927
-4269
-4323
-4156
-3878
-3609
-3451
-3460
-3630
-3894
-4138
-4238
-4087
-3630
-2880
-1916
-868
114
898
1391
1559
1425
1051
512
-127
-839
-1626
-2522
-3564
-4772
-6125
-7557
-8960
-10210
-11193
-11832
-12112
-12076
-11817
-11452
-11089
-10801
-10610
-10489
-10370
-10179
-9853
-9364
-8732
-8012
-7288
-6643
-6144
-5826
-5693
-5718
-5864
-6091
-6372
-6692
-7047
-7432
-7834
-8224
-8557
-8778
-8835
-8691
-8330
-7767
-7041
-6212
-5343
-4495
-3719
-3045
-2491
-2058
-1739
-1521
-1384
-1309
-1275
-1268
-1278
-1306
-1363
-1471
-1654
-1935
-2320
-2798
-3335
-3884
-4385
-4786
-5051
-5168
-5145
-5014
-4809
-4564
-4300
-4025
-3737
-3437
-3133
-2849
-2625
-2509
-2542
-2746
-3116
-3613
-4175
-4734
-5227
-5617
-5900
-6100
-6260
-6428
-6634
-6888
-7169
-7441
-7660
-7793
-7824
-7760
-7625
-7448
-7253
-7048
-6826
-6574
-6276
-5931
-5559
-5199
-4901
-4710
-4656
-4739
-4929
-5177
-5423
-5616
-5725
-5744
-5687
-5581
-5445
-5287
-5096
-4852
-4531
-4125
-3645
-3129
-2627
-2191
-1858
-1635
-1498
-1401
-1286
-1111
-857
-540
-206
87
289
373
346
250
146
93
134
278
500
757
997
1185
1312
1397
1486
1625
1851
2173
2572
3004
3415
3760
4013
4177
4274
4338
4400
4473
4558
4637
4691
4710
4696
4670
4660
4691
4773
4898
5040
5170
5268
5339
5413
5541
5774
6142
6638
7208
7765
8211
8475
8535
8439
8294
8238
8399
8847
9565
10445
11309
11960
12240
12078
11520
10722
9905
9298
9073
9291
9891
10709
11526
12144
12439
12401
12134
11820
11659
11799
12292
13068
13963
14759
15257
15334
14981
14302
13486
12747
12262
12124
12316
12723
13170
13475
13493
13153
12457
11461
10240
8847
7290
5529
3500
1157
-1491
-4343
-7204
-9806
-11865
-13138
-13493
-12944
-11661
-9942
-8152
-6644
-5687
-5406
-5764
-6576
-7555
-8386
-8798
-8622
-7831
-6536
-4956
-3367
-2038
-1173
-876
-1138
-1847
-2827
-3878
-4825
-5546
-5988
-6164
-6127
-5947
-5676
-5333
-4896
-4313
-3521
-2476
-1168
355
2004
3648
5149
6387
7288
7832
8058
8049
7909
7739
7614
7564
7579
7610
7588
7440
7113
6576
5831
4903
3837
2686
1499
323
-798
-1825
-2714
-3418
-3886
-4075
-3961
-3547
-2879
-2041
-1153
-356
212
445
282
-269
-1141
-2211
-3327
-4342
-5140
-5663
-5917
-5969
-5926
-5904
-6002
-6271
-6707
-7250
-7805
-8266
-8545
-8596
-8420
-8066
-7607
-7120
-6662
-6251
-5865
-5451
-4950
-4317
-3545
-2674
-1786
-993
-402
-97
-108
-407
-911
-1501
-2046
-2435
-2599
-2523
-2243
-1837
-1402
-1032
-797
-733
-838
-1077
-1391
-1718
-2000
-2197
-2291
-2286
-2209
-2094
-1986
-1924
-1942
-2062
-2297
-2650
-3121
-3704
-4396
-5193
-6089
-7072
-8121
-9199
-10254
-11223
-12037
-12636
-12981
-13061
-12899
-12552
-12098
-11624
-11205
-10891
-10698
-10605
-10562
-10506
-10374
-10122
-9735
-9226
-8636
-8023
-7448
-6960
-6594
-6365
-6266
-6279
-6378
-6536
-6727
-6928
-7120
-7283
-7397
-7443
-7403
-7263
-7018
-6673
-6243
-5754
-5238
-4734
-4278
-3902
-3634
-3488
-3465
-3555
-3734
-3968
-4218
-4448
-4629
-4745
-4800
-4813
-4816
-4845
-4935
-5107
-5363
-5687
-6048
-6403
-6709
-6930
-7043
-7040
-6927
-6719
-6436
-6101
-5732
-5350
-4971
-4617
-4310
-4072
-3924
-3879
-3938
-4090
-4308
-4559
-4806
-5015
-5162
-5235
-5237
-5181
-5087
-4973
-4858
-4751
-4656
-4572
-4494
-4417
-4333
-4236
-4120
-3979
-3805
-3595
-3350
-3074
-2781
-2489
-2221
-1998
-1837
-1750
-1736
-1785
-1882
-2004
-2131
-2243
-2322
-2358
-2339
-2258
-2109
-1888
-1598
-1246
-848
-428
-12
371
699
962
1159
1306
1428
1554
1710
1910
2158
2439
2727
2989
3193
3312
3334
3263
3115
2917
2703
2505
2352
2265
2256
2331
2486
2716
3009
3352
3730
4131
4542
4952
5359
5762
6167
6579
6999
7423
7835
8211
8519
8730
8826
8810
8709
8579
8492
8526
8743
9176
9815
10601
11440
12218
12826
13188
13278
13127
12820
12473
12206
12112
12238
12572
13046
13559
14001
14282
14356
14229
13956
13622
13319
13120
13065
13150
13338
13567
13774
13908
13937
13858
13678
13415
13081
12680
12210
11668
11057
10394
9704
9009
8319
7611
6825
5862
4607
2956
851
-1685
-4540
-7503
-10303
-12649
-14289
-15065
-14946
-14042
-12586
-10883
-9256
-7974
-7208
-6998
-7254
-7786
-8356
-8727
-8723
-8259
-7356
-6128
-4755
-3442
-2371
-1676
-1416
-1577
-2076
-2791
-3582
-4316
-4891
-5240
-5340
-5199
-4851
-4339
-3704
-2979
-2181
-1312
-366
666
1787
2985
4233
5484
6675
7738
8605
9221
9552
9588
9346
8869
8213
7443
6623
5804
5023
4296
3618
2972
2326
1645
900
71
-844
-1824
-2824
-3777
-4603
-5219
-5551
-5555
-5225
-4601
-3769
-2854
-1996
-1336
-981
-995
-1380
-2081
-2994
-3992
-4948
-5761
-6371
-6770
-6996
-7115
-7201
-7314
-7483
-7701
-7925
-8089
-8124
-7975
-7613
-7042
-6297
-5432
-4509
-3579
-2678
-1819
-996
-195
598
1387
2159
2879
3495
3947
4175
4129
3782
3133
2214
1091
-142
-1376
-2491
-3380
-3962
-4196
-4091
-3705
-3135
-2498
-1911
-1466
-1212
-1149
-1235
-1398
-1563
-1675
-1716
-1714
-1736
-1868
-2192
-2762
-3589
-4633
-5820
-7056
-8252
-9345
-10309
-11155
-11914
-12618
-13281
-13883
-14370
-14664
-14683
-14366
-13693
-12696
-11460
-10104
-8760
-7548
-6554
-5821
-5342
-5079
-4971
-4957
-4985
-5026
-5069
-5118
-5187
-5285
-5421
-5590
-5785
-5988
-6184
-6350
-6468
-6518
-6481
-6343
-6099
-5752
-5316
-4815
-4277
-3730
-3197
-2690
-2214
-1768
-1356
-991
-702
-529
-522
-721
-1150
-1803
-2638
-3583
-4543
-5426
-6151
-6670
-6971
-7077
-7037
-6910
-6748
-6585
-6434
-6288
-6125
-5924
-5670
-5366
-5026
-4679
-4356
-4084
-3883
-3762
-3718
-3744
-3831
-3971
-4158
-4393
-4674
-5001
-5367
-5763
-6172
-6571
-6935
-7233
-7434
-7508
-7433
-7197
-6802
-6271
-5641
-4965
-4304
-3713
-3234
-2889
-2678
-2577
-2554
-2572
-2601
-2627
-2649
-2681
-2740
-2841
-2986
-3165
-3359
-3538
-3679
-3762
-3782
-3742
-3650
-3516
-3344
-3130
-2865
-2540
-2151
-1701
-1210
-706
-225
199
538
774
899
917
834
663
418
117
-214
-548
-848
-1077
-1205
-1213
-1104
-902
-649
-393
-182
-46
2
-19
-81
-139
-153
-96
46
271
567
914
1296
1697
2100
2488
2832
3104
3273
3319
3244
3076
2873
2708
2654
2765
3059
3507
4044
4583
5043
5371
5562
5659
5739
5887
6165
6591
7123
7674
8136
8413
8455
8274
7949
7600
7356
7315
7517
7929
8459
8983
9386
9594
9599
9452
9251
9100
9078
9212
9469
9769
10013
10115
10032
9775
9407
9019
8704
8526
8503
8607
8777
8940
9037
9038
8951
8813
8671
8571
8540
8583
8687
8830
8996
9176
9368
9571
9774
9953
10067
10077
9955
9703
9362
9000
8695
8502
8418
8364
8183
7669
6614
4867
2389
-709
-4177
-7647
-10714
-13008
-14277
-14435
-13585
-11985
-9996
-8000
-6322
-5170
-4607
-4556
-4834
-5210
-5462
-5427
-5028
-4286
-3298
-2212
-1190
-375
135
300
132
-305
-925
-1628
-2326
-2956
-3484
-3910
-4256
-4549
-4809
-5031
-5177
-5181
-4956
-4419
-3515
-2237
-636
1173
3036
4780
6245
7318
7946
8142
7980
7563
7006
6406
5828
5295
4802
4320
3816
3262
2644
1961
1220
430
-395
-1247
-2109
-2952
-3737
-4411
-4912
-5186
-5195
-4928
-4408
-3691
-2854
-1986
-1170
-477
42
358
457
340
13
-507
-1197
-2022
-2930
-3860
-4744
-5516
-6124
-6538
-6755
-6795
-6699
-6512
-6281
-6041
-5811
-5602
-5410
-5232
-5062
-4892
-4716
-4523
-4295
-4012
-3653
-3208
-2680
-2097
-1506
-973
-564
-342
-345
-581
-1027
-1632
-2331
-3053
-3734
-4328
-4806
-5154
-5373
-5467
-5449
-5331
-5132
-4877
-4599
-4336
-4131
-4019
-4024
-4155
-4405
-4747
-5148
-5567
-5971
-6332
-6635
-6879
-7074
-7238
-7395
-7570
-7789
-8071
-8424
-8842
-9305
-9773
-10197
-10523
-10702
-10701
-10511
-10148
-9652
-9075
-8477
-7906
-7399
-6973
-6629
-6360
-6159
-6022
-5951
-5954
-6035
-6188
-6394
-6619
-6822
-6958
-6995
-6920
-6738
-6478
-6178
-5879
-5614
-5399
-5237
-5114
-5008
-4900
-4773
-4615
-4423
-4194
-3928
-3624
-3285
-2924
-2560
-2226
-1963
-1810
-1799
-1941
-2223
-2608
-3045
-3478
-3858
-4158
-4371
-4510
-4597
-4653
-4687
-4695
-4661
-4566
-4397
-4162
-3886
-3610
-3382
-3239
-3197
-3247
-3351
-3461
-3525
-3509
-3404
-3225
-3009
-2801
-2639
-2546
-2523
-2557
-2626
-2711
-2802
-2900
-3012
-3145
-3292
-3434
-3536
-3561
-3478
-3275
-2967
-2592
-2201
-1849
-1573
-1385
-1274
-1207
-1149
-1073
-973
-862
-770
-724
-739
-803
-882
-922
-873
-702
-408
-26
381
743
1003
1131
1140
1073
994
963
1017
1162
1371
1594
1784
1908
1962
1970
1973
2014
2116
2279
2474
2662
2807
2895
2945
3003
3133
3388
3796
4342
4972
5606
6165
6596
6886
7068
7205
7366
7600
7908
8248
8540
8699
8665
8431
8054
7649
7352
7287
7528
8070
8836
9689
10478
11077
11420
11520
11457
11354
11335
11488
11844
12365
12966
13542
14000
14285
14395
14367
14264
14142
14035
13937
13813
13608
13280
12811
12228
11592
10989
10505
10198
10081
10120
10235
10326
10293
10064
9615
8971
8211
7446
6796
6364
6211
6333
6652
7015
7218
7033
6249
4725
2426
-548
-3961
-7470
-10672
-13185
-14716
-15130
-14477
-12991
-11040
-9050
-7415
-6413
-6151
-6550
-7374
-8295
-8977
-9154
-8689
-7601
-6047
-4274
-2560
-1146
-188
263
260
-71
-571
-1088
-1510
-1780
-1894
-1893
-1838
-1790
-1792
-1859
-1972
-2086
-2130
-2023
-1686
-1057
-104
1160
2678
4346
6023
7557
8804
9656
10057
10012
9584
8875
8007
7097
6233
5469
4823
4278
3802
3353
2888
2369
1762
1037
176
-824
-1944
-3127
-4282
-5291
-6030
-6388
-6301
-5774
-4883
-3770
-2615
-1600
-866
-493
-478
-751
-1198
-1699
-2156
-2525
-2815
-3079
-3387
-3799
-4338
-4979
-5653
-6264
-6716
-6933
-6879
-6561
-6024
-5334
-4564
-3777
-3021
-2329
-1713
-1175
-702
-267
175
681
1312
2115
3101
4227
5383
6401
7080
7230
6723
5528
3742
1578
-671
-2696
-4235
-5136
-5388
-5118
-4551
-3946
-3523
-3410
-3610
-4018
-4457
-4743
-4752
-4458
-3947
-3391
-2998
-2947
-3331
-4129
-5207
-6356
-7351
-8012
-8256
-8115
-7727
-7297
-7038
-7116
-7607
-8480
-9609
-10806
-11867
-12616
-12936
-12790
-12213
-11297
-10164
-8941
-7739
-6645
-5712
-4965
-4403
-4005
-3741
-3572
-3464
-3391
-3341
-3323
-3358
-3476
-3700
-4032
-4445
-4882
-5262
-5502
-5537
-5345
-4957
-4454
-3954
-3579
-3419
-3508
-3808
-4214
-4579
-4754
-4626
-4153
-3376
-2415
-1440
-629
-129
-20
-304
-906
-1703
-2556
-3341
-3981
-4450
-4774
-5007
-5209
-5425
-5668
-5919
-6133
-6254
-6234
-6050
-5708
-5247
-4730
-4231
-3822
-3557
-3467
-3550
-3776
-4088
-4416
-4687
-4841
-4844
-4694
-4429
-4118
-3847
-3703
-3753
-4021
-4486
-5079
-5697
-6229
-6579
-6689
-6550
-6206
-5732
-5219
-4743
-4352
-4049
-3804
-3566
-3288
-2943
-2541
-2125
-1763
-1522
-1451
-1561
-1820
-2162
-2500
-2748
-2847
-2775
-2549
-2220
-1853
-1516
-1257
-1101
-1047
-1074
-1151
-1244
-1323
-1363
-1346
-1257
-1087
-831
-497
-103
317
725
1076
1338
1495
1556
1552
1524
1514
1548
1629
1735
1827
1866
1826
1710
1550
1403
1330
1381
1568
1865
2205
2503
2677
2676
2494
2181
1826
1535
1401
1479
1768
2218
2739
3234
3623
3868
3981
4014
4043
4140
4348
4671
5069
5471
5801
5997
6034
5927
5732
5525
5385
5372
5511
5793
6176
6603
7013
7364
7631
7819
7950
8058
8177
8333
8538
8790
9075
9372
9656
9907
10107
10250
10334
10365
10354
10313
10251
10175
10086
9978
9845
9679
9479
9255
9025
8820
8670
8603
8635
8765
8972
9219
9460
9649
9751
9746
9635
9436
9179
8899
8637
8427
8301
8287
8402
8650
9014
9443
9852
10119
10098
9637
8610
6947
4661
1862
-1246
-4392
-7276
-9617
-11207
-11942
-11847
-11059
-9809
-8365
-6989
-5884
-5166
-4848
-4851
-5033
-5225
-5272
-5069
-4575
-3823
-2902
-1937
-1059
-375
51
210
137
-92
-395
-696
-949
-1145
-1313
-1508
-1787
-2188
-2715
-3321
-3914
-4371
-4560
-4368
-3728
-2633
-1143
620
2502
4330
5947
7233
8117
8583
8664
8429
7969
7376
6735
6112
5547
5055
4627
4236
3841
3398
2867
2221
1453
577
-371
-1341
-2270
-3098
-3773
-4256
-4527
-4580
-4421
-4069
-3549
-2895
-2150
-1366
-604
70
596
924
1021
881
520
-28
-719
-1506
-2347
-3207
-4054
-4855
-5569
-6149
-6545
-6717
-6653
-6375
-5952
-5485
-5096
-4892
-4943
-5254
-5759
-6334
-6821
-7068
-6968
-6485
-5662
-4614
-3492
-2445
-1589
-979
-606
-415
-328
-280
-239
-216
-254
-407
-712
-1162
-1705
-2247
-2675
-2894
-2851
-2554
-2073
-1521
-1026
-696
-599
-746
-1101
-1590
-2134
-2664
-3133
-3527
-3846
-4100
-4297
-4434
-4506
-4511
-4466
-4407
-4392
-4487
-4747
-5199
-5829
-6580
-7365
-8087
-8664
-9047
-9232
-9256
-9177
-9052
-8923
-8796
-8651
-8449
-8157
-7766
-7303
-6830
-6426
-6170
-6109
-6244
-6526
-6862
-7144
-7272
-7184
-6868
-6365
-5754
-5134
-4594
-4196
-3965
-3889
-3927
-4029
-4145
-4239
-4289
-4286
-4226
-4108
-3929
-3685
-3377
-3014
-2617
-2214
-1841
-1532
-1312
-1194
-1181
-1265
-1433
-1675
-1980
-2335
-2727
-3131
-3514
-3838
-4063
-4163
-4133
-3993
-3790
-3586
-3444
-3413
-3516
-3740
-4044
-4367
-4643
-4819
-4865
-4778
-4577
-4297
-3976
-3644
-3321
-3018
-2738
-2488
-2279
-2129
-2060
-2086
-2211
-2424
-2692
-2974
-3224
-3402
-3482
-3456
-3332
-3127
-2864
-2566
-2250
-1929
-1616
-1326
-1075
-882
-760
-712
-727
-774
-813
-797
-688
-464
-127
292
750
1191
1565
1838
1994
2043
2008
1920
1810
1701
1608
1537
1487
1460
1457
1483
1541
1633
1758
1908
2076
2255
2443
2643
2864
3114
3394
3700
4016
4322
4594
4817
4987
5114
5220
5329
5461
5619
5792
5952
6061
6090
6022
5863
5646
5420
5240
5155
5194
5365
5652
6024
6448
6897
7355
7823
8305
8805
9319
9824
10288
10673
10945
11089
11111
11044
10935
10837
10793
10826
10932
11081
11230
11328
11339
11242
11042
10760
10431
10091
9766
9472
9213
8986
8784
8610
8474
8395
8391
8479
8658
8912
9208
9501
9747
9917
10004
10030
10042
10095
10235
10479
10789
11071
11175
10918
10121
8649
6452
3595
266
-3242
-6576
-9380
-11365
-12364
-12368
-11530
-10133
-8534
-7085
-6062
-5611
-5721
-6240
-6916
-7465
-7641
-7294
-6400
-5065
-3490
-1923
-599
310
732
693
301
-284
-904
-1432
-1804
-2023
-2150
-2280
-2506
-2897
-3468
-4180
-4937
-5606
-6039
-6107
-5716
-4833
-3491
-1786
135
2100
3935
5493
6678
7451
7838
7910
7770
7522
7256
7026
6847
6701
6543
6322
5994
5528
4917
4168
3302
2345
1325
272
-776
-1773
-2664
-3383
-3869
-4076
-3984
-3608
-3000
-2241
-1424
-637
51
606
1024
1322
1526
1653
1699
1638
1427
1025
403
-431
-1435
-2523
-3591
-4530
-5249
-5697
-5870
-5808
-5588
-5302
-5035
-4852
-4781
-4814
-4909
-5005
-5036
-4947
-4707
-4313
-3798
-3216
-2639
-2140
-1780
-1594
-1587
-1732
-1980
-2270
-2547
-2774
-2941
-3068
-3195
-3364
-3609
-3932
-4304
-4661
-4924
-5015
-4882
-4512
-3944
-3259
-2561
-1955
-1523
-1303
-1286
-1420
-1628
-1834
-1984
-2058
-2078
-2098
-2187
-2408
-2801
-3374
-4095
-4906
-5734
-6505
-7163
-7673
-8028
-8242
-8343
-8365
-8338
-8280
-8197
-8080
-7912
-7671
-7339
-6910
-6393
-5818
-5236
-4708
-4298
-4061
-4026
-4194
-4527
-4963
-5420
-5822
-6112
-6264
-6292
-6239
-6169
-6141
-6196
-6343
-6553
-6771
-6927
-6956
-6815
-6493
-6014
-5425
-4790
-4168
-3604
-3122
-2724
-2399
-2125
-1885
-1671
-1483
-1335
-1243
-1225
-1294
-1459
-1717
-2056
-2455
-2883
-3304
-3676
-3961
-4130
-4169
-4086
-3911
-3687
-3467
-3296
-3200
-3180
-3207
-3237
-3218
-3110
-2898
-2597
-2255
-1934
-1699
-1596
-1644
-1826
-2098
-2405
-2692
-2924
-3091
-3211
-3312
-3430
-3586
-3778
-3986
-4170
-4287
-4301
-4194
-3969
-3649
-3269
-2866
-2474
-2114
-1796
-1523
-1293
-1103
-948
-823
-720
-627
-532
-424
-299
-164
-36
57
94
62
-32
-164
-288
-354
-322
-170
93
433
798
1135
1408
1606
1749
1881
2051
2299
2639
3052
3492
3899
4214
4398
4443
4371
4225
4055
3905
3798
3735
3703
3681
3654
3622
3595
3593
3635
3726
3861
4020
4179
4323
4453
4589
4761
5002
5332
5745
6207
6665
7063
7359
7542
7641
7710
7818
8017
8328
8724
9137
9478
9664
9648
9438
9097
8733
8462
8382
8534
8898
9392
9898
10298
10507
10496
10302
10015
9745
9595
9627
9846
10200
10598
10933
11115
11091
10856
10452
9953
9446
9004
8679
8488
8414
8416
8444
8448
8398
8288
8142
8011
7964
8067
8365
8857
9482
10114
10571
10644
10142
8933
6991
4416
1434
-1639
-4455
-6697
-8150
-8748
-8580
-7873
-6930
-6065
-5526
-5442
-5808
-6490
-7276
-7934
-8267
-8167
-7625
-6726
-5618
-4471
-3430
-2591
-1987
-1592
-1344
-1169
-1005
-818
-612
-422
-303
-320
-527
-959
-1616
-2462
-3420
-4381
-5216
-5792
-5999
-5766
-5082
-3997
-2619
-1093
427
1809
2962
3853
4503
4968
5323
5632
5933
6235
6517
6751
6907
6971
6944
6836
6656
6399
6040
5542
4866
3991
2930
1736
500
-665
-1655
-2389
-2834
-3003
-2948
-2737
-2432
-2070
-1662
-1195
-652
-32
634
1285
1835
2194
2299
2123
1693
1074
356
-373
-1053
-1651
-2170
-2632
-3060
-3464
-3834
-4149
-4389
-4551
-4664
-4782
-4972
-5288
-5747
-6313
-6894
-7367
-7609
-7536
-7133
-6465
-5659
-4875
-4258
-3896
-3799
-3896
-4066
-4177
-4137
-3920
-3578
-3225
-2991
-2981
-3235
-3708
-4281
-4797
-5102
-5100
-4772
-4186
-3475
-2794
-2278
-2007
-1985
-2153
-2409
-2645
-2779
-2774
-2642
-2432
-2205
-2016
-1899
-1861
-1893
-1982
-2120
-2310
-2566
-2898
-3307
-3770
-4249
-4695
-5066
-5340
-5523
-5647
-5754
-5883
-6047
-6228
-6378
-6435
-6349
-6101
-5718
-5271
-4858
-4578
-4498
-4634
-4942
-5336
-5703
-5948
-6011
-5892
-5641
-5346
-5103
-4983
-5018
-5189
-5439
-5691
-5876
-5948
-5900
-5756
-5559
-5354
-5175
-5028
-4899
-4760
-4578
-4332
-4018
-3650
-3253
-2856
-2488
-2168
-1910
-1722
-1612
-1585
-1645
-1784
-1984
-2210
-2418
-2561
-2604
-2537
-2380
-2180
-2001
-1907
-1942
-2116
-2403
-2743
-3063
-3296
-3401
-3375
-3248
-3076
-2918
-2819
-2798
-2841
-2908
-2954
-2939
-2846
-2689
-2503
-2337
-2237
-2231
-2322
-2487
-2687
-2879
-3026
-3107
-3118
-3071
-2986
-2881
-2773
-2670
-2579
-2502
-2444
-2410
-2402
-2415
-2433
-2435
-2390
-2274
-2071
-1785
-1437
-1063
-701
-385
-130
71
241
411
606
838
1093
1339
1534
1641
1640
1541
1384
1229
1142
1177
1367
1706
2160
2674
3185
3638
3998
4253
4412
4498
4539
4557
4569
4584
4605
4638
4687
4764
4878
5034
5230
5450
5674
5874
6023
6105
6112
6056
5957
5847
5762
5736
5795
5956
6224
6589
7025
7499
7967
8386
8722
8954
9080
9121
9114
9103
9127
9212
9359
9548
9743
9903
9995
10007
9948
9851
9755
9693
9682
9710
9746
9742
9655
9464
9174
8823
8471
8180
7999
7947
8009
8142
8291
8406
8462
8467
8458
8488
8604
8833
9165
9557
9941
10250
10431
10467
10375
10196
9977
9747
9493
9161
8655
7871
6718
5157
3222
1020
-1273
-3450
-5307
-6682
-7492
-7740
-7517
-6977
-6305
-5677
-5229
-5029
-5072
-5283
-5542
-5714
-5675
-5348
-4719
-3837
-2812
-1786
-906
-293
-17
-79
-419
-930
-1486
-1975
-2325
-2523
-2612
-2680
-2826
-3134
-3639
-4315
-5072
-5776
-6278
-6446
-6196
-5510
-4438
-3088
-1598
-111
1252
2414
3343
4052
4584
4996
5341
5656
5959
6243
6485
6652
6710
6628
6389
5989
5436
4756
3979
3144
2289
1449
652
-81
-736
-1299
-1757
-2094
-2292
-2334
-2208
-1914
-1466
-896
-247
427
1077
1657
2133
2484
2699
2775
2712
2512
2179
1723
1159
511
-190
-917
-1644
-2361
-3069
-3784
-4521
-5290
-6081
-6864
-7586
-8187
-8614
-8837
-8857
-8708
-8449
-8144
-7842
-7559
-7278
-6952
-6522
-5947
-5219
-4379
-3509
-2718
-2111
-1760
-1686
-1850
-2171
-2545
-2879
-3117
-3253
-3324
-3397
-3535
-3776
-4116
-4506
-4873
-5138
-5246
-5186
-4986
-4708
-4426
-4195
-4039
-3942
-3855
-3722
-3499
-3175
-2778
-2366
-2011
-1773
-1685
-1739
-1896
-2101
-2307
-2491
-2666
-2871
-3157
-3563
-4097
-4728
-5389
-5999
-6483
-6798
-6945
-6964
-6923
-6888
-6904
-6976
-7072
-7132
-7093
-6915
-6593
-6164
-5697
-5269
-4943
-4746
-4669
-4667
-4681
-4661
-4582
-4451
-4307
-4201
-4175
-4250
-4411
-4617
-4810
-4937
-4968
-4900
-4759
-4585
-4415
-4270
-4145
-4011
-3831
-3573
-3226
-2809
-2361
-1938
-1585
-1328
-1164
-1062
-980
-875
-728
-548
-369
-241
-209
-299
-506
-794
-1106
-1388
-1598
-1724
-1786
-1821
-1873
-1973
-2125
-2306
-2473
-2577
-2581
-2474
-2275
-2025
-1777
-1576
-1447
-1387
-1372
-1366
-1335
-1262
-1152
-1029
-924
-865
-866
-918
-997
-1069
-1109
-1103
-1060
-1005
-970
-979
-1039
-1134
-1230
-1283
-1258
-1135
-924
-654
-372
-121
69
198
288
381
526
760
1099
1529
2017
2511
2962
3333
3609
3797
3924
4024
4130
4264
4433
4628
4829
5011
5152
5237
5263
5237
5177
5107
5051
5032
5065
5159
5308
5501
5718
5942
6158
6366
6572
6796
7060
7378
7754
8172
8596
8984
9289
9483
9561
9545
9484
9436
9457
9579
9804
10098
10407
10665
10817
10836
10725
10518
10266
10018
9812
9658
9545
9446
9333
9195
9040
8898
8809
8809
8915
9116
9373
9632
9839
9959
9984
9941
9877
9844
9884
10011
10210
10444
10671
10858
10993
11089
11166
11238
11287
11248
11017
10461
9457
7933
5896
3453
805
-1787
-4056
-5776
-6819
-7176
-6958
-6369
-5653
-5041
-4697
-4692
-4992
-5481
-5993
-6362
-6458
-6217
-5652
-4842
-3910
-2996
-2222
-1676
-1394
-1362
-1526
-1806
-2118
-2392
-2589
-2706
-2779
-2872
-3060
-3411
-3960
-4698
-5561
-6437
-7184
-7656
-7731
-7343
-6492
-5252
-3753
-2155
-620
726
1811
2622
3202
3629
3992
4363
4785
5262
5765
6244
6643
6915
7033
6987
6784
6441
5978
5415
4769
4059
3310
2550
1815
1141
558
90
-252
-471
-576
-575
-477
-281
14
411
900
1459
2046
2606
3073
3391
3518
3436
3157
2721
2181
1594
1011
464
-36
-501
-954
-1424
-1940
-2520
-3172
-3890
-4657
-5449
-6237
-6987
-7665
-8238
-8677
-8960
-9074
-9021
-8814
-8477
-8041
-7538
-6996
-6438
-5878
-5327
-4796
-4298
-3851
-3479
-3204
-3042
-2995
-3049
-3175
-3329
-3468
-3558
-3578
-3535
-3452
-3369
-3329
-3367
-3497
-3714
-3987
-4275
-4529
-4708
-4786
-4756
-4626
-4418
-4156
-3864
-3558
-3247
-2935
-2626
-2324
-2043
-1798
-1608
-1487
-1448
-1493
-1616
-1807
-2054
-2343
-2666
-3013
-3376
-3744
-4104
-4440
-4736
-4985
-5185
-5350
-5498
-5654
-5839
-6062
-6312
-6563
-6773
-6898
-6900
-6760
-6486
-6109
-5680
-5255
-4885
-4601
-4410
-4299
-4236
-4187
-4128
-4048
-3957
-3877
-3835
-3851
-3931
-4062
-4212
-4344
-4422
-4423
-4343
-4196
-4012
-3825
-3663
-3541
-3458
-3399
-3339
-3253
-3122
-2938
-2701
-2420
-2108
-1778
-1439
-1102
-776
-475
-218
-23
91
116
54
-79
-258
-451
-628
-772
-880
-962
-1034
-1117
-1218
-1334
-1446
-1527
-1553
-1509
-1399
-1243
-1079
-945
-869
-861
-906
-971
-1011
-983
-865
-655
-381
-89
169
351
429
402
291
130
-43
-201
-329
-427
-507
-581
-659
-736
-799
-829
-804
-710
-543
-310
-24
298
646
1010
1388
1778
2173
2562
2927
3250
3515
3722
3881
4016
4159
4337
4562
4825
5099
5341
5507
5567
5516
5375
5192
5028
4938
4960
5106
5355
5668
5998
6308
6579
6818
7049
7309
7627
8018
8474
8967
9456
9903
10276
10565
10774
10920
11024
11103
11166
11212
11239
11247
11243
11237
11241
11260
11281
11276
11204
11022
10703
10249
9700
9127
8622
8272
8134
8218
8479
8832
9172
9408
9488
9420
9266
9128
9111
9290
9684
10245
10870
11428
11803
11923
11783
11447
11021
10617
10314
10118
9960
9705
9188
8263
6852
4976
2760
414
-1813
-3685
-5034
-5792
-6003
-5804
-5387
-4953
-4659
-4591
-4750
-5060
-5400
-5635
-5655
-5400
-4869
-4120
-3250
-2376
-1606
-1025
-675
-560
-646
-874
-1175
-1483
-1753
-1963
-2125
-2274
-2466
-2757
-3191
-3782
-4504
-5290
-6038
-6628
-6948
-6914
-6489
-5695
-4608
-3342
-2028
-780
316
1230
1972
2592
3157
3723
4327
4967
5612
6205
6687
7009
7146
7100
6898
6577
6176
5723
5229
4691
4099
3450
2753
2031
1329
695
177
-190
-392
-434
-336
-127
166
525
939
1400
1902
2426
2944
3412
3786
4021
4094
4000
3760
3414
3009
2584
2162
1742
1304
811
230
-459
-1254
-2128
-3034
-3918
-4731
-5441
-6036
-6527
-6934
-7279
-7572
-7809
-7969
-8024
-7950
-7734
-7385
-6936
-6432
-5926
-5462
-5068
-4751
-4502
-4300
-4126
-3971
-3840
-3748
-3717
-3763
-3892
-4089
-4325
-4566
-4775
-4934
-5040
-5108
-5165
-5237
-5341
-5473
-5607
-5704
-5717
-5611
-5368
-4996
-4528
-4009
-3491
-3013
-2598
-2249
-1952
-1687
-1434
-1187
-953
-753
-615
-565
-619
-779
-1031
-1354
-1719
-2101
-2484
-2857
-3217
-3562
-3892
-4201
-4482
-4726
-4929
-5090
-5215
-5311
-5387
-5444
-5474
-5466
-5399
-5260
-5042
-4754
-4419
-4073
-3755
-3500
-3331
-3250
-3243
-3285
-3345
-3400
-3436
-3458
-3479
-3522
-3605
-3736
-3911
-4109
-4302
-4461
-4560
-4587
-4542
-4439
-4295
-4127
-3948
-3761
-3559
-3334
-3072
-2768
-2424
-2051
-1664
-1286
-936
-630
-376
-178
-35
57
105
113
83
20
-71
-186
-319
-461
-603
-739
-861
-965
-1045
-1098
-1120
-1109
-1066
-990
-887
-761
-620
-471
-317
-162
-4
158
328
504
684
861
1023
1161
1263
1322
1338
1313
1255
1171
1072
963
852
741
635
540
462
412
399
434
523
669
869
1116
1401
1712
2039
2371
2700
3018
3317
3592
3838
4054
4242
4409
4566
4727
4905
5107
5333
5577
5824
6056
6258
6420
6542
6636
6721
6823
6963
7157
7411
7718
8063
8428
8798
9162
9521
9879
10246
10626
11016
11401
11757
12055
12268
12382
12397
12333
12221
12102
12009
11961
11959
11979
11985
11933
11788
11535
11184
10771
10349
9977
9705
9562
9547
9635
9779
9931
10048
10111
10123
10114
10124
10191
10340
10570
10853
11139
11371
11499
11496
11364
11135
10857
10582
10342
10133
9913
9601
9096
8302
7155
5646
3834
1843
-154
-1970
-3435
-4433
-4925
-4958
-4654
-4182
-3723
-3431
-3396
-3630
-4063
-4567
-4986
-5175
-5036
-4546
-3756
-2788
-1800
-955
-381
-144
-239
-592
-1087
-1593
-2001
-2250
-2337
-2321
-2298
-2374
-2635
-3124
-3822
-4654
-5502
-6230
-6715
-6868
-6655
-6096
-5260
-4245
-3158
-2093
-1118
-264
470
1110
1698
2271
2861
3482
4130
4783
5413
5980
6450
6792
6984
7015
6886
6607
6200
5693
5117
4504
3886
3287
2730
2229
1797
1443
1177
1005
933
964
1097
1326
1636
2010
2424
2855
3277
3668
4008
4280
4472
4573
4580
4494
4320
4071
3761
3406
3015
2591
2126
1600
988
266
-580
-1550
-2619
-3740
-4847
-5868
-6736
-7401
-7842
-8069
-8119
-8050
-7921
-7786
-7678
-7605
-7549
-7479
-7357
-7154
-6859
-6479
-6047
-5604
-5200
-4872
-4646
-4524
-4493
-4524
-4587
-4654
-4709
-4753
-4798
-4865
-4976
-5146
-5377
-5655
-5951
-6226
-6436
-6541
-6514
-6339
-6022
-5584
-5057
-4483
-3904
-3356
-2866
-2448
-2102
-1817
-1576
-1355
-1138
-912
-679
-450
-248
-102
-41
-86
-248
-522
-887
-1312
-1760
-2194
-2591
-2939
-3240
-3510
-3767
-4029
-4299
-4568
-4811
-4993
-5077
-5036
-4862
-4565
-4184
-3767
-3371
-3046
-2821
-2704
-2677
-2706
-2748
-2763
-2729
-2642
-2521
-2400
-2319
-2311
-2399
-2584
-2848
-3159
-3478
-3770
-4008
-4178
-4281
-4328
-4334
-4313
-4273
-4213
-4123
-3991
-3801
-3544
-3215
-2820
-2375
-1903
-1431
-990
-604
-293
-66
77
150
174
173
172
191
237
308
386
450
474
437
331
163
-46
-266
-460
-595
-650
-621
-517
-360
-179
2
168
318
460
615
801
1033
1313
1627
1949
2246
2486
2644
2712
2696
2620
2513
2410
2335
2304
2316
2358
2410
2449
2462
2442
2397
2346
2311
2312
2365
2473
2628
2813
3010
3201
3381
3551
3724
3920
4156
4441
4777
5149
5534
5906
6240
6522
6751
6939
7105
7274
7462
7676
7910
8150
8375
8569
8727
8854
8970
9098
9264
9479
9744
10041
10344
10624
10859
11045
11192
11328
11487
11696
11968
12291
12630
12936
13159
13259
13223
13071
12848
12617
12443
12371
12418
12565
12762
12944
13044
13015
12844
12552
12191
11829
11534
11353
11303
11366
11499
11642
11741
11756
11676
11511
11293
11056
10821
10586
10321
9969
9460
8732
7747
6504
5051
3479
1905
455
-762
-1677
-2274
-2589
-2705
-2734
-2788
-2956
-3285
-3770
-4357
-4954
-5455
-5764
-5817
-5596
-5136
-4509
-3817
-3162
-2628
-2264
-2079
-2041
-2094
-2176
-2232
-2237
-2195
-2141
-2129
-2217
-2446
-2833
-3356
-3963
-4577
-5111
-5487
-5649
-5573
-5271
-4785
-4175
-3510
-2849
-2233
-1678
-1178
-703
-217
318
932
1636
2421
3259
4107
4913
5627
6208
6627
6875
6958
6896
6717
6451
6126
5760
5366
4947
4507
4049
3580
3118
2684
2307
2013
1821
1741
1769
1886
2068
2284
2507
2720
2913
3091
3263
3439
3628
3826
4021
4192
4314
4361
4317
4171
3921
3573
3132
2599
1969
1233
381
-588
-1661
-2806
-3969
-5082
-6072
-6877
-7458
-7807
-7951
-7945
-7860
-7762
-7702
-7700
-7742
-7786
-7777
-7659
-7394
-6974
-6423
-5793
-5150
-4559
-4071
-3714
-3486
-3365
-3318
-3314
-3333
-3373
-3446
-3576
-3788
-4092
-4485
-4938
-5411
-5851
-6207
-6441
-6531
-6476
-6295
-6016
-5676
-5307
-4935
-4576
-4235
-3908
-3585
-3255
-2905
-2526
-2115
-1675
-1218
-763
-338
25
297
451
474
363
134
-187
-570
-981
-1396
-1801
-2194
-2583
-2978
-3385
-3798
-4201
-4563
-4847
-5020
-5060
-4964
-4750
-4455
-4128
-3818
-3562
-3379
-3263
-3187
-3114
-2999
-2813
-2542
-2197
-1813
-1438
-1126
-923
-859
-939
-1148
-1450
-1800
-2155
-2478
-2750
-2969
-3144
-3296
-3441
-3592
-3749
-3901
-4025
-4094
-4086
-3984
-3785
-3500
-3150
-2764
-2373
-2001
-1665
-1367
-1102
-853
-603
-333
-34
295
645
995
1319
1588
1774
1857
1830
1698
1477
1197
892
598
346
157
37
-16
-19
5
37
61
70
71
80
117
205
361
590
887
1233
1603
1968
2304
2594
2829
3012
3155
3269
3370
3465
3558
3646
3720
3770
3785
3758
3684
3564
3402
3209
2999
2791
2604
2463
2390
2404
2516
2729
3033
3407
3821
4240
4633
4976
5261
5493
5694
5893
6123
6410
6768
7193
7663
8143
8594
8977
9267
9456
9554
9588
9595
9609
9661
9762
9911
10091
10279
10452
10594
10704
10793
10885
11004
11171
11392
11659
11947
12221
12445
12591
12647
12620
12538
12439
12366
12353
12417
12559
12755
12969
13157
13279
13306
13223
13035
12762
12435
12091
11769
11502
11320
11239
11267
11402
11623
11900
12187
12429
12564
12532
12283
11786
11032
10040
8856
7545
6184
4853
3623
2546
1651
939
385
-53
-435
-818
-1249
-1760
-2355
-3011
-3682
-4306
-4817
-5157
-5291
-5212
-4944
-4538
-4061
-3582
-3160
-2831
-2604
-2464
-2378
-2311
-2236
-2145
-2050
-1984
-1989
-2106
-2361
-2755
-3262
-3833
-4402
-4899
-5264
-5455
-5456
-5277
-4952
-4528
-4057
-3586
-3149
-2762
-2420
-2100
-1767
-1379
-898
-299
427
1264
2177
3112
4006
4801
5450
5925
6222
6357
6361
6271
6121
5935
5727
5497
5243
4961
4654
4330
4007
3702
3433
3207
3027
2887
2777
2690
2625
2586
2583
2624
2714
2848
3014
3192
3364
3522
3667
3811
3972
4165
4386
4607
4774
4813
4645
4208
3471
2452
1219
-119
-1438
-2616
-3567
-4256
-4704
-4982
-5192
-5434
-5789
-6290
-6920
-7617
-8289
-8838
-9182
-9276
-9118
-8743
-8218
-7617
-7011
-6448
-5951
-5516
-5122
-4742
-4352
-3946
-3535
-3148
-2826
-2613
-2542
-2633
-2879
-3253
-3708
-4186
-4628
-4986
-5227
-5345
-5356
-5295
-5208
-5138
-5120
-5167
-5269
-5395
-5498
-5526
-5433
-5189
-4783
-4229
-3565
-2840
-2110
-1428
-838
-365
-19
208
338
396
408
396
369
327
255
136
-51
-322
-677
-1101
-1564
-2023
-2434
-2757
-2972
-3080
-3104
-3086
-3074
-3106
-3203
-3355
-3526
-3658
-3687
-3559
-3246
-2756
-2134
-1453
-797
-246
143
350
386
296
138
-28
-159
-235
-263
-271
-297
-378
-538
-781
-1092
-1441
-1792
-2108
-2365
-2553
-2674
-2743
-2778
-2797
-2813
-2825
-2828
-2803
-2732
-2594
-2374
-2067
-1679
-1228
-742
-258
187
563
844
1021
1102
1106
1064
1008
969
966
1004
1075
1157
1224
1248
1210
1100
924
700
455
218
17
-125
-201
-207
-155
-58
66
204
349
499
663
852
1080
1357
1685
2056
2449
2835
3184
3464
3658
3761
3783
3750
3693
3646
3631
3658
3719
3793
3852
3869
3826
3721
3568
3394
3232
3114
3062
3085
3180
3334
3530
3751
3989
4242
4515
4812
5138
5488
5854
6221
6577
6911
7221
7512
7794
8077
8367
8663
8953
9218
9437
9591
9672
9678
9622
9520
9394
9258
9125
8996
8870
8741
8609
8475
8351
8249
8184
8167
8203
8290
8420
8583
8768
8970
9189
9427
9688
9974
10276
10578
10854
11077
11217
11253
11179
11002
10746
10444
10136
9858
9635
9477
9379
9320
9270
9197
9077
8897
8666
8406
8154
7952
7835
7823
7911
8071
8250
8384
8408
8274
7957
7470
6853
6173
5507
4922
4466
4151
3958
3836
3717
3536
3243
2812
2255
1610
935
294
-254
-677
-960
-1119
-1185
-1202
-1209
-1236
-1296
-1386
-1487
-1571
-1613
-1593
-1504
-1357
-1173
-984
-827
-732
-721
-799
-957
-1171
-1407
-1633
-1816
-1940
-1998
-2000
-1966
-1919
-1880
-1863
-1870
-1892
-1911
-1907
-1860
-1755
-1590
-1367
-1096
-792
-466
-129
211
553
892
1224
1545
1848
2128
2383
2612
2818
3005
3177
3333
3468
3575
3642
3662
3632
3557
3449
3324
3199
3081
2969
2851
2705
2504
2228
1868
1433
947
450
-16
-413
-716
-921
-1045
-1121
-1190
-1293
-1460
-1703
-2016
-2378
-2755
-3112
-3421
-3664
-3836
-3949
-4020
-4074
-4134
-4217
-4333
-4482
-4655
-4838
-5017
-5176
-5306
-5402
-5466
-5506
-5531
-5551
-5571
-5593
-5612
-5617
-5597
-5541
-5444
-5309
-5143
-4964
-4789
-4636
-4516
-4433
-4380
-4345
-4312
-4264
-4189
-4085
-3953
-3806
-3658
-3525
-3419
-3350
-3320
-3325
-3357
-3405
-3457
-3501
-3523
-3517
-3477
-3402
-3295
-3166
-3026
-2888
-2763
-2658
-2575
-2508
-2447
-2381
-2298
-2193
-2070
-1938
-1812
-1706
-1634
-1599
-1598
-1615
-1634
-1635
-1606
-1543
-1453
-1353
-1267
-1214
-1213
-1268
-1372
-1508
-1652
-1778
-1866
-1904
-1891
-1838
-1762
-1684
-1626
-1599
-1611
-1656
-1723
-1795
-1856
-1890
-1890
-1854
-1788
-1706
-1620
-1544
-1487
-1450
-1430
-1415
-1392
-1347
-1273
-1165
-1027
-871
-708
-552
-414
-298
-201
-115
-28
69
188
329
488
657
821
969
1091
1180
1237
1266
1277
1281
1288
1308
1349
1413
1501
1610
1735
1869
2004
2134
2252
2356
2444
2519
2587
2652
2720
2793
2869
2948
3022
3088
3143
3187
3224
3264
3313
3382
3476
3595
3737
3893
4054
4209
4352
4477
4585
4679
4762
4840
4917
4996
5077
5163
5252
5346
5445
5553
5669
5795
5929
6069
6211
6351
6485
6613
6732
6844
6951
7056
7161
7269
7381
7497
7619
7745
7877
8014
8157
8308
8467
8638
8821
9018
9227
9447
9674
9902
10126
10342
10544
10732
10907
11072
11230
11383
11533
11676
11806
11917
12003
12059
12089
12099
12100
12107
12129
12175
12243
12327
12415
12495
12557
12600
12632
12669
12727
12824
12964
13137
13315
13453
13498
13397
13106
12606
11902
11030
10049
9032
8055
7179
6441
5850
5379
4981
4590
4142
3588
2904
2097
1205
291
-569
-1307
-1866
-2218
-2369
-2356
-2236
-2079
-1950
-1897
-1942
-2080
-2280
-2494
-2675
-2782
-2796
-2723
-2591
-2449
-2351
-2344
-2462
-2713
-3082
-3531
-4011
-4471
-4867
-5171
-5379
-5500
-5563
-5598
-5633
-5685
-5758
-5838
-5899
-5910
-5841
-5670
-5387
-4999
-4523
-3986
-3420
-2851
-2302
-1782
-1291
-822
-360
108
594
1103
1630
2165
2688
3179
3616
3980
4256
4440
4532
4543
4487
4385
4256
4118
3985
3864
3757
3660
3568
3472
3368
3254
3132
3006
2880
2757
2636
2512
2378
2225
2045
1838
1610
1374
1147
947
787
673
597
541
478
377
209
-44
-390
-821
-1315
-1844
-2375
-2881
-3339
-3741
-4086
-4383
-4646
-4889
-5123
-5355
-5587
-5813
-6025
-6215
-6374
-6496
-6576
-6617
-6620
-6591
-6536
-6461
-6370
-6265
-6146
-6014
-5866
-5704
-5531
-5352
-5179
-5022
-4894
-4804
-4757
-4751
-4779
-4827
-4879
-4921
-4941
-4935
-4904
-4856
-4800
-4748
-4708
-4682
-4669
-4662
-4650
-4624
-4573
-4493
-4380
-4235
-4062
-3865
-3652
-3427
-3200
-2975
-2760
-2559
-2373
-2203
-2047
-1899
-1756
-1616
-1478
-1348
-1233
-1142
-1084
-1063
-1078
-1124
-1190
-1261
-1327
-1378
-1415
-1439
-1461
-1488
-1530
-1587
-1657
-1730
-1796
-1843
-1865
-1860
-1832
-1790
-1745
-1706
-1676
-1655
-1638
-1615
-1575
-1511
-1417
-1293
-1142
-970
-785
-595
-408
-232
-73
62
171
250
301
328
337
337
336
340
351
366
380
385
376
350
311
265
224
197
193
214
255
310
369
424
472
515
560
616
691
788
906
1035
1163
1277
1367
1432
1477
1512
1551
1606
1684
1783
1894
2006
2104
2175
2215
2223
2206
2172
2132
2093
2058
2028
2002
1982
1969
1969
1989
2037
2116
2228
2365
2520
2681
2840
2992
3134
3273
3413
3559
3715
3877
4039
4193
4330
4449
4553
4650
4753
4875
5026
5208
5418
5644
5873
6092
6291
6468
6627
6776
6925
7082
7249
7424
7599
7763
7908
8028
8120
8188
8238
8279
8316
8355
8396
8440
8485
8531
8578
8628
8681
8738
8799
8859
8916
8967
9011
9054
9103
9170
9264
9395
9568
9779
10023
10288
10562
10834
11096
11345
11580
11802
12011
12206
12381
12531
12648
12729
12773
12784
12766
12727
12669
12588
12475
12315
12086
11771
11356
10835
10214
9509
8747
7958
7172
6415
5708
5057
4462
3914
3398
2897
2396
1886
1363
833
309
-188
-639
-1025
-1330
-1551
-1693
-1774
-1818
-1852
-1901
-1984
-2106
-2262
-2435
-2604
-2746
-2845
-2897
-2907
-2896
-2889
-2915
-2995
-3144
-3361
-3634
-3942
-4259
-4560
-4827
-5052
-5235
-5383
-5509
-5624
-5736
-5846
-5948
-6032
-6084
-6091
-6043
-5935
-5771
-5557
-5305
-5025
-4729
-4421
-4103
-3770
-3417
-3036
-2618
-2164
-1675
-1162
-641
-130
349
779
1147
1445
1675
1844
1966
2055
2126
2187
2243
2290
2319
2319
2277
2181
2025
1810
1544
1239
913
583
265
-27
-291
-526
-735
-928
-1113
-1294
-1475
-1653
-1821
-1969
-2089
-2174
-2224
-2242
-2239
-2229
-2229
-2252
-2308
-2399
-2521
-2664
-2814
-2958
-3084
-3186
-3265
-3329
-3389
-3461
-3557
-3688
-3859
-4067
-4303
-4555
-4808
-5046
-5260
-5442
-5591
-5713
-5816
-5908
-5998
-6091
-6189
-6288
-6379
-6455
-6506
-6525
-6512
-6468
-6400
-6316
-6227
-6138
-6053
-5969
-5881
-5780
-5658
-5510
-5333
-5131
-4912
-4687
-4468
-4268
-4093
-3947
-3828
-3732
-3651
-3576
-3502
-3424
-3344
-3265
-3192
-3132
-3090
-3068
-3063
-3071
-3081
-3084
-3068
-3027
-2956
-2856
-2733
-2597
-2459
-2327
-2211
-2112
-2029
-1954
-1880
-1798
-1701
-1586
-1456
-1315
-1171
-1032
-906
-797
-704
-628
-564
-508
-458
-413
-374
-344
-326
-323
-334
-360
-398
-443
-492
-540
-584
-620
-647
-663
-667
-658
-637
-604
-559
-505
-442
-371
-291
-201
-99
16
147
291
444
600
751
889
1009
1106
1182
1241
1289
1333
1376
1422
1467
1507
1533
1540
1521
1477
1410
1330
1245
1166
1101
1053
1021
1002
988
971
948
917
880
844
819
811
827
869
935
1020
1117
1217
1316
1408
1494
1576
1657
1741
1829
1922
2019
2119
2218
2316
2413
2511
2611
2714
2821
2931
3038
3141
3234
3317
3390
3457
3521
3589
3663
3743
3828
3912
3988
4052
4102
4139
4171
4206
4255
4326
4424
4547
4689
4842
4996
5142
5278
5403
5522
5642
5769
5906
6053
6203
6349
6480
6588
6670
6725
6758
6777
6789
6801
6816
6835
6854
6866
6867
6851
6818
6770
6712
6649
6589
6538
6500
6478
6473
6485
6514
6561
6624
6704
6798
6904
7018
7136
7253
7370
7489
7614
7755
7919
8113
8339
8592
8858
9115
9336
9495
9569
9548
9431
9232
8975
8691
8408
8146
7914
7701
7487
7242
6935
6545
6065
5506
4895
4270
3675
3145
2702
2349
2072
1842
1626
1392
1118
800
448
88
-250
-536
-745
-866
-900
-864
-781
-679
-585
-519
-495
-515
-577
-669
-779
-893
-999
-1092
-1169
-1235
-1300
-1377
-1477
-1611
-1784
-1994
-2232
-2483
-2731
-2963
-3169
-3348
-3507
-3658
-3815
-3990
-4185
-4396
-4607
-4798
-4943
-5024
-5029
-4959
-4823
-4643
-4441
-4239
-4052
-3888
-3741
-3602
-3456
-3288
-3091
-2862
-2611
-2350
-2100
-1879
-1704
-1586
-1527
-1524
-1568
-1643
-1738
-1838
-1935
-2028
-2120
-2218
-2333
-2474
-2648
-2855
-3087
-3333
-3575
-3794
-3977
-4114
-4204
-4253
-4276
-4285
-4296
-4316
-4347
-4383
-4411
-4419
-4395
-4332
-4229
-4096
-3945
-3793
-3657
-3547
-3471
-3427
-3411
-3412
-3418
-3420
-3412
-3394
-3369
-3347
-3339
-3357
-3411
-3505
-3638
-3804
-3990
-4180
-4358
-4511
-4630
-4715
-4770
-4808
-4840
-4878
-4930
-4995
-5068
-5137
-5188
-5208
-5190
-5131
-5036
-4915
-4779
-4642
-4511
-4390
-4276
-4164
-4047
-3919
-3776
-3619
-3454
-3286
-3126
-2980
-2853
-2748
-2664
-2598
-2546
-2501
-2458
-2414
-2366
-2314
-2260
-2209
-2168
-2144
-2143
-2170
-2225
-2303
-2396
-2494
-2582
-2652
-2696
-2712
-2705
-2682
-2653
-2625
-2604
-2590
-2579
-2562
-2531
-2478
-2398
-2292
-2165
-2023
-1875
-1732
-1597
-1474
-1362
-1257
-1154
-1048
-936
-817
-692
-565
-440
-324
-223
-143
-87
-57
-51
-68
-101
-145
-194
-245
-294
-341
-387
-434
-482
-531
-577
-614
-637
-638
-613
-559
-480
-381
-271
-159
-55
36
114
179
236
292
352
422
501
589
679
766
842
900
937
951
946
928
903
881
868
869
884
911
942
969
984
982
962
926
884
846
823
826
859
922
1009
1109
1209
1298
1366
1411
1435
1443
1445
1452
1472
1510
1568
1644
1733
1829
1927
2022
2112
2197
2279
2362
2450
2545
2652
2770
2897
3028
3157
3276
3378
3460
3520
3560
3586
3607
3630
3660
3700
3748
3798
3840
3866
3870
3849
3806
3750
3692
3643
3614
3611
3634
3680
3738
3801
3859
3907
3941
3965
3982
3998
4021
4054
4098
4153
4217
4283
4350
4412
4469
4518
4561
4599
4633
4663
4690
4713
4729
4737
4736
4722
4696
4659
4613
4560
4504
4450
4400
4358
4324
4299
4282
4272
4265
4262
4260
4260
4261
4265
4273
4288
4313
4350
4401
4465
4542
4628
4719
4809
4893
4968
5031
5087
5137
5190
5251
5323
5409
5504
5604
5700
5785
5852
5899
5928
5944
5954
5962
5971
5980
5980
5963
5918
5835
5709
5542
5339
5109
4862
4608
4353
4097
3838
3568
3282
2976
2647
2302
1947
1594
1257
944
663
417
204
17
-150
-308
-464
-621
-779
-935
-1084
-1217
-1328
-1412
-1467
-1497
-1507
-1508
-1513
-1533
-1577
-1651
-1756
-1891
-2049
-2222
-2402
-2584
-2765
-2944
-3122
-3304
-3491
-3686
-3889
-4098
-4311
-4523
-4730
-4929
-5119
-5299
-5469
-5632
-5789
-5941
-6087
-6225
-6353
-6465
-6556
-6623
-6661
-6670
-6650
-6606
-6545
-6472
-6396
-6321
-6250
-6182
-6113
-6038
-5950
-5847
-5728
-5595
-5457
-5320
-5196
-5090
-5006
-4943
-4896
-4858
-4821
-4778
-4724
-4661
-4593
-4527
-4471
-4431
-4412
-4415
-4437
-4472
-4512
-4548
-4574
-4584
-4574
-4545
-4500
-4442
-4378
-4312
-4249
-4193
-4144
-4102
-4063
-4026
-3985
-3939
-3886
-3826
-3760
-3692
-3623
-3556
-3492
-3430
-3369
-3307
-3245
-3182
-3123
-3071
-3032
-3009
-3006
-3022
-3054
-3095
-3138
-3175
-3201
-3210
-3204
-3186
-3161
-3137
-3119
-3112
-3117
-3132
-3153
-3174
-3189
-3193
-3184
-3162
-3130
-3091
-3050
-3013
-2981
-2955
-2934
-2916
-2895
-2870
-2838
-2800
-2755
-2707
-2658
-2612
-2571
-2534
-2503
-2477
-2454
-2434
-2415
-2398
-2381
-2364
-2347
-2330
-2311
-2291
-2271
-2251
-2232
-2217
-2206
-2199
-2195
-2191
-2187
-2179
-2168
-2153
-2135
-2117
-2098
-2078
-2056
-2028
-1990
-1939
-1872
-1790
-1696
-1593
-1488
-1383
-1283
-1187
-1092
-996
-894
-785
-668
-545
-423
-307
-204
-118
-53
-8
17
29
31
28
26
29
40
64
100
150
210
277
344
405
455
490
511
520
522
524
532
549
576
610
649
688
725
759
792
827
870
921
980
1045
1109
1167
1213
1245
1265
1275
1283
1295
1316
1347
1388
1434
1480
1523
1558
1585
1604
1616
1621
1618
1608
1588
1559
1523
1483
1446
1417
1401
1400
1414
1436
1462
1485
1500
1506
1507
1508
1515
1534
1568
1616
1673
1734
1793
1849
1901
1953
2009
2075
2151
2236
2325
2410
2480
2530
2554
2554
2535
2502
2464
2429
2400
2380
2368
2361
2359
2359
2361
2366
2374
2385
2398
2411
2421
2427
2428
2424
2419
2413
2411
2413
2420
2430
2442
2452
2460
2463
2464
2462
2459
2455
2451
2445
2435
2421
2402
2376
2347
2314
2282
2252
2227
2206
2193
2186
2185
2190
2200
2212
2226
2237
2245
2247
2243
2236
2228
2223
2225
2237
2259
2291
2329
2368
2402
2428
2442
2444
2436
2420
2400
2379
2360
2344
2333
2328
2329
2338
2356
2384
2422
2468
2520
2576
2633
2688
2740
2786
2826
2862
2892
2919
2942
2962
2979
2992
3003
3009
3010
3001
2981
2945
2890
2815
2721
2610
2487
2356
2223
2090
1958
1828
1696
1560
1418
1270
1117
961
806
653
504
355
205
48
-116
-291
-476
-665
-855
-1041
-1218
-1388
-1551
-1711
-1873
-2042
-2219
-2406
-2599
-2795
-2990
-3180
-3363
-3537
-3702
-3858
-4004
-4141
-4269
-4387
-4497
-4600
-4699
-4797
-4895
-4996
-5099
-5204
-5309
-5412
-5513
-5611
-5709
-5809
-5912
-6017
-6123
-6225
-6319
-6399
-6463
-6508
-6537
-6555
-6567
-6579
-6593
-6611
-6630
-6646
-6652
-6643
-6615
-6565
-6493
-6404
-6300
-6187
-6070
-5952
-5837
-5727
-5623
-5526
-5434
-5345
-5259
-5172
-5083
-4990
-4893
-4792
-4690
-4588
-4488
-4391
-4297
-4204
-4113
-4022
-3932
-3843
-3757
-3677
-3605
-3541
-3486
-3438
-3394
-3352
-3309
-3266
-3221
-3178
-3137
-3100
-3068
-3038
-3009
-2979
-2943
-2901
-2852
-2797
-2737
-2674
-2611
-2548
-2487
-2428
-2372
-2319
-2269
-2222
-2177
-2134
-2092
-2050
-2008
-1967
-1927
-1892
-1865
-1847
-1840
-1843
-1855
-1873
-1893
-1913
-1932
-1950
-1967
-1987
-2010
-2039
-2073
-2111
-2151
-2193
-2236
-2281
-2327
-2374
-2423
-2470
-2512
-2543
-2560
-2562
-2549
-2527
-2502
-2481
-2469
-2470
-2481
-2498
-2513
-2520
-2513
-2492
-2460
-2420
-2382
-2349
-2325
-2310
-2299
-2288
-2270
-2242
-2203
-2157
-2108
-2059
-2016
-1978
-1944
-1909
-1870
-1824
-1772
-1716
-1661
-1613
-1575
-1549
-1532
-1519
-1503
-1479
-1441
-1389
-1325
-1252
-1176
-1101
-1029
-960
-894
-829
-764
-698
-632
-568
-508
-453
-402
-354
-305
-251
-192
-127
-57
13
81
142
194
237
270
297
320
341
363
386
411
438
467
498
531
567
605
645
686
725
762
795
824
847
865
877
884
885
880
870
855
836
817
799
785
774
767
761
753
742
725
703
675
646
619
595
578
566
559
553
546
537
524
510
496
486
481
484
495
512
533
557
582
607
632
658
683
709
732
752
765
770
765
751
730
704
676
649
625
604
584
563
538
506
468
422
371
318
270
229
202
189
194
215
248
292
340
391
440
486
531
576
622
672
726
784
844
904
961
1012
1055
1090
1118
1141
1159
1175
1189
1203
1215
1225
1233
1240
1245
1249
1253
1259
1265
1272
1280
1288
1296
1305
1314
1325
1338
1352
1367
1380
1392
1401
1405
1406
1402
1394
1382
1365
1343
1315
1281
1240
1195
1148
1101
1056
1017
984
957
932
909
884
857
827
795
765
737
715
698
686
677
668
657
643
624
601
576
550
523
496
468
436
398
353
301
241
176
109
42
-21
-81
-137
-189
-237
-283
-326
-366
-404
-438
-468
-493
-512
-526
-535
-540
-541
-539
-535
-530
-524
-520
-518
-521
-531
-548
-574
-610
-654
-706
-764
-827
-892
-960
-1028
-1097
-1168
-1239
-1312
-1383
-1452
-1515
-1571
-1617
-1652
-1678
-1697
-1712
-1729
-1750
-1777
-1810
-1848
-1887
-1924
-1958
-1987
-2013
-2038
-2067
-2103
-2147
-2201
-2261
-2323
-2384
-2440
-2489
-2531
-2570
-2608
-2649
-2694
-2743
-2793
-2839
-2877
-2904
-2917
-2917
-2907
-2889
-2870
-2853
-2840
-2830
-2825
-2822
-2819
-2815
-2810
-2804
-2796
-2787
-2777
-2766
-2755
-2743
-2734
-2727
-2726
-2732
-2744
-2763
-2785
-2807
-2825
-2835
-2837
-2830
-2815
-2795
-2774
-2753
-2734
-2718
-2704
-2692
-2681
-2671
-2663
-2658
-2656
-2656
-2658
-2659
-2656
-2647
-2632
-2611
-2585
-2557
-2529
-2505
-2485
-2468
-2454
-2441
-2426
-2411
-2394
-2377
-2361
-2347
-2337
-2330
-2326
-2324
-2323
-2324
-2326
-2330
-2337
-2346
-2355
-2364
-2371
-2375
-2374
-2371
-2365
-2358
-2352
-2348
-2344
-2339
-2330
-2315
-2293
-2265
-2231
-2195
-2161
-2132
-2110
-2096
-2087
-2084
-2083
-2083
-2082
-2082
-2082
-2082
-2083
-2083
-2081
-2074
-2062
-2042
-2016
-1983
-1944
-1903
-1858
-1812
-1763
-1711
-1656
-1597
-1536
-1474
-1413
-1355
-1303
-1257
-1217
-1182
-1152
-1125
-1101
-1081
-1065
-1055
-1050
-1051
-1057
-1067
-1078
-1089
-1098
-1104
-1107
-1106
-1101
-1092
-1078
-1060
-1035
-1004
-966
-921
-871
-815
-758
-699
-641
-587
-536
-491
-452
-419
-393
-371
-355
-341
-331
-322
-316
-313
-315
-321
-332
-349
-371
-396
-421
-445
-465
-480
-488
-490
-485
-476
-464
-450
-435
-421
-409
-398
-389
-380
-370
-358
-342
-321
-297
-269
-241
-215
-194
-178
-170
-168
-170
-172
-171
-163
-146
-118
-82
-38
8
56
101
139
170
192
203
206
201
192
181
171
167
169
180
198
222
250
279
306
330
350
369
388
408
431
457
485
514
544
574
603
631
660
689
718
745
768
784
790
788
777
759
738
717
697
680
665
650
633
614
592
570
551
537
530
531
540
552
566
579
588
595
601
607
614
621
626
627
619
600
571
534
493
454
422
399
386
379
374
365
349
326
297
266
239
222
217
224
240
261
283
301
313
322
329
337
348
360
373
382
383
374
355
327
295
264
240
226
224
232
247
265
284
302
318
333
347
361
375
389
402
412
419
424
428
433
439
448
456
463
465
462
453
441
428
418
414
420
432
450
468
481
486
480
465
443
419
399
384
379
380
386
391
392
383
364
334
294
247
198
151
109
75
50
37
33
39
50
64
78
87
89
83
70
51
30
9
-8
-22
-34
-46
-61
-83
-115
-158
-213
-276
-346
-419
-493
-566
-638
-709
-780
-851
-922
-992
-1059
-1121
-1174
-1218
-1250
-1273
-1285
-1291
-1291
-1289
-1286
-1284
-1284
-1286
-1289
-1295
-1302
-1311
-1321
-1332
-1346
-1361
-1380
-1403
-1430
-1462
-1499
-1540
-1584
-1631
-1676
-1720
-1760
-1794
-1823
-1846
-1863
-1877
-1888
-1897
-1905
-1913
-1921
-1928
-1936
-1943
-1950
-1958
-1965
-1971
-1977
-1981
-1983
-1984
-1983
-1981
-1981
-1982
-1986
-1995
-2007
-2023
-2040
-2057
-2071
-2082
-2088
-2089
-2088
-2084
-2081
-2079
-2078
-2077
-2074
-2069
-2058
-2041
-2018
-1990
-1960
-1931
-1907
-1891
-1883
-1884
-1893
-1907
-1924
-1940
-1951
-1957
-1957
-1951
-1940
-1928
-1916
-1906
-1899
-1894
-1892
-1890
-1887
-1881
-1871
-1859
-1845
-1831
-1818
-1808
-1799
-1792
-1783
-1772
-1756
-1735
-1709
-1682
-1654
-1629
-1609
-1593
-1580
-1568
-1555
-1538
-1516
-1490
-1461
-1434
-1409
-1391
-1379
-1372
-1368
-1364
-1358
-1349
-1336
-1320
-1304
-1289
-1277
-1268
-1261
-1254
-1244
-1230
-1212
-1189
-1163
-1136
-1110
-1085
-1061
-1039
-1016
-992
-966
-938
-909
-880
-851
-823
-797
-772
-748
-726
-705
-685
-668
-653
-640
-628
-615
-601
-582
-560
-533
-504
-474
-443
-413
-385
-356
-328
-298
-267
-236
-207
-181
-160
-144
-134
-129
-125
-123
-120
-119
-121
-129
-145
-169
-201
-238
-275
-307
-328
-336
-330
-311
-283
-248
-210
-173
-136
-101
-66
-31
2
35
66
94
118
138
155
169
182
194
203
209
210
204
192
176
159
146
141
146
163
189
222
257
291
320
345
366
385
404
425
449
474
498
518
530
533
526
508
481
447
407
364
318
272
229
190
157
132
115
106
103
104
107
109
110
110
110
114
121
132
148
166
184
198
206
208
203
192
176
157
136
113
87
57
24
-12
-52
-91
-126
-156
-176
-186
-185
-173
-152
-124
-91
-56
-22
8
34
54
69
81
93
108
130
159
197
241
288
332
370
399
419
430
435
440
448
459
475
494
511
524
530
527
518
505
490
476
466
461
458
457
457
455
453
451
452
456
464
475
489
504
518
532
545
559
577
600
630
665
704
743
779
811
835
854
867
877
884
890
894
895
891
882
866
845
821
797
775
757
745
738
735
734
733
731
727
723
719
717
718
723
732
743
756
769
779
786
787
782
770
752
728
700
668
635
601
566
529
490
448
401
350
297
244
194
149
112
84
63
46
32
17
-2
-27
-57
-91
-126
-160
-192
-220
-245
-267
-288
-308
-328
-348
-368
-389
-409
-431
-454
-480
-508
-539
-571
-602
-631
-656
-677
-694
-707
-719
-732
-745
-760
-776
-791
-806
-818
-830
-842
-856
-874
-899
-930
-965
-1002
-1037
-1067
-1089
-1102
-1106
-1104
-1098
-1093
-1090
-1092
-1099
-1110
-1124
-1139
-1153
-1167
-1179
-1192
-1204
-1216
-1228
-1238
-1245
-1248
-1248
-1245
-1240
-1236
-1234
-1236
-1241
-1249
-1258
-1266
-1270
-1270
-1266
-1257
-1245
-1233
-1220
-1208
-1197
-1186
-1174
-1160
-1144
-1125
-1106
-1089
-1075
-1066
-1064
-1068
-1076
-1088
-1099
-1109
-1114
-1115
-1111
-1102
-1089
-1073
-1053
-1029
-1002
-971
-936
-898
-857
-816
-777
-740
-708
-682
-662
-650
-644
-643
-647
-654
-662
-671
-679
-686
-693
-700
-707
-718
-732
-749
-770
-791
-812
-828
-837
-837
-828
-810
-785
-756
-726
-696
-668
-643
-618
-594
-570
-544
-518
-492
-469
-451
-439
-435
-438
-448
-462
-480
-498
-516
-532
-545
-553
-557
-555
-547
-534
-515
-492
-465
-437
-409
-383
-361
-342
-327
-314
-302
-291
-280
-267
-254
-239
-224
-208
-193
-178
-166
-156
-150
-148
-151
-158
-169
-182
-193
-202
-204
-197
-182
-159
-129
-94
-59
-26
3
26
43
54
60
62
62
59
55
49
41
30
18
4
-9
-21
-31
-36
-36
-31
-21
-9
2
13
21
25
26
25
23
22
24
30
39
50
61
71
78
79
75
67
55
42
29
18
9
3
0
-2
-3
-1
3
11
24
43
67
97
129
163
195
223
246
263
276
286
294
302
311
320
329
338
344
347
347
343
338
331
323
316
311
306
301
298
295
293
292
293
295
299
304
309
314
317
319
321
324
331
342
360
385
415
449
483
513
538
554
562
562
555
545
534
524
516
511
507
503
499
492
483
470
455
440
426
415
408
406
409
416
425
433
438
440
436
429
420
411
405
405
412
427
448
474
502
530
557
580
601
621
641
663
686
711
735
755
770
776
772
758
737
710
682
655
634
620
615
617
625
637
650
661
668
672
672
669
665
661
659
657
656
655
651
643
632
617
601
585
571
561
555
552
551
549
543
534
521
506
491
479
473
473
478
485
494
499
500
497
490
482
474
470
470
473
476
479
479
474
464
451
437
422
408
396
384
373
361
348
335
323
313
307
302
299
293
281
262
234
198
157
115
78
46
24
9
0
-7
-16
-29
-47
-70
-97
-125
-154
-181
-208
-235
-263
-294
-328
-362
-394
-423
-444
-457
-460
-454
-441
-423
-404
-387
-374
-368
-370
-382
-401
-427
-455
-481
-500
-508
-504
-487
-461
-429
-397
-371
-354
-349
-353
-364
-377
-389
-396
-397
-394
-389
-385
-384
-386
-393
-400
-404
-404
-397
-383
-363
-339
-314
-290
-268
-249
-233
-221
-212
-207
-206
-211
-221
-235
-252
-269
-284
-295
-301
-303
-302
-301
-300
-302
-307
-315
-323
-332
-340
-348
-355
-364
-374
-384
-393
-399
-400
-394
-382
-363
-342
-323
-308
-303
-307
-321
-340
-363
-384
-401
-411
-414
-412
-409
-407
-409
-416
-429
-445
-462
-477
-487
-489
-483
-470
-453
-434
-417
-406
-402
-407
-419
-436
-455
-471
-482
-487
-485
-477
-466
-453
-442
-432
-425
-420
-416
-413
-410
-408
-407
-407
-408
-410
-410
-406
-397
-383
-363
-341
-318
-298
-283
-275
-273
-274
-276
-275
-270
-260
-246
-231
-216
-203
-194
-187
-180
-172
-161
-148
-133
-118
-107
-101
-100
-103
-108
-110
-108
-99
-86
-69
-53
-41
-35
-36
-43
-51
-56
-56
-46
-28
-1
31
65
98
127
150
167
178
184
187
186
183
180
175
172
172
175
183
195
210
227
243
257
268
274
275
274
272
270
270
273
280
291
306
326
348
372
396
419
440
456
469
477
481
481
478
474
467
459
448
435
419
402
384
366
349
336
325
318
314
312
311
311
309
306
300
290
276
258
236
213
193
178
172
178
197
226
262
301
337
365
384
393
394
391
386
382
381
382
382
379
372
361
348
334
323
318
318
323
330
336
337
331
321
307
294
286
287
297
316
343
373
405
436
468
500
535
574
615
658
698
733
759
773
775
768
755
739
725
714
709
709
714
721
730
739
747
754
761
765
767
768
765
761
755
749
744
740
738
739
741
745
751
757
765
773
780
787
791
791
786
776
760
740
719
699
682
668
657
648
637
625
608
589
567
544
522
503
486
471
456
440
421
399
375
350
326
305
286
271
259
250
244
242
244
253
269
291
320
350
381
407
428
441
449
453
456
459
465
474
484
495
504
510
514
514
513
510
506
501
494
486
476
468
462
461
465
477
494
514
534
551
562
568
568
565
560
556
553
551
547
542
532
520
507
493
483
476
472
469
465
455
439
415
385
354
325
303
289
282
281
281
278
269
253
231
206
180
157
137
119
102
82
59
32
4
-23
-45
-59
-64
-61
-53
-44
-38
-39
-46
-58
-72
-85
-93
-95
-90
-81
-68
-55
-43
-34
-25
-18
-11
-2
6
16
26
35
43
49
55
60
64
66
67
64
57
47
33
17
1
-12
-24
-33
-41
-49
-57
-66
-76
-86
-95
-103
-108
-111
-113
-115
-117
-120
-124
-126
-125
-121
-114
-103
-91
-81
-74
-72
-75
-83
-92
-102
-110
-117
-121
-125
-129
-135
-144
-155
-166
-178
-187
-194
-198
-201
-204
-209
-217
-227
-239
-251
-262
-270
-273
-273
-268
-260
-248
-232
-212
-189
-162
-132
-100
-69
-39
-14
6
21
31
37
40
44
47
51
54
54
50
41
24
2
-23
-50
-74
-90
-97
-92
-75
-48
-14
21
57
89
117
141
165
190
219
255
296
342
389
434
474
506
531
551
568
585
602
621
639
653
659
655
640
613
579
540
503
471
448
433
428
431
439
450
462
474
484
491
494
493
486
475
460
446
435
432
437
454
479
510
542
571
594
608
616
619
620
622
627
635
644
650
651
645
631
610
586
562
541
524
513
507
503
500
496
492
487
483
480
480
480
480
477
470
458
441
422
403
387
376
371
372
378
386
394
401
406
409
409
410
409
409
408
407
404
400
394
387
381
375
371
368
367
367
367
365
362
356
349
339
328
318
307
299
292
287
283
280
276
271
265
258
249
241
236
234
237
244
257
271
286
299
309
315
317
318
318
320
326
337
354
375
400
427
456
485
513
539
562
580
594
602
605
604
601
598
596
597
601
606
610
612
611
605
596
586
578
574
575
581
591
603
616
627
637
647
657
670
687
708
730
751
769
781
786
786
783
780
780
785
794
804
813
816
812
799
778
754
730
709
695
686
680
672
659
637
606
566
523
480
442
413
393
383
377
374
371
365
358
351
347
348
354
365
377
387
389
384
369
349
327
308
296
292
296
304
310
308
295
269
230
183
133
89
55
35
29
35
50
69
87
101
110
114
115
115
116
120
127
137
149
162
176
189
200
208
212
210
204
192
175
157
139
125
115
111
113
118
125
131
133
132
127
121
117
117
122
134
151
170
189
205
216
221
222
218
211
203
193
181
166
148
127
103
79
56
37
23
15
11
11
10
7
0
-14
-33
-56
-81
-105
-127
-146
-162
-176
-189
-202
-216
-231
-245
-257
-266
-270
-270
-266
-260
-254
-250
-249
-251
-257
-263
-268
-270
-266
-257
-243
-224
-204
-184
-166
-152
-141
-135
-133
-134
-139
-148
-161
-179
-199
-221
-240
-254
-259
-255
-240
-217
-190
-164
-142
-126
-117
-112
-109
-102
-88
-67
-39
-8
20
43
56
58
52
41
29
21
19
24
34
45
55
61
62
58
53
47
42
39
36
32
23
11
-3
-18
-30
-34
-30
-17
1
20
34
40
35
20
0
