0
-38
-76
-115
-153
-192
-230
-268
-307
-345
-383
-421
-459
-496
-534
-571
-609
-646
-683
-719
-756
-792
-828
-864
-900
-935
-971
-1005
-1040
-1074
-1109
-1142
-1176
-1209
-1242
-1274
-1307
-1338
-1370
-1401
-1432
-1462
-1492
-1521
-1551
-1579
-1608
-1635
-1663
-1690
-1716
-1742
-1768
-1793
-1818
-1842
-1865
-1889
-1911
-1933
-1955
-1976
-1997
-2017
-2036
-2055
-2073
-2091
-2108
-2125
-2141
-2157
-2172
-2186
-2200
-2213
-2226
-2238
-2249
-2260
-2270
-2280
-2288
-2297
-2305
-2312
-2318
-2324
-2329
-2334
-2338
-2341
-2344
-2346
-2348
-2348
-2349
-2348
-2347
-2346
-2343
-2340
-2337
-2333
-2328
-2322
-2316
-2310
-2302
-2294
-2286
-2277
-2267
-2256
-2245
-2234
-2222
-2209
-2195
-2181
-2167
-2152
-2136
-2120
-2103
-2085
-2067
-2049
-2030
-2010
-1990
-1969
-1948
-1926
-1904
-1881
-1858
-1834
-1810
-1785
-1760
-1734
-1708
-1681
-1654
-1627
-1599
-1570
-1541
-1512
-1482
-1452
-1422
-1391
-1360
-1328
-1296
-1264
-1231
-1198
-1165
-1132
-1098
-1064
-1029
-994
-959
-924
-889
-853
-817
-781
-744
-708
-671
-634
-597
-559
-522
-484
-447
-409
-371
-333
-294
-256
-218
-180
-141
-103
-64
-26
12
50
89
127
166
204
242
281
319
357
395
433
471
508
546
583
620
657
694
731
767
804
840
876
911
947
982
1017
1051
1085
1119
1153
1186
1220
1252
1285
1317
1348
1380
1411
1441
1472
1501
1531
1560
1588
1616
1644
1671
1698
1725
1751
1776
1801
1825
1849
1873
1896
1918
1940
1962
1983
2003
2023
2042
2061
2079
2097
2114
2130
2146
2161
2176
2190
2204
2217
2229
2241
2252
2263
2273
2282
2291
2299
2307
2314
2320
2326
2331
2335
2339
2342
2345
2347
2348
2349
2349
2348
2347
2345
2342
2339
2335
2331
2326
2320
2314
2307
2300
2292
2283
2273
2264
2253
2242
2230
2218
2205
2191
2177
2162
2147
2131
2114
2097
2080
2062
2043
2024
2004
1983
1963
1941
1919
1897
1874
1850
1826
1802
1777
1752
1726
1699
1673
1645
1618
1590
1561
1532
1503
1473
1443
1412
1381
1350
1318
1286
1254
1221
1188
1155
1121
1087
1053
1018
983
948
913
877
841
805
769
733
696
659
622
585
547
510
472
434
397
359
320
282
244
206
167
129
90
52
13
-24
-63
-101
-139
-178
-216
-255
-293
-331
-369
-407
-445
-483
-520
-558
-595
-632
-669
-706
-743
-779
-815
-851
-887
-923
-958
-993
-1028
-1062
-1096
-1130
-1164
-1197
-1230
-1263
-1295
-1327
-1358
-1390
-1421
-1451
-1481
-1511
-1540
-1569
-1597
-1625
-1653
-1680
-1707
-1733
-1759
-1784
-1809
-1833
-1857
-1880
-1903
-1925
-1947
-1968
-1989
-2009
-2029
-2048
-2067
-2085
-2102
-2119
-2135
-2151
-2166
-2181
-2195
-2208
-2221
-2233
-2245
-2256
-2266
-2276
-2285
-2294
-2302
-2309
-2316
-2322
-2327
-2332
-2337
-2340
-2343
-2345
-2347
-2348
-2349
-2348
-2348
-2346
-2344
-2341
-2338
-2334
-2330
-2324
-2318
-2312
-2305
-2297
-2289
-2280
-2270
-2260
-2249
-2238
-2226
-2214
-2200
-2187
-2172
-2157
-2142
-2126
-2109
-2092
-2074
-2056
-2037
-2017
-1997
-1977
-1956
-1934
-1912
-1890
-1866
-1843
-1819
-1794
-1769
-1743
-1717
-1691
-1664
-1637
-1609
-1580
-1552
-1523
-1493
-1463
-1433
-1402
-1371
-1340
-1308
-1276
-1243
-1210
-1177
-1144
-1110
-1076
-1042
-1007
-972
-937
-901
-866
-830
-794
-757
-721
-684
-647
-610
-573
-535
-498
-460
-422
-384
-346
-308
-270
-232
-193
-155
-117
-78
-40
-1
36
75
113
152
190
228
267
305
343
381
419
457
495
532
570
607
644
681
718
754
791
827
863
898
934
969
1004
1039
1073
1107
1141
1174
1208
1240
1273
1305
1337
1368
1400
1430
1461
1491
1520
1549
1578
1606
1634
1662
1689
1715
1741
1767
1792
1817
1841
1864
1888
1910
1932
1954
1975
1996
2016
2035
2054
2072
2090
2108
2124
2140
2156
2171
2185
2199
2212
2225
2237
2248
2259
2270
2279
2288
2296
2304
2311
2318
2324
2329
2334
2338
2341
2344
2346
2348
2348
2349
2348
2347
2346
2343
2340
2337
2333
2328
2323
2316
2310
2303
2295
2286
2277
2267
2257
2246
2234
2222
2209
2196
2182
2168
2152
2137
2120
2104
2086
2068
2050
2031
2011
1991
1970
1949
1927
1905
1882
1859
1835
1811
1786
1761
1735
1709
1682
1655
1628
1600
1571
1543
1513
1484
1454
1423
1392
1361
1330
1298
1265
1233
1200
1167
1133
1099
1065
1031
996
961
926
890
854
818
782
746
709
672
635
598
561
524
486
448
410
372
334
296
258
220
181
143
104
66
27
-10
-49
-87
-126
-164
-202
-241
-279
-317
-355
-393
-431
-469
-507
-544
-581
-619
-656
-693
-729
-766
-802
-838
-874
-910
-945
-980
-1015
-1050
-1084
-1118
-1152
-1185
-1218
-1251
-1283
-1315
-1347
-1378
-1409
-1440
-1470
-1500
-1529
-1558
-1587
-1615
-1643
-1670
-1697
-1723
-1749
-1775
-1800
-1824
-1848
-1872
-1895
-1917
-1939
-1961
-1982
-2002
-2022
-2041
-2060
-2078
-2096
-2113
-2130
-2145
-2161
-2176
-2190
-2203
-2216
-2229
-2241
-2252
-2263
-2273
-2282
-2291
-2299
-2307
-2314
-2320
-2326
-2331
-2335
-2339
-2342
-2345
-2347
-2348
-2349
-2349
-2348
-2347
-2345
-2342
-2339
-2336
-2331
-2326
-2321
-2314
-2308
-2300
-2292
-2283
-2274
-2264
-2253
-2242
-2231
-2218
-2205
-2192
-2178
-2163
-2148
-2132
-2115
-2098
-2081
-2062
-2044
-2025
-2005
-1984
-1964
-1942
-1920
-1898
-1875
-1851
-1828
-1803
-1778
-1753
-1727
-1701
-1674
-1647
-1619
-1591
-1562
-1533
-1504
-1474
-1444
-1413
-1383
-1351
-1320
-1288
-1255
-1222
-1189
-1156
-1122
-1088
-1054
-1020
-985
-950
-914
-879
-843
-807
-771
-734
-697
-661
-624
-586
-549
-512
-474
-436
-398
-360
-322
-284
-246
-207
-169
-131
-92
-54
-15
22
61
99
138
176
215
253
291
329
367
405
443
481
519
556
593
631
668
704
741
777
814
850
885
921
956
991
1026
1061
1095
1129
1162
1196
1229
1261
1294
1325
1357
1388
1419
1450
1480
1509
1539
1568
1596
1624
1652
1679
1706
1732
1758
1783
1808
1832
1856
1879
1902
1924
1946
1967
1988
2008
2028
2047
2066
2084
2101
2118
2135
2150
2166
2180
2194
2208
2221
2233
2244
2255
2266
2276
2285
2294
2302
2309
2316
2322
2327
2332
2336
2340
2343
2345
2347
2348
2349
2349
2348
2346
2344
2342
2338
2334
2330
2325
2319
2312
2305
2298
2289
2280
2271
2261
2250
2239
2227
2214
2201
2187
2173
2158
2143
2126
2110
2093
2075
2057
2038
2018
1998
1978
1957
1935
1913
1891
1867
1844
1820
1795
1770
1745
1719
1692
1665
1638
1610
1582
1553
1524
1494
1465
1434
1404
1373
1341
1309
1277
1245
1212
1179
1145
1112
1078
1043
1009
974
938
903
867
831
795
759
722
686
649
612
575
537
500
462
424
386
348
310
272
234
195
157
118
80
41
3
-35
-73
-112
-150
-188
-227
-265
-303
-341
-379
-417
-455
-493
-531
-568
-605
-642
-679
-716
-753
-789
-825
-861
-897
-932
-967
-1002
-1037
-1071
-1106
-1139
-1173
-1206
-1239
-1272
-1304
-1336
-1367
-1398
-1429
-1459
-1489
-1519
-1548
-1577
-1605
-1633
-1660
-1687
-1714
-1740
-1766
-1791
-1815
-1840
-1863
-1887
-1909
-1931
-1953
-1974
-1995
-2015
-2034
-2053
-2072
-2090
-2107
-2124
-2140
-2155
-2170
-2185
-2199
-2212
-2224
-2237
-2248
-2259
-2269
-2279
-2288
-2296
-2304
-2311
-2318
-2324
-2329
-2334
-2338
-2341
-2344
-2346
-2348
-2348
-2349
-2348
-2347
-2346
-2343
-2341
-2337
-2333
-2328
-2323
-2317
-2310
-2303
-2295
-2286
-2277
-2268
-2257
-2246
-2235
-2223
-2210
-2197
-2183
-2168
-2153
-2137
-2121
-2104
-2087
-2069
-2051
-2032
-2012
-1992
-1971
-1950
-1928
-1906
-1883
-1860
-1836
-1812
-1787
-1762
-1736
-1710
-1684
-1657
-1629
-1601
-1573
-1544
-1515
-1485
-1455
-1425
-1394
-1363
-1331
-1299
-1267
-1234
-1201
-1168
-1135
-1101
-1067
-1032
-997
-962
-927
-892
-856
-820
-784
-747
-711
-674
-637
-600
-563
-525
-488
-450
-412
-374
-336
-298
-260
-221
-183
-145
-106
-68
-29
8
47
85
124
162
201
239
277
315
354
392
429
467
505
542
580
617
654
691
728
764
801
837
872
908
943
979
1013
1048
1082
1116
1150
1184
1217
1249
1282
1314
1346
1377
1408
1439
1469
1499
1528
1557
1586
1614
1642
1669
1696
1722
1748
1774
1799
1823
1847
1871
1894
1916
1938
1960
1981
2001
2021
2040
2059
2077
2095
2112
2129
2145
2160
2175
2189
2203
2216
2228
2240
2252
2262
2272
2282
2290
2299
2306
2313
2320
2325
2330
2335
2339
2342
2345
2347
2348
2349
2349
2348
2347
2345
2343
2340
2336
2331
2327
2321
2315
2308
2300
2292
2284
2274
2264
2254
2243
2231
2219
2206
2192
2178
2163
2148
2132
2116
2099
2081
2063
2045
2025
2006
1985
1964
1943
1921
1899
1876
1852
1829
1804
1779
1754
1728
1702
1675
1648
1620
1592
1564
1535
1505
1475
1445
1415
1384
1353
1321
1289
1257
1224
1191
1158
1124
1090
1056
1021
986
951
916
880
845
808
772
736
699
662
625
588
551
513
476
438
400
362
324
286
247
209
171
132
94
55
17
-21
-59
-98
-136
-175
-213
-251
-289
-328
-366
-404
-442
-479
-517
-554
-592
-629
-666
-703
-739
-776
-812
-848
-884
-919
-955
-990
-1025
-1059
-1093
-1127
-1161
-1194
-1227
-1260
-1292
-1324
-1356
-1387
-1418
-1448
-1478
-1508
-1537
-1566
-1595
-1623
-1650
-1678
-1704
-1731
-1756
-1782
-1807
-1831
-1855
-1878
-1901
-1923
-1945
-1967
-1987
-2008
-2027
-2046
-2065
-2083
-2101
-2118
-2134
-2150
-2165
-2180
-2194
-2207
-2220
-2232
-2244
-2255
-2265
-2275
-2285
-2293
-2301
-2309
-2315
-2321
-2327
-2332
-2336
-2340
-2343
-2345
-2347
-2348
-2349
-2349
-2348
-2346
-2344
-2342
-2338
-2334
-2330
-2325
-2319
-2313
-2306
-2298
-2290
-2281
-2271
-2261
-2250
-2239
-2227
-2215
-2202
-2188
-2174
-2159
-2143
-2127
-2111
-2093
-2076
-2057
-2039
-2019
-1999
-1979
-1958
-1936
-1914
-1892
-1868
-1845
-1821
-1796
-1771
-1746
-1720
-1693
-1666
-1639
-1611
-1583
-1554
-1525
-1496
-1466
-1436
-1405
-1374
-1343
-1311
-1279
-1246
-1213
-1180
-1147
-1113
-1079
-1045
-1010
-975
-940
-905
-869
-833
-797
-761
-724
-687
-650
-613
-576
-539
-501
-464
-426
-388
-350
-312
-273
-235
-197
-158
-120
-82
-43
-5
33
71
110
148
187
225
263
302
340
378
416
454
491
529
566
604
641
678
714
751
787
824
860
895
931
966
1001
1036
1070
1104
1138
1171
1205
1238
1270
1302
1334
1366
1397
1428
1458
1488
1518
1547
1575
1604
1632
1659
1686
1713
1739
1765
1790
1814
1839
1862
1886
1908
1930
1952
1973
1994
2014
2033
2052
2071
2089
2106
2123
2139
2155
2170
2184
2198
2211
2224
2236
2248
2258
2269
2278
2287
2296
2304
2311
2317
2323
2329
2333
2337
2341
2344
2346
2347
2348
2349
2348
2347
2346
2344
2341
2337
2333
2328
2323
2317
2310
2303
2295
2287
2278
2268
2258
2247
2235
2223
2211
2197
2183
2169
2154
2138
2122
2105
2088
2070
2051
2032
2013
1993
1972
1951
1929
1907
1884
1861
1837
1813
1788
1763
1737
1711
1685
1658
1630
1602
1574
1545
1516
1486
1456
1426
1395
1364
1332
1301
1268
1236
1203
1170
1136
1102
1068
1034
999
964
929
893
858
822
785
749
712
676
639
602
564
527
489
451
414
376
338
300
261
223
185
146
108
69
31
-7
-45
-84
-122
-161
-199
-237
-276
-314
-352
-390
-428
-466
-503
-541
-578
-615
-653
-689
-726
-763
-799
-835
-871
-907
-942
-977
-1012
-1047
-1081
-1115
-1149
-1182
-1215
-1248
-1280
-1313
-1344
-1376
-1407
-1437
-1468
-1497
-1527
-1556
-1585
-1613
-1641
-1668
-1695
-1721
-1747
-1773
-1798
-1822
-1846
-1870
-1893
-1915
-1937
-1959
-1980
-2000
-2020
-2040
-2058
-2077
-2094
-2111
-2128
-2144
-2160
-2174
-2189
-2202
-2215
-2228
-2240
-2251
-2262
-2272
-2281
-2290
-2298
-2306
-2313
-2319
-2325
-2330
-2335
-2339
-2342
-2344
-2346
-2348
-2349
-2349
-2348
-2347
-2345
-2343
-2340
-2336
-2332
-2327
-2321
-2315
-2308
-2301
-2293
-2284
-2275
-2265
-2254
-2243
-2232
-2219
-2206
-2193
-2179
-2164
-2149
-2133
-2117
-2100
-2082
-2064
-2045
-2026
-2006
-1986
-1965
-1944
-1922
-1900
-1877
-1854
-1830
-1805
-1780
-1755
-1729
-1703
-1676
-1649
-1621
-1593
-1565
-1536
-1507
-1477
-1447
-1416
-1385
-1354
-1322
-1290
-1258
-1225
-1192
-1159
-1125
-1091
-1057
-1023
-988
-953
-917
-882
-846
-810
-774
-737
-701
-664
-627
-590
-552
-515
-477
-439
-402
-364
-326
-287
-249
-211
-172
-134
-96
-57
-19
19
57
96
134
173
211
250
288
326
364
402
440
478
515
553
590
627
664
701
738
774
810
846
882
918
953
988
1023
1058
1092
1126
1159
1193
1226
1258
1291
1323
1354
1386
1416
1447
1477
1507
1536
1565
1594
1622
1649
1676
1703
1729
1755
1781
1806
1830
1854
1877
1900
1922
1944
1966
1986
2007
2026
2046
2064
2082
2100
2117
2133
2149
2164
2179
2193
2207
2219
2232
2243
2255
2265
2275
2284
2293
2301
2308
2315
2321
2327
2332
2336
2340
2343
2345
2347
2348
2349
2349
2348
2346
2344
2342
2339
2335
2330
2325
2319
2313
2306
2298
2290
2281
2272
2262
2251
2240
2228
2215
2202
2188
2174
2159
2144
2128
2111
2094
2076
2058
2039
2020
2000
1980
1959
1937
1915
1893
1870
1846
1822
1797
1772
1747
1721
1694
1668
1640
1612
1584
1556
1527
1497
1467
1437
1406
1375
1344
1312
1280
1248
1215
1182
1148
1115
1081
1046
1012
977
942
906
871
835
799
762
726
689
652
615
578
540
503
465
427
389
351
313
275
237
199
160
122
83
45
6
-31
-70
-108
-147
-185
-223
-262
-300
-338
-376
-414
-452
-490
-527
-565
-602
-639
-676
-713
-749
-786
-822
-858
-894
-929
-964
-999
-1034
-1068
-1103
-1136
-1170
-1203
-1236
-1269
-1301
-1333
-1364
-1395
-1426
-1457
-1487
-1516
-1545
-1574
-1603
-1631
-1658
-1685
-1712
-1738
-1763
-1789
-1813
-1838
-1861
-1885
-1907
-1929
-1951
-1972
-1993
-2013
-2033
-2052
-2070
-2088
-2105
-2122
-2138
-2154
-2169
-2184
-2197
-2211
-2223
-2236
-2247
-2258
-2268
-2278
-2287
-2295
-2303
-2310
-2317
-2323
-2328
-2333
-2337
-2341
-2344
-2346
-2347
-2348
-2349
-2348
-2347
-2346
-2344
-2341
-2337
-2333
-2329
-2323
-2317
-2311
-2304
-2296
-2287
-2278
-2269
-2258
-2247
-2236
-2224
-2211
-2198
-2184
-2170
-2154
-2139
-2123
-2106
-2089
-2071
-2052
-2033
-2014
-1994
-1973
-1952
-1930
-1908
-1885
-1862
-1838
-1814
-1789
-1764
-1739
-1713
-1686
-1659
-1631
-1604
-1575
-1546
-1517
-1488
-1458
-1427
-1396
-1365
-1334
-1302
-1270
-1237
-1204
-1171
-1138
-1104
-1070
-1035
-1000
-966
-930
-895
-859
-823
-787
-751
-714
-677
-640
-603
-566
-528
-491
-453
-415
-377
-339
-301
-263
-225
-186
-148
-109
-71
-33
5
44
82
120
159
197
236
274
312
350
388
426
464
502
539
577
614
651
688
725
761
797
833
869
905
940
976
1010
1045
1079
1113
1147
1181
1214
1247
1279
1311
1343
1374
1405
1436
1466
1496
1526
1555
1583
1612
1639
1667
1694
1720
1746
1772
1797
1821
1845
1869
1892
1914
1936
1958
1979
1999
2019
2039
2058
2076
2094
2111
2127
2143
2159
2174
2188
2202
2215
2227
2239
2251
2261
2271
2281
2290
2298
2306
2313
2319
2325
2330
2335
2338
2342
2344
2346
2348
2349
2349
2348
2347
2345
2343
2340
2336
2332
2327
2321
2315
2308
2301
2293
2284
2275
2265
2255
2244
2232
2220
2207
2193
2179
2165
2150
2134
2117
2100
2083
2065
2046
2027
2007
1987
1966
1945
1923
1901
1878
1855
1831
1806
1781
1756
1730
1704
1677
1650
1623
1595
1566
1537
1508
1478
1448
1417
1387
1355
1324
1292
1259
1227
1194
1160
1127
1093
1059
1024
989
954
919
883
848
812
775
739
702
666
629
591
554
516
479
441
403
365
327
289
251
212
174
136
97
59
20
-17
-56
-94
-133
-171
-210
-248
-286
-324
-362
-400
-438
-476
-514
-551
-588
-626
-663
-700
-736
-773
-809
-845
-881
-916
-952
-987
-1021
-1056
-1090
-1124
-1158
-1191
-1224
-1257
-1289
-1321
-1353
-1384
-1415
-1446
-1476
-1506
-1535
-1564
-1592
-1620
-1648
-1675
-1702
-1728
-1754
-1780
-1804
-1829
-1853
-1876
-1899
-1921
-1943
-1965
-1986
-2006
-2026
-2045
-2063
-2082
-2099
-2116
-2133
-2148
-2164
-2178
-2192
-2206
-2219
-2231
-2243
-2254
-2265
-2274
-2284
-2292
-2300
-2308
-2315
-2321
-2327
-2332
-2336
-2340
-2343
-2345
-2347
-2348
-2349
-2349
-2348
-2347
-2345
-2342
-2339
-2335
-2330
-2325
-2320
-2313
-2306
-2299
-2290
-2282
-2272
-2262
-2251
-2240
-2228
-2216
-2203
-2189
-2175
-2160
-2145
-2129
-2112
-2095
-2077
-2059
-2040
-2021
-2001
-1981
-1960
-1938
-1916
-1894
-1871
-1847
-1823
-1798
-1773
-1748
-1722
-1696
-1669
-1641
-1614
-1585
-1557
-1528
-1498
-1469
-1438
-1408
-1377
-1345
-1314
-1281
-1249
-1216
-1183
-1150
-1116
-1082
-1048
-1013
-978
-943
-908
-872
-836
-800
-764
-727
-691
-654
-617
-579
-542
-505
-467
-429
-391
-353
-315
-277
-239
-200
-162
-123
-85
-46
-8
30
68
107
145
183
222
260
298
336
374
412
450
488
526
563
600
637
674
711
748
784
820
856
892
928
963
998
1033
1067
1101
1135
1169
1202
1235
1267
1300
1331
1363
1394
1425
1455
1485
1515
1544
1573
1601
1629
1657
1684
1710
1737
1762
1788
1812
1837
1860
1884
1906
1928
1950
1971
1992
2012
2032
2051
2069
2087
2105
2121
2138
2153
2168
2183
2197
2210
2223
2235
2247
2257
2268
2277
2287
2295
2303
2310
2317
2323
2328
2333
2337
2341
2343
2346
2347
2348
2349
2348
2347
2346
2344
2341
2338
2334
2329
2324
2318
2311
2304
2296
2288
2279
2269
2259
2248
2236
2224
2212
2198
2185
2170
2155
2140
2123
2107
2089
2071
2053
2034
2015
1995
1974
1953
1931
1909
1886
1863
1839
1815
1791
1765
1740
1714
1687
1660
1633
1605
1576
1548
1519
1489
1459
1429
1398
1367
1335
1303
1271
1239
1206
1173
1139
1105
1071
1037
1002
967
932
896
861
825
789
752
716
679
642
605
568
530
493
455
417
379
341
303
265
226
188
150
111
73
34
-3
-42
-80
-119
-157
-196
-234
-272
-310
-349
-387
-424
-462
-500
-538
-575
-612
-649
-686
-723
-759
-796
-832
-868
-903
-939
-974
-1009
-1044
-1078
-1112
-1146
-1179
-1212
-1245
-1278
-1310
-1341
-1373
-1404
-1435
-1465
-1495
-1524
-1553
-1582
-1610
-1638
-1665
-1692
-1719
-1745
-1770
-1795
-1820
-1844
-1868
-1891
-1913
-1935
-1957
-1978
-1999
-2018
-2038
-2057
-2075
-2093
-2110
-2127
-2143
-2158
-2173
-2187
-2201
-2214
-2227
-2239
-2250
-2261
-2271
-2280
-2289
-2298
-2305
-2312
-2319
-2325
-2330
-2334
-2338
-2342
-2344
-2346
-2348
-2349
-2349
-2348
-2347
-2345
-2343
-2340
-2336
-2332
-2327
-2322
-2316
-2309
-2301
-2293
-2285
-2276
-2266
-2255
-2244
-2233
-2220
-2208
-2194
-2180
-2165
-2150
-2134
-2118
-2101
-2084
-2066
-2047
-2028
-2008
-1988
-1967
-1946
-1924
-1902
-1879
-1856
-1832
-1807
-1783
-1757
-1731
-1705
-1679
-1651
-1624
-1596
-1567
-1538
-1509
-1479
-1449
-1419
-1388
-1357
-1325
-1293
-1261
-1228
-1195
-1162
-1128
-1094
-1060
-1026
-991
-956
-921
-885
-849
-813
-777
-741
-704
-667
-630
-593
-556
-518
-481
-443
-405
-367
-329
-291
-252
-214
-176
-137
-99
-60
-22
16
54
93
131
169
208
246
284
323
361
399
437
474
512
549
587
624
661
698
735
771
807
843
879
915
950
985
1020
1055
1089
1123
1156
1190
1223
1255
1288
1320
1352
1383
1414
1444
1474
1504
1534
1563
1591
1619
1647
1674
1701
1727
1753
1778
1803
1828
1852
1875
1898
1920
1942
1964
1985
2005
2025
2044
2063
2081
2098
2115
2132
2148
2163
2178
2192
2205
2218
2231
2242
2254
2264
2274
2283
2292
2300
2308
2314
2321
2326
2331
2336
2339
2343
2345
2347
2348
2349
2349
2348
2347
2345
2342
2339
2335
2331
2326
2320
2313
2307
2299
2291
2282
2273
2263
2252
2241
2229
2216
2203
2190
2175
2161
2145
2129
2113
2096
2078
2060
2041
2022
2002
1981
1961
1939
1917
1895
1872
1848
1824
1800
1775
1749
1723
1697
1670
1643
1615
1587
1558
1529
1500
1470
1440
1409
1378
1347
1315
1283
1250
1218
1185
1151
1118
1084
1049
1015
980
945
909
874
838
802
765
729
692
655
618
581
544
506
469
431
393
355
317
279
240
202
164
125
87
48
10
-28
-66
-105
-143
-182
-220
-258
-297
-335
-373
-411
-449
-486
-524
-561
-599
-636
-673
-710
-746
-783
-819
-855
-891
-926
-961
-996
-1031
-1065
-1100
-1133
-1167
-1200
-1233
-1266
-1298
-1330
-1362
-1393
-1424
-1454
-1484
-1514
-1543
-1572
-1600
-1628
-1656
-1683
-1709
-1735
-1761
-1786
-1811
-1835
-1859
-1882
-1905
-1928
-1949
-1970
-1991
-2011
-2031
-2050
-2068
-2086
-2104
-2121
-2137
-2153
-2168
-2182
-2196
-2210
-2222
-2234
-2246
-2257
-2267
-2277
-2286
-2295
-2303
-2310
-2317
-2323
-2328
-2333
-2337
-2340
-2343
-2346
-2347
-2348
-2349
-2348
-2348
-2346
-2344
-2341
-2338
-2334
-2329
-2324
-2318
-2311
-2304
-2296
-2288
-2279
-2269
-2259
-2248
-2237
-2225
-2212
-2199
-2185
-2171
-2156
-2140
-2124
-2107
-2090
-2072
-2054
-2035
-2015
-1995
-1975
-1954
-1932
-1910
-1887
-1864
-1840
-1816
-1792
-1767
-1741
-1715
-1688
-1661
-1634
-1606
-1578
-1549
-1520
-1490
-1460
-1430
-1399
-1368
-1337
-1305
-1273
-1240
-1207
-1174
-1141
-1107
-1073
-1038
-1004
-969
-933
-898
-862
-826
-790
-754
-717
-681
-644
-606
-569
-532
-494
-456
-419
-381
-343
-305
-266
-228
-190
-151
-113
-74
-36
2
40
79
117
156
194
232
271
309
347
385
423
461
498
536
573
611
648
685
721
758
794
830
866
902
937
972
1007
1042
1076
1110
1144
1178
1211
1244
1276
1308
1340
1372
1403
1433
1464
1494
1523
1552
1581
1609
1637
1664
1691
1718
1744
1769
1794
1819
1843
1867
1890
1912
1935
1956
1977
1998
2018
2037
2056
2074
2092
2109
2126
2142
2158
2172
2187
2201
2214
2226
2238
2250
2260
2270
2280
2289
2297
2305
2312
2319
2324
2330
2334
2338
2341
2344
2346
2348
2348
2349
2348
2347
2345
2343
2340
2337
2332
2327
2322
2316
2309
2302
2294
2285
2276
2266
2256
2245
2233
2221
2208
2195
2181
2166
2151
2135
2119
2102
2085
2066
2048
2029
2009
1989
1968
1947
1925
1903
1880
1857
1833
1808
1784
1758
1733
1706
1680
1653
1625
1597
1569
1540
1510
1481
1451
1420
1389
1358
1327
1295
1262
1230
1197
1163
1130
1096
1062
1027
992
957
922
887
851
815
779
742
706
669
632
595
557
520
482
444
407
369
331
292
254
216
177
139
101
62
24
-14
-52
-91
-129
-168
-206
-244
-283
-321
-359
-397
-435
-473
-510
-548
-585
-622
-659
-696
-733
-769
-806
-842
-878
-913
-949
-984
-1018
-1053
-1087
-1121
-1155
-1188
-1221
-1254
-1286
-1318
-1350
-1381
-1412
-1443
-1473
-1503
-1532
-1561
-1590
-1618
-1646
-1673
-1700
-1726
-1752
-1777
-1802
-1827
-1851
-1874
-1897
-1920
-1941
-1963
-1984
-2004
-2024
-2043
-2062
-2080
-2098
-2115
-2131
-2147
-2162
-2177
-2191
-2205
-2218
-2230
-2242
-2253
-2264
-2274
-2283
-2292
-2300
-2307
-2314
-2320
-2326
-2331
-2335
-2339
-2342
-2345
-2347
-2348
-2349
-2349
-2348
-2347
-2345
-2342
-2339
-2335
-2331
-2326
-2320
-2314
-2307
-2299
-2291
-2282
-2273
-2263
-2252
-2241
-2229
-2217
-2204
-2190
-2176
-2161
-2146
-2130
-2114
-2096
-2079
-2061
-2042
-2023
-2003
-1982
-1961
-1940
-1918
-1896
-1873
-1849
-1825
-1801
-1776
-1750
-1724
-1698
-1671
-1644
-1616
-1588
-1559
-1530
-1501
-1471
-1441
-1410
-1379
-1348
-1316
-1284
-1252
-1219
-1186
-1153
-1119
-1085
-1051
-1016
-981
-946
-911
-875
-839
-803
-767
-731
-694
-657
-620
-583
-545
-508
-470
-432
-394
-356
-318
-280
-242
-204
-165
-127
-88
-50
-11
26
65
103
142
180
218
257
295
333
371
409
447
485
522
560
597
634
671
708
745
781
817
853
889
924
960
995
1029
1064
1098
1132
1166
1199
1232
1264
1297
1329
1360
1391
1422
1453
1483
1512
1542
1570
1599
1627
1654
1682
1708
1734
1760
1785
1810
1834
1858
1881
1904
1927
1948
1970
1990
2010
2030
2049
2068
2086
2103
2120
2136
2152
2167
2182
2196
2209
2222
2234
2246
2257
2267
2277
2286
2294
2302
2310
2316
2322
2328
2333
2337
2340
2343
2346
2347
2348
2349
2348
2348
2346
2344
2341
2338
2334
2329
2324
2318
2312
2305
2297
2288
2279
2270
2260
2249
2237
2225
2213
2200
2186
2171
2156
2141
2125
2108
2091
2073
2055
2036
2016
1996
1976
1955
1933
1911
1888
1865
1842
1817
1793
1768
1742
1716
1689
1662
1635
1607
1579
1550
1521
1492
1462
1431
1401
1369
1338
1306
1274
1242
1209
1175
1142
1108
1074
1040
1005
970
935
900
864
828
792
755
719
682
645
608
571
533
496
458
420
382
344
306
268
230
191
153
115
76
38
0
-38
-77
-115
-154
-192
-231
-269
-307
-345
-383
-421
-459
-497
-534
-572
-609
-646
-683
-720
-756
-793
-829
-865
-900
-936
-971
-1006
-1041
-1075
-1109
-1143
-1176
-1209
-1242
-1275
-1307
-1339
-1370
-1401
-1432
-1462
-1492
-1522
-1551
-1580
-1608
-1636
-1663
-1690
-1717
-1743
-1768
-1793
-1818
-1842
-1866
-1889
-1911
-1934
-1955
-1976
-1997
-2017
-2036
-2055
-2073
-2091
-2109
-2125
-2141
-2157
-2172
-2186
-2200
-2213
-2226
-2238
-2249
-2260
-2270
-2280
-2289
-2297
-2305
-2312
-2318
-2324
-2329
-2334
-2338
-2341
-2344
-2346
-2348
-2348
-2349
-2348
-2347
-2346
-2343
-2340
-2337
-2332
-2328
-2322
-2316
-2309
-2302
-2294
-2286
-2276
-2267
-2256
-2245
-2234
-2221
-2209
-2195
-2181
-2167
-2152
-2136
-2120
-2103
-2085
-2067
-2049
-2030
-2010
-1990
-1969
-1948
-1926
-1904
-1881
-1858
-1834
-1810
-1785
-1760
-1734
-1708
-1681
-1654
-1626
-1598
-1570
-1541
-1512
-1482
-1452
-1422
-1391
-1359
-1328
-1296
-1264
-1231
-1198
-1165
-1131
-1097
-1063
-1029
-994
-959
-924
-888
-852
-816
-780
-744
-707
-670
-633
-596
-559
-521
-484
-446
-408
-370
-332
-294
-256
-218
-179
-141
-102
-64
-25
12
51
89
128
166
204
243
281
319
357
395
433
471
509
546
584
621
658
695
731
768
804
840
876
912
947
982
1017
1051
1086
1120
1153
1187
1220
1253
1285
1317
1349
1380
1411
1442
1472
1502
1531
1560
1589
1617
1644
1672
1699
1725
1751
1776
1801
1826
1850
1873
1896
1919
1940
1962
1983
2003
2023
2042
2061
2079
2097
2114
2130
2146
2162
2176
2191
2204
2217
2230
2241
2253
2263
2273
2283
2291
2299
2307
2314
2320
2326
2331
2335
2339
2342
2345
2347
2348
2349
2349
2348
2347
2345
2342
2339
2335
2331
2326
2320
2314
2307
2300
2292
2283
2273
2263
2253
2242
2230
2217
2204
2191
2177
2162
2147
2131
2114
2097
2080
2061
2043
2023
2004
1983
1962
1941
1919
1897
1874
1850
1826
1802
1777
1751
1725
1699
1672
1645
1617
1589
1561
1532
1502
1473
1442
1412
1381
1349
1318
1286
1253
1221
1188
1154
1121
1087
1052
1018
983
948
912
877
841
805
769
732
695
659
622
584
547
509
472
434
396
358
320
282
244
205
167
128
90
52
13
-24
-63
-101
-140
-178
-217
-255
-293
-331
-369
-407
-445
-483
-521
-558
-595
-633
-670
-706
-743
-779
-816
-852
-887
-923
-958
-993
-1028
-1062
-1097
-1131
-1164
-1197
-1230
-1263
-1295
-1327
-1359
-1390
-1421
-1451
-1481
-1511
-1540
-1569
-1598
-1626
-1653
-1680
-1707
-1733
-1759
-1784
-1809
-1833
-1857
-1880
-1903
-1926
-1947
-1969
-1989
-2010
-2029
-2048
-2067
-2085
-2102
-2119
-2136
-2151
-2166
-2181
-2195
-2208
-2221
-2233
-2245
-2256
-2266
-2276
-2285
-2294
-2302
-2309
-2316
-2322
-2328
-2332
-2337
-2340
-2343
-2345
-2347
-2348
-2349
-2348
-2348
-2346
-2344
-2341
-2338
-2334
-2329
-2324
-2318
-2312
-2305
-2297
-2289
-2280
-2270
-2260
-2249
-2238
-2226
-2213
-2200
-2186
-2172
-2157
-2142
-2126
-2109
-2092
-2074
-2056
-2037
-2017
-1997
-1977
-1956
-1934
-1912
-1889
-1866
-1843
-1818
-1794
-1769
-1743
-1717
-1691
-1664
-1636
-1608
-1580
-1551
-1522
-1493
-1463
-1433
-1402
-1371
-1339
-1308
-1275
-1243
-1210
-1177
-1143
-1110
-1076
-1041
-1007
-972
-937
-901
-865
-830
-793
-757
-720
-684
-647
-610
-572
-535
-497
-460
-422
-384
-346
-308
-270
-231
-193
-155
-116
-78
-39
-1
37
75
114
152
191
229
267
305
344
382
419
457
495
533
570
607
644
681
718
755
791
827
863
899
934
969
1004
1039
1073
1107
1141
1175
1208
1241
1273
1305
1337
1369
1400
1431
1461
1491
1520
1550
1578
1607
1634
1662
1689
1715
1741
1767
1792
1817
1841
1865
1888
1910
1933
1954
1975
1996
2016
2035
2054
2073
2091
2108
2124
2141
2156
2171
2186
2199
2213
2225
2237
2249
2259
2270
2279
2288
2297
2304
2311
2318
2324
2329
2334
2338
2341
2344
2346
2348
2348
2349
2348
2347
2346
2343
2340
2337
2333
2328
2322
2316
2310
2302
2295
2286
2277
2267
2257
2246
2234
2222
2209
2196
2182
2167
2152
2137
2120
2103
2086
2068
2050
2030
2011
1991
1970
1949
1927
1905
1882
1859
1835
1811
1786
1761
1735
1709
1682
1655
1627
1599
1571
1542
1513
1483
1453
1423
1392
1361
1329
1297
1265
1233
1200
1166
1133
1099
1065
1030
996
961
925
890
854
818
782
745
709
672
635
598
561
523
485
448
410
372
334
296
257
219
181
142
104
65
27
-11
-49
-87
-126
-164
-203
-241
-279
-318
-356
-394
-432
-469
-507
-545
-582
-619
-656
-693
-730
-766
-803
-839
-874
-910
-945
-981
-1015
-1050
-1084
-1118
-1152
-1185
-1218
-1251
-1284
-1316
-1347
-1379
-1410
-1440
-1471
-1500
-1530
-1559
-1587
-1616
-1643
-1671
-1697
-1724
-1750
-1775
-1800
-1825
-1849
-1872
-1895
-1918
-1940
-1961
-1982
-2002
-2022
-2041
-2060
-2078
-2096
-2113
-2130
-2146
-2161
-2176
-2190
-2204
-2217
-2229
-2241
-2252
-2263
-2273
-2282
-2291
-2299
-2307
-2314
-2320
-2326
-2331
-2335
-2339
-2342
-2345
-2347
-2348
-2349
-2349
-2348
-2347
-2345
-2342
-2339
-2336
-2331
-2326
-2321
-2314
-2307
-2300
-2292
-2283
-2274
-2264
-2253
-2242
-2230
-2218
-2205
-2192
-2177
-2163
-2147
-2131
-2115
-2098
-2080
-2062
-2044
-2024
-2005
-1984
-1963
-1942
-1920
-1898
-1875
-1851
-1827
-1803
-1778
-1752
-1727
-1700
-1674
-1646
-1619
-1590
-1562
-1533
-1504
-1474
-1444
-1413
-1382
-1351
-1319
-1287
-1255
-1222
-1189
-1156
-1122
-1088
-1054
-1019
-984
-949
-914
-878
-843
-807
-770
-734
-697
-660
-623
-586
-549
-511
-473
-436
-398
-360
-322
-284
-245
-207
-169
-130
-92
-53
-15
23
61
100
138
177
215
253
292
330
368
406
444
481
519
556
594
631
668
705
741
778
814
850
886
921
957
992
1026
1061
1095
1129
1163
1196
1229
1262
1294
1326
1357
1389
1420
1450
1480
1510
1539
1568
1596
1624
1652
1679
1706
1732
1758
1783
1808
1832
1856
1879
1902
1925
1946
1968
1988
2009
2028
2047
2066
2084
2102
2118
2135
2151
2166
2180
2194
2208
2221
2233
2245
2256
2266
2276
2285
2294
2302
2309
2316
2322
2327
2332
2336
2340
2343
2345
2347
2348
2349
2348
2348
2346
2344
2342
2338
2334
2330
2324
2319
2312
2305
2297
2289
2280
2271
2261
2250
2238
2227
2214
2201
2187
2173
2158
2142
2126
2110
2092
2075
2056
2037
2018
1998
1978
1957
1935
1913
1890
1867
1844
1820
1795
1770
1744
1718
1692
1665
1638
1610
1581
1553
1524
1494
1464
1434
1403
1372
1341
1309
1277
1244
1212
1178
1145
1111
1077
1043
1008
973
938
903
867
831
795
759
722
685
648
611
574
537
499
461
424
386
348
310
271
233
195
156
118
79
41
2
-35
-74
-112
-150
-189
-227
-265
-304
-342
-380
-418
-456
-493
-531
-568
-606
-643
-680
-716
-753
-789
-826
-861
-897
-933
-968
-1003
-1037
-1072
-1106
-1140
-1173
-1206
-1239
-1272
-1304
-1336
-1367
-1399
-1429
-1460
-1490
-1519
-1548
-1577
-1605
-1633
-1661
-1688
-1714
-1740
-1766
-1791
-1816
-1840
-1864
-1887
-1909
-1932
-1953
-1974
-1995
-2015
-2035
-2053
-2072
-2090
-2107
-2124
-2140
-2155
-2170
-2185
-2199
-2212
-2225
-2237
-2248
-2259
-2269
-2279
-2288
-2296
-2304
-2311
-2318
-2324
-2329
-2334
-2338
-2341
-2344
-2346
-2348
-2348
-2349
-2348
-2347
-2346
-2343
-2341
-2337
-2333
-2328
-2323
-2317
-2310
-2303
-2295
-2286
-2277
-2268
-2257
-2246
-2235
-2223
-2210
-2196
-2183
-2168
-2153
-2137
-2121
-2104
-2087
-2069
-2050
-2031
-2012
-1992
-1971
-1950
-1928
-1906
-1883
-1860
-1836
-1812
-1787
-1762
-1736
-1710
-1683
-1656
-1629
-1601
-1572
-1544
-1514
-1485
-1455
-1424
-1393
-1362
-1331
-1299
-1267
-1234
-1201
-1168
-1134
-1100
-1066
-1032
-997
-962
-927
-891
-856
-820
-783
-747
-710
-674
-637
-600
-562
-525
-487
-449
-412
-374
-336
-297
-259
-221
-183
-144
-106
-67
-29
9
47
86
124
163
201
239
278
316
354
392
430
468
505
543
580
617
655
691
728
765
801
837
873
909
944
979
1014
1048
1083
1117
1151
1184
1217
1250
1282
1314
1346
1377
1408
1439
1469
1499
1528
1558
1586
1614
1642
1669
1696
1723
1749
1774
1799
1824
1848
1871
1894
1917
1939
1960
1981
2001
2021
2041
2059
2078
2095
2112
2129
2145
2160
2175
2189
2203
2216
2229
2240
2252
2262
2272
2282
2291
2299
2306
2313
2320
2325
2330
2335
2339
2342
2345
2347
2348
2349
2349
2348
2347
2345
2343
2339
2336
2331
2326
2321
2315
2308
2300
2292
2284
2274
2264
2254
2243
2231
2219
2206
2192
2178
2163
2148
2132
2116
2099
2081
2063
2044
2025
2005
1985
1964
1943
1921
1899
1876
1852
1828
1804
1779
1754
1728
1701
1675
1647
1620
1592
1563
1534
1505
1475
1445
1414
1384
1352
1321
1289
1256
1224
1190
1157
1123
1090
1055
1021
986
951
916
880
844
808
772
735
699
662
625
588
550
513
475
437
399
361
323
285
247
209
170
132
93
55
16
-21
-60
-98
-137
-175
-213
-252
-290
-328
-366
-404
-442
-480
-517
-555
-592
-629
-666
-703
-740
-776
-812
-848
-884
-920
-955
-990
-1025
-1059
-1094
-1128
-1161
-1194
-1227
-1260
-1292
-1324
-1356
-1387
-1418
-1449
-1479
-1508
-1538
-1567
-1595
-1623
-1651
-1678
-1705
-1731
-1757
-1782
-1807
-1831
-1855
-1878
-1901
-1924
-1945
-1967
-1988
-2008
-2028
-2047
-2065
-2083
-2101
-2118
-2134
-2150
-2165
-2180
-2194
-2207
-2220
-2232
-2244
-2255
-2266
-2275
-2285
-2293
-2301
-2309
-2315
-2322
-2327
-2332
-2336
-2340
-2343
-2345
-2347
-2348
-2349
-2349
-2348
-2346
-2344
-2342
-2338
-2334
-2330
-2325
-2319
-2313
-2305
-2298
-2290
-2281
-2271
-2261
-2250
-2239
-2227
-2215
-2201
-2188
-2173
-2159
-2143
-2127
-2110
-2093
-2075
-2057
-2038
-2019
-1999
-1978
-1957
-1936
-1914
-1891
-1868
-1845
-1821
-1796
-1771
-1745
-1719
-1693
-1666
-1639
-1611
-1583
-1554
-1525
-1495
-1466
-1435
-1405
-1374
-1342
-1310
-1278
-1246
-1213
-1180
-1146
-1113
-1079
-1044
-1010
-975
-940
-904
-869
-833
-797
-760
-724
-687
-650
-613
-576
-538
-501
-463
-425
-387
-349
-311
-273
-235
-196
-158
-120
-81
-43
-4
33
72
110
149
187
226
264
302
340
378
416
454
492
529
567
604
641
678
715
751
788
824
860
896
931
966
1001
1036
1070
1104
1138
1172
1205
1238
1270
1303
1335
1366
1397
1428
1458
1488
1518
1547
1576
1604
1632
1660
1687
1713
1739
1765
1790
1815
1839
1863
1886
1908
1931
1952
1973
1994
2014
2034
2053
2071
2089
2106
2123
2139
2155
2170
2184
2198
2211
2224
2236
2248
2258
2269
2278
2287
2296
2304
2311
2317
2323
2329
2333
2337
2341
2344
2346
2347
2348
2349
2348
2347
2346
2344
2341
2337
2333
2328
2323
2317
2310
2303
2295
2287
2278
2268
2258
2247
2235
2223
2210
2197
2183
2169
2154
2138
2122
2105
2088
2070
2051
2032
2013
1992
1972
1951
1929
1907
1884
1861
1837
1813
1788
1763
1737
1711
1684
1657
1630
1602
1574
1545
1516
1486
1456
1426
1395
1364
1332
1300
1268
1235
1202
1169
1136
1102
1068
1033
999
964
928
893
857
821
785
749
712
675
638
601
564
526
489
451
413
375
337
299
261
223
184
146
107
69
30
-7
-46
-84
-123
-161
-199
-238
-276
-314
-352
-390
-428
-466
-504
-541
-579
-616
-653
-690
-727
-763
-799
-835
-871
-907
-942
-977
-1012
-1047
-1081
-1115
-1149
-1182
-1216
-1248
-1281
-1313
-1345
-1376
-1407
-1438
-1468
-1498
-1527
-1556
-1585
-1613
-1641
-1668
-1695
-1721
-1747
-1773
-1798
-1822
-1846
-1870
-1893
-1916
-1938
-1959
-1980
-2001
-2020
-2040
-2059
-2077
-2095
-2112
-2128
-2144
-2160
-2175
-2189
-2202
-2216
-2228
-2240
-2251
-2262
-2272
-2281
-2290
-2298
-2306
-2313
-2319
-2325
-2330
-2335
-2339
-2342
-2344
-2346
-2348
-2349
-2349
-2348
-2347
-2345
-2343
-2340
-2336
-2332
-2327
-2321
-2315
-2308
-2301
-2293
-2284
-2275
-2265
-2254
-2243
-2231
-2219
-2206
-2193
-2179
-2164
-2149
-2133
-2116
-2099
-2082
-2064
-2045
-2026
-2006
-1986
-1965
-1944
-1922
-1900
-1877
-1853
-1829
-1805
-1780
-1755
-1729
-1703
-1676
-1649
-1621
-1593
-1564
-1536
-1506
-1476
-1446
-1416
-1385
-1354
-1322
-1290
-1258
-1225
-1192
-1159
-1125
-1091
-1057
-1022
-987
-952
-917
-882
-846
-810
-773
-737
-700
-663
-626
-589
-552
-514
-477
-439
-401
-363
-325
-287
-249
-210
-172
-134
-95
-57
-18
19
58
96
135
173
212
250
288
326
364
402
440
478
516
553
591
628
665
702
738
775
811
847
883
918
954
989
1023
1058
1092
1126
1160
1193
1226
1259
1291
1323
1355
1386
1417
1447
1477
1507
1537
1565
1594
1622
1650
1677
1704
1730
1756
1781
1806
1830
1854
1877
1900
1923
1945
1966
1987
2007
2027
2046
2064
2083
2100
2117
2133
2149
2164
2179
2193
2207
2220
2232
2244
2255
2265
2275
2284
2293
2301
2308
2315
2321
2327
2332
2336
2340
2343
2345
2347
2348
2349
2349
2348
2346
2344
2342
2339
2335
2330
2325
2319
2313
2306
2298
2290
2281
2272
2261
2251
2239
2228
2215
2202
2188
2174
2159
2144
2128
2111
2094
2076
2058
2039
2020
2000
1979
1958
1937
1915
1892
1869
1846
1822
1797
1772
1747
1721
1694
1667
1640
1612
1584
1555
1526
1497
1467
1437
1406
1375
1344
1312
1280
1247
1214
1181
1148
1114
1080
1046
1011
976
941
906
870
834
798
762
725
689
652
615
577
540
502
465
427
389
351
313
275
236
198
160
121
83
44
6
-32
-70
-109
-147
-185
-224
-262
-300
-338
-377
-414
-452
-490
-528
-565
-602
-639
-676
-713
-750
-786
-822
-858
-894
-930
-965
-1000
-1034
-1069
-1103
-1137
-1170
-1204
-1236
-1269
-1301
-1333
-1365
-1396
-1427
-1457
-1487
-1517
-1546
-1575
-1603
-1631
-1658
-1685
-1712
-1738
-1764
-1789
-1814
-1838
-1862
-1885
-1907
-1930
-1951
-1973
-1993
-2013
-2033
-2052
-2070
-2088
-2106
-2122
-2139
-2154
-2169
-2184
-2198
-2211
-2224
-2236
-2247
-2258
-2268
-2278
-2287
-2296
-2303
-2311
-2317
-2323
-2328
-2333
-2337
-2341
-2344
-2346
-2347
-2348
-2349
-2348
-2347
-2346
-2344
-2341
-2337
-2333
-2329
-2323
-2317
-2311
-2303
-2296
-2287
-2278
-2268
-2258
-2247
-2236
-2224
-2211
-2198
-2184
-2169
-2154
-2139
-2122
-2106
-2088
-2070
-2052
-2033
-2013
-1993
-1973
-1952
-1930
-1908
-1885
-1862
-1838
-1814
-1789
-1764
-1738
-1712
-1686
-1659
-1631
-1603
-1575
-1546
-1517
-1487
-1457
-1427
-1396
-1365
-1333
-1302
-1269
-1237
-1204
-1171
-1137
-1103
-1069
-1035
-1000
-965
-930
-894
-859
-823
-787
-750
-714
-677
-640
-603
-565
-528
-490
-453
-415
-377
-339
-301
-263
-224
-186
-147
-109
-71
-32
5
44
82
121
159
198
236
274
313
351
389
427
464
502
540
577
614
651
688
725
761
798
834
870
905
941
976
1011
1045
1080
1114
1148
1181
1214
1247
1279
1311
1343
1375
1406
1436
1467
1496
1526
1555
1584
1612
1640
1667
1694
1720
1746
1772
1797
1821
1845
1869
1892
1915
1937
1958
1979
2000
2020
2039
2058
2076
2094
2111
2128
2144
2159
2174
2188
2202
2215
2227
2239
2251
2261
2271
2281
2290
2298
2306
2313
2319
2325
2330
2335
2338
2342
2344
2346
2348
2349
2349
2348
2347
2345
2343
2340
2336
2332
2327
2321
2315
2308
2301
2293
2284
2275
2265
2255
2244
2232
2220
2207
2193
2179
2165
2149
2134
2117
2100
2083
2065
2046
2027
2007
1987
1966
1945
1923
1901
1878
1854
1830
1806
1781
1756
1730
1704
1677
1650
1622
1594
1566
1537
1508
1478
1448
1417
1386
1355
1323
1291
1259
1226
1193
1160
1126
1093
1058
1024
989
954
919
883
847
811
775
739
702
665
628
591
554
516
478
441
403
365
327
289
250
212
174
135
97
58
20
-18
-56
-95
-133
-172
-210
-248
-286
-325
-363
-401
-439
-476
-514
-552
-589
-626
-663
-700
-737
-773
-809
-845
-881
-917
-952
-987
-1022
-1056
-1091
-1125
-1158
-1192
-1225
-1257
-1290
-1322
-1353
-1385
-1415
-1446
-1476
-1506
-1535
-1564
-1593
-1621
-1648
-1676
-1702
-1729
-1754
-1780
-1805
-1829
-1853
-1876
-1899
-1922
-1944
-1965
-1986
-2006
-2026
-2045
-2064
-2082
-2099
-2116
-2133
-2149
-2164
-2178
-2193
-2206
-2219
-2231
-2243
-2254
-2265
-2275
-2284
-2293
-2301
-2308
-2315
-2321
-2327
-2332
-2336
-2340
-2343
-2345
-2347
-2348
-2349
-2349
-2348
-2346
-2345
-2342
-2339
-2335
-2330
-2325
-2319
-2313
-2306
-2299
-2290
-2281
-2272
-2262
-2251
-2240
-2228
-2216
-2203
-2189
-2175
-2160
-2144
-2128
-2112
-2095
-2077
-2059
-2040
-2021
-2001
-1980
-1959
-1938
-1916
-1893
-1870
-1847
-1823
-1798
-1773
-1748
-1722
-1695
-1668
-1641
-1613
-1585
-1557
-1528
-1498
-1468
-1438
-1407
-1376
-1345
-1313
-1281
-1249
-1216
-1183
-1149
-1116
-1082
-1047
-1013
-978
-943
-907
-872
-836
-800
-763
-727
-690
-653
-616
-579
-542
-504
-466
-429
-391
-353
-315
-276
-238
-200
-161
-123
-85
-46
-8
30
68
107
145
184
222
260
299
337
375
413
451
488
526
563
601
638
675
712
748
785
821
857
892
928
963
998
1033
1067
1101
1135
1169
1202
1235
1268
1300
1332
1363
1394
1425
1456
1486
1515
1544
1573
1602
1630
1657
1684
1711
1737
1763
1788
1813
1837
1861
1884
1906
1929
1950
1972
1992
2012
2032
2051
2069
2087
2105
2122
2138
2153
2169
2183
2197
2210
2223
2235
2247
2258
2268
2278
2287
2295
2303
2310
2317
2323
2328
2333
2337
2341
2344
2346
2347
2348
2349
2348
2347
2346
2344
2341
2338
2333
2329
2323
2318
2311
2304
2296
2288
2279
2269
2259
2248
2236
2224
2212
2198
2184
2170
2155
2139
2123
2106
2089
2071
2053
2034
2014
1994
1974
1953
1931
1909
1886
1863
1839
1815
1790
1765
1739
1713
1687
1660
1632
1604
1576
1547
1518
1489
1459
1428
1398
1366
1335
1303
1271
1238
1205
1172
1139
1105
1071
1036
1002
967
931
896
860
824
788
752
715
678
642
604
567
530
492
454
417
379
341
302
264
226
188
149
111
72
34
-4
-42
-81
-119
-158
-196
-234
-273
-311
-349
-387
-425
-463
-500
-538
-575
-613
-650
-687
-723
-760
-796
-832
-868
-904
-939
-974
-1009
-1044
-1078
-1112
-1146
-1180
-1213
-1245
-1278
-1310
-1342
-1373
-1404
-1435
-1465
-1495
-1525
-1554
-1582
-1611
-1638
-1666
-1693
-1719
-1745
-1771
-1796
-1820
-1844
-1868
-1891
-1914
-1936
-1957
-1978
-1999
-2019
-2038
-2057
-2075
-2093
-2110
-2127
-2143
-2158
-2173
-2188
-2201
-2214
-2227
-2239
-2250
-2261
-2271
-2281
-2289
-2298
-2305
-2312
-2319
-2325
-2330
-2334
-2338
-2342
-2344
-2346
-2348
-2349
-2349
-2348
-2347
-2345
-2343
-2340
-2336
-2332
-2327
-2322
-2315
-2309
-2301
-2293
-2285
-2276
-2266
-2255
-2244
-2232
-2220
-2207
-2194
-2180
-2165
-2150
-2134
-2118
-2101
-2084
-2065
-2047
-2028
-2008
-1988
-1967
-1946
-1924
-1902
-1879
-1855
-1831
-1807
-1782
-1757
-1731
-1705
-1678
-1651
-1623
-1595
-1567
-1538
-1509
-1479
-1449
-1419
-1388
-1356
-1325
-1293
-1260
-1228
-1195
-1162
-1128
-1094
-1060
-1025
-991
-955
-920
-885
-849
-813
-777
-740
-704
-667
-630
-593
-555
-518
-480
-442
-404
-367
-328
-290
-252
-214
-175
-137
-98
-60
-22
16
54
93
131
170
208
247
285
323
361
399
437
475
512
550
587
624
661
698
735
771
808
844
880
915
950
986
1020
1055
1089
1123
1157
1190
1223
1256
1288
1320
1352
1383
1414
1445
1475
1505
1534
1563
1591
1620
1647
1674
1701
1727
1753
1779
1804
1828
1852
1875
1898
1921
1943
1964
1985
2005
2025
2044
2063
2081
2099
2116
2132
2148
2163
2178
2192
2206
2218
2231
2243
2254
2264
2274
2283
2292
2300
2308
2315
2321
2326
2331
2336
2339
2343
2345
2347
2348
2349
2349
2348
2347
2345
2342
2339
2335
2331
2325
2320
2313
2306
2299
2291
2282
2272
2262
2252
2241
2229
2216
2203
2190
2175
2160
2145
2129
2113
2096
2078
2060
2041
2021
2002
1981
1960
1939
1917
1894
1871
1848
1824
1799
1774
1749
1723
1696
1670
1642
1615
1586
1558
1529
1499
1470
1439
1409
1378
1346
1315
1283
1250
1217
1184
1151
1117
1083
1049
1014
979
944
909
873
837
801
765
729
692
655
618
581
543
506
468
430
392
354
316
278
240
201
163
125
86
48
9
-28
-67
-105
-144
-182
-220
-259
-297
-335
-373
-411
-449
-487
-524
-562
-599
-636
-673
-710
-747
-783
-819
-855
-891
-926
-962
-997
-1031
-1066
-1100
-1134
-1167
-1201
-1234
-1266
-1298
-1330
-1362
-1393
-1424
-1454
-1484
-1514
-1543
-1572
-1600
-1628
-1656
-1683
-1710
-1736
-1761
-1787
-1811
-1836
-1859
-1883
-1906
-1928
-1949
-1971
-1991
-2012
-2031
-2050
-2069
-2087
-2104
-2121
-2137
-2153
-2168
-2182
-2196
-2210
-2222
-2235
-2246
-2257
-2267
-2277
-2286
-2295
-2303
-2310
-2317
-2323
-2328
-2333
-2337
-2341
-2343
-2346
-2347
-2348
-2349
-2348
-2348
-2346
-2344
-2341
-2338
-2334
-2329
-2324
-2318
-2311
-2304
-2296
-2288
-2279
-2269
-2259
-2248
-2237
-2225
-2212
-2199
-2185
-2171
-2156
-2140
-2124
-2107
-2090
-2072
-2054
-2035
-2015
-1995
-1975
-1953
-1932
-1910
-1887
-1864
-1840
-1816
-1791
-1766
-1741
-1715
-1688
-1661
-1634
-1606
-1577
-1549
-1519
-1490
-1460
-1430
-1399
-1368
-1336
-1304
-1272
-1240
-1207
-1174
-1140
-1106
-1072
-1038
-1003
-968
-933
-898
-862
-826
-790
-753
-717
-680
-643
-606
-569
-531
-494
-456
-418
-380
-342
-304
-266
-228
-189
-151
-112
-74
-35
2
41
79
117
156
194
233
271
309
347
385
423
461
499
536
574
611
648
685
722
758
795
831
867
902
938
973
1008
1042
1077
1111
1145
1178
1211
1244
1277
1309
1340
1372
1403
1434
1464
1494
1523
1552
1581
1609
1637
1665
1692
1718
1744
1770
1795
1819
1843
1867
1890
1913
1935
1956
1977
1998
2018
2037
2056
2074
2092
2109
2126
2142
2158
2173
2187
2201
2214
2226
2238
2250
2260
2271
2280
2289
2297
2305
2312
2319
2324
2330
2334
2338
2341
2344
2346
2348
2348
2349
2348
2347
2345
2343
2340
2336
2332
2327
2322
2316
2309
2302
2294
2285
2276
2266
2256
2245
2233
2221
2208
2195
2181
2166
2151
2135
2119
2102
2084
2066
2048
2029
2009
1989
1968
1947
1925
1903
1880
1856
1833
1808
1783
1758
1732
1706
1679
1652
1625
1597
1568
1539
1510
1480
1450
1420
1389
1358
1326
1294
1262
1229
1196
1163
1129
1096
1061
1027
992
957
922
886
850
814
778
742
705
668
631
594
557
519
482
444
406
368
330
292
254
215
177
139
100
62
23
-14
-53
-91
-130
-168
-207
-245
-283
-321
-359
-397
-435
-473
-511
-548
-586
-623
-660
-697
-733
-770
-806
-842
-878
-914
-949
-984
-1019
-1053
-1088
-1122
-1155
-1189
-1222
-1254
-1287
-1319
-1351
-1382
-1413
-1443
-1474
-1503
-1533
-1562
-1590
-1618
-1646
-1673
-1700
-1726
-1752
-1778
-1803
-1827
-1851
-1874
-1897
-1920
-1942
-1963
-1984
-2004
-2024
-2043
-2062
-2080
-2098
-2115
-2131
-2147
-2162
-2177
-2191
-2205
-2218
-2230
-2242
-2253
-2264
-2274
-2283
-2292
-2300
-2307
-2314
-2321
-2326
-2331
-2336
-2339
-2342
-2345
-2347
-2348
-2349
-2349
-2348
-2347
-2345
-2342
-2339
-2335
-2331
-2326
-2320
-2314
-2307
-2299
-2291
-2282
-2273
-2263
-2252
-2241
-2229
-2217
-2204
-2190
-2176
-2161
-2146
-2130
-2113
-2096
-2079
-2060
-2042
-2022
-2003
-1982
-1961
-1940
-1918
-1895
-1872
-1849
-1825
-1800
-1775
-1750
-1724
-1698
-1671
-1644
-1616
-1588
-1559
-1530
-1501
-1471
-1441
-1410
-1379
-1348
-1316
-1284
-1252
-1219
-1186
-1152
-1119
-1085
-1050
-1016
-981
-946
-910
-875
-839
-803
-767
-730
-693
-657
-620
-582
-545
-507
-470
-432
-394
-356
-318
-280
-242
-203
-165
-126
-88
-49
-11
27
65
104
142
180
219
257
295
333
372
409
447
485
523
560
597
635
672
708
745
781
818
854
889
925
960
995
1030
1064
1099
1132
1166
1199
1232
1265
1297
1329
1361
1392
1423
1453
1483
1513
1542
1571
1599
1627
1655
1682
1708
1735
1760
1786
1810
1835
1858
1882
1905
1927
1949
1970
1990
2011
2030
2049
2068
2086
2103
2120
2136
2152
2167
2182
2196
2209
2222
2234
2246
2257
2267
2277
2286
2294
2302
2310
2316
2322
2328
2333
2337
2340
2343
2346
2347
2348
2349
2348
2348
2346
2344
2341
2338
2334
2329
2324
2318
2312
2304
2297
2288
2279
2270
2260
2249
2237
2225
2213
2199
2186
2171
2156
2141
2125
2108
2091
2073
2055
2036
2016
1996
1976
1954
1933
1911
1888
1865
1841
1817
1792
1767
1742
1716
1689
1662
1635
1607
1579
1550
1521
1491
1461
1431
1400
1369
1338
1306
1274
1241
1208
1175
1142
1108
1074
1039
1005
970
935
899
863
828
791
755
718
682
645
608
570
533
495
458
420
382
344
306
268
229
191
153
114
76
37
0
-39
-77
-116
-154
-193
-231
-269
-307
-346
-384
-422
-459
-497
-535
-572
-609
-646
-683
-720
-757
-793
-829
-865
-901
-936
-971
-1006
-1041
-1075
-1109
-1143
-1177
-1210
-1243
-1275
-1307
-1339
-1371
-1402
-1432
-1463
-1493
-1522
-1551
-1580
-1608
-1636
-1663
-1690
-1717
-1743
-1768
-1794
-1818
-1842
-1866
-1889
-1912
-1934
-1955
-1976
-1997
-2017
-2036
-2055
-2074
-2091
-2109
-2125
-2141
-2157
-2172
-2186
-2200
-2213
-2226
-2238
-2249
-2260
-2270
-2280
-2289
-2297
-2305
-2312
-2318
-2324
-2329
-2334
-2338
-2341
-2344
-2346
-2348
-2348
-2349
-2348
-2347
-2345
-2343
-2340
-2337
-2332
-2328
-2322
-2316
-2309
-2302
-2294
-2286
-2276
-2267
-2256
-2245
-2234
-2221
-2209
-2195
-2181
-2167
-2151
-2136
-2119
-2103
-2085
-2067
-2049
-2029
-2010
-1990
-1969
-1948
-1926
-1904
-1881
-1857
-1834
-1809
-1785
-1759
-1733
-1707
-1681
-1654
-1626
-1598
-1570
-1541
-1511
-1482
-1452
-1421
-1390
-1359
-1328
-1296
-1263
-1231
-1198
-1164
-1131
-1097
-1063
-1028
-994
-959
-923
-888
-852
-816
-780
-743
-707
-670
-633
-596
-559
-521
-483
-446
-408
-370
-332
-294
-255
-217
-179
-140
-102
-63
-25
13
51
90
128
166
205
243
281
320
358
396
434
471
509
547
584
621
658
695
732
768
805
841
876
912
947
982
1017
1052
1086
1120
1154
1187
1220
1253
1285
1317
1349
1380
1411
1442
1472
1502
1531
1560
1589
1617
1645
1672
1699
1725
1751
1777
1801
1826
1850
1873
1896
1919
1941
1962
1983
2003
2023
2043
2061
2079
2097
2114
2131
2146
2162
2177
2191
2204
2217
2230
2242
2253
2263
2273
2283
2291
2300
2307
2314
2320
2326
2331
2335
2339
2342
2345
2347
2348
2349
2349
2348
2347
2345
2342
2339
2335
2331
2326
2320
2314
2307
2300
2291
2283
2273
2263
2253
2242
2230
2217
2204
2191
2177
2162
2146
2131
2114
2097
2079
2061
2043
2023
2003
1983
1962
1941
1919
1896
1873
1850
1826
1801
1777
1751
1725
1699
1672
1645
1617
1589
1560
1531
1502
1472
1442
1411
1380
1349
1317
1285
1253
1220
1187
1154
1120
1086
1052
1017
982
947
912
876
841
805
768
732
695
658
621
584
547
509
471
434
396
358
320
281
243
205
166
128
90
51
13
-25
-63
-102
-140
-179
-217
-255
-294
-332
-370
-408
-446
-483
-521
-559
-596
-633
-670
-707
-743
-780
-816
-852
-888
-923
-959
-994
-1028
-1063
-1097
-1131
-1164
-1198
-1231
-1263
-1296
-1328
-1359
-1390
-1421
-1452
-1482
-1511
-1541
-1570
-1598
-1626
-1654
-1681
-1707
-1733
-1759
-1785
-1809
-1834
-1857
-1881
-1904
-1926
-1948
-1969
-1990
-2010
-2029
-2049
-2067
-2085
-2103
-2119
-2136
-2151
-2167
-2181
-2195
-2209
-2221
-2234
-2245
-2256
-2267
-2276
-2286
-2294
-2302
-2309
-2316
-2322
-2328
-2332
-2337
-2340
-2343
-2345
-2347
-2348
-2349
-2348
-2348
-2346
-2344
-2341
-2338
-2334
-2329
-2324
-2318
-2312
-2305
-2297
-2289
-2280
-2270
-2260
-2249
-2238
-2226
-2213
-2200
-2186
-2172
-2157
-2141
-2125
-2109
-2091
-2074
-2055
-2036
-2017
-1997
-1976
-1955
-1934
-1912
-1889
-1866
-1842
-1818
-1794
-1768
-1743
-1717
-1690
-1663
-1636
-1608
-1580
-1551
-1522
-1493
-1463
-1432
-1402
-1371
-1339
-1307
-1275
-1243
-1210
-1177
-1143
-1109
-1075
-1041
-1006
-971
-936
-901
-865
-829
-793
-757
-720
-683
-646
-609
-572
-535
-497
-459
-422
-384
-346
-307
-269
-231
-193
-154
-116
-77
-39
0
37
76
114
153
191
229
268
306
344
382
420
458
495
533
570
608
645
682
718
755
791
828
863
899
935
970
1005
1039
1074
1108
1142
1175
1208
1241
1274
1306
1338
1369
1400
1431
1461
1491
1521
1550
1579
1607
1635
1662
1689
1716
1742
1767
1792
1817
1841
1865
1888
1911
1933
1954
1976
1996
2016
2036
2055
2073
2091
2108
2125
2141
2156
2171
2186
2199
2213
2225
2237
2249
2260
2270
2279
2288
2297
2304
2312
2318
2324
2329
2334
2338
2341
2344
2346
2348
2348
2349
2348
2347
2346
2343
2340
2337
2333
2328
2322
2316
2310
2302
2294
2286
2277
2267
2257
2246
2234
2222
2209
2196
2182
2167
2152
2136
2120
2103
2086
2068
2049
2030
2011
1990
1970
1949
1927
1905
1882
1858
1835
1810
1786
1760
1735
1708
1682
1655
1627
1599
1571
1542
1513
1483
1453
1423
1392
1361
1329
1297
1265
1232
1199
1166
1132
1099
1064
1030
995
960
925
889
854
818
781
745
708
672
635
597
560
523
485
447
409
372
333
295
257
219
180
142
104
65
27
-11
-49
-88
-126
-165
-203
-242
-280
-318
-356
-394
-432
-470
-507
-545
-582
-620
-657
-693
-730
-767
-803
-839
-875
-910
-946
-981
-1016
-1050
-1085
-1119
-1152
-1186
-1219
-1252
-1284
-1316
-1348
-1379
-1410
-1441
-1471
-1501
-1530
-1559
-1588
-1616
-1644
-1671
-1698
-1724
-1750
-1775
-1800
-1825
-1849
-1872
-1895
-1918
-1940
-1961
-1982
-2003
-2022
-2042
-2060
-2079
-2096
-2113
-2130
-2146
-2161
-2176
-2190
-2204
-2217
-2229
-2241
-2252
-2263
-2273
-2282
-2291
-2299
-2307
-2314
-2320
-2326
-2331
-2335
-2339
-2342
-2345
-2347
-2348
-2349
-2349
-2348
-2347
-2345
-2342
-2339
-2336
-2331
-2326
-2321
-2314
-2307
-2300
-2292
-2283
-2274
-2264
-2253
-2242
-2230
-2218
-2205
-2191
-2177
-2162
-2147
-2131
-2115
-2098
-2080
-2062
-2043
-2024
-2004
-1984
-1963
-1942
-1920
-1897
-1874
-1851
-1827
-1803
-1778
-1752
-1726
-1700
-1673
-1646
-1618
-1590
-1562
-1533
-1503
-1474
-1443
-1413
-1382
-1351
-1319
-1287
-1254
-1222
-1189
-1155
-1122
-1088
-1053
-1019
-984
-949
-914
-878
-842
-806
-770
-733
-697
-660
-623
-586
-548
-511
-473
-435
-397
-359
-321
-283
-245
-207
-168
-130
-91
-53
-14
23
62
100
139
177
215
254
292
330
368
406
444
482
519
557
594
631
668
705
742
778
814
850
886
922
957
992
1027
1061
1096
1129
1163
1196
1229
1262
1294
1326
1358
1389
1420
1450
1480
1510
1539
1568
1597
1625
1652
1679
1706
1732
1758
1783
1808
1833
1856
1880
1903
1925
1947
1968
1989
2009
2029
2048
2066
2084
2102
2119
2135
2151
2166
2181
2195
2208
2221
2233
2245
2256
2266
2276
2285
2294
2302
2309
2316
2322
2327
2332
2336
2340
2343
2345
2347
2348
2349
2348
2348
2346
2344
2341
2338
2334
2330
2324
2319
2312
2305
2297
2289
2280
2271
2260
2250
2238
2226
2214
2201
2187
2173
2158
2142
2126
2109
2092
2074
2056
2037
2018
1998
1977
1956
1935
1913
1890
1867
1843
1819
1795
1770
1744
1718
1692
1665
1637
1609
1581
1552
1523
1494
1464
1434
1403
1372
1340
1309
1277
1244
1211
1178
1145
1111
1077
1042
1008
973
938
902
867
831
795
758
722
685
648
611
574
536
499
461
423
385
347
309
271
233
194
156
117
79
41
2
-35
-74
-112
-151
-189
-228
-266
-304
-342
-380
-418
-456
-494
-531
-569
-606
-643
-680
-717
-753
-790
-826
-862
-898
-933
-968
-1003
-1038
-1072
-1106
-1140
-1174
-1207
-1240
-1272
-1304
-1336
-1368
-1399
-1430
-1460
-1490
-1519
-1549
-1577
-1606
-1634
-1661
-1688
-1715
-1741
-1766
-1791
-1816
-1840
-1864
-1887
-1910
-1932
-1953
-1975
-1995
-2015
-2035
-2054
-2072
-2090
-2107
-2124
-2140
-2156
-2171
-2185
-2199
-2212
-2225
-2237
-2248
-2259
-2269
-2279
-2288
-2296
-2304
-2311
-2318
-2324
-2329
-2334
-2338
-2341
-2344
-2346
-2348
-2348
-2349
-2348
-2347
-2346
-2343
-2341
-2337
-2333
-2328
-2323
-2317
-2310
-2303
-2295
-2286
-2277
-2267
-2257
-2246
-2235
-2222
-2210
-2196
-2182
-2168
-2153
-2137
-2121
-2104
-2087
-2069
-2050
-2031
-2012
-1991
-1971
-1949
-1928
-1906
-1883
-1859
-1836
-1811
-1787
-1761
-1736
-1710
-1683
-1656
-1628
-1600
-1572
-1543
-1514
-1484
-1454
-1424
-1393
-1362
-1330
-1298
-1266
-1234
-1201
-1167
-1134
-1100
-1066
-1031
-997
-962
-926
-891
-855
-819
-783
-747
-710
-673
-636
-599
-562
-524
-487
-449
-411
-373
-335
-297
-259
-220
-182
-144
-105
-67
-28
9
48
86
125
163
201
240
278
316
354
392
430
468
506
543
581
618
655
692
729
765
801
837
873
909
944
979
1014
1049
1083
1117
1151
1184
1217
1250
1283
1315
1346
1378
1409
1439
1470
1499
1529
1558
1586
1615
1642
1670
1696
1723
1749
1774
1799
1824
1848
1871
1894
1917
1939
1960
1981
2002
2021
2041
2060
2078
2096
2113
2129
2145
2160
2175
2190
2203
2216
2229
2241
2252
2262
2272
2282
2291
2299
2306
2313
2320
2325
2331
2335
2339
2342
2345
2347
2348
2349
2349
2348
2347
2345
2343
2339
2336
2331
2326
2321
2315
2308
2300
2292
2283
2274
2264
2254
2243
2231
2218
2206
2192
2178
2163
2148
2132
2116
2099
2081
2063
2044
2025
2005
1985
1964
1943
1921
1898
1875
1852
1828
1804
1779
1753
1727
1701
1674
1647
1620
1591
1563
1534
1505
1475
1445
1414
1383
1352
1320
1288
1256
1223
1190
1157
1123
1089
1055
1020
986
950
915
880
844
808
771
735
698
661
624
587
550
512
475
437
399
361
323
285
247
208
170
131
93
54
16
-22
-60
-98
-137
-175
-214
-252
-290
-328
-367
-404
-442
-480
-518
-555
-593
-630
-667
-704
-740
-777
-813
-849
-885
-920
-955
-991
-1025
-1060
-1094
-1128
-1162
-1195
-1228
-1260
-1293
-1325
-1356
-1388
-1419
-1449
-1479
-1509
-1538
-1567
-1595
-1623
-1651
-1678
-1705
-1731
-1757
-1782
-1807
-1831
-1855
-1879
-1902
-1924
-1946
-1967
-1988
-2008
-2028
-2047
-2065
-2084
-2101
-2118
-2134
-2150
-2165
-2180
-2194
-2207
-2220
-2232
-2244
-2255
-2266
-2276
-2285
-2293
-2301
-2309
-2315
-2322
-2327
-2332
-2336
-2340
-2343
-2345
-2347
-2348
-2349
-2349
-2348
-2346
-2344
-2342
-2338
-2334
-2330
-2325
-2319
-2312
-2305
-2298
-2289
-2281
-2271
-2261
-2250
-2239
-2227
-2214
-2201
-2188
-2173
-2158
-2143
-2127
-2110
-2093
-2075
-2057
-2038
-2019
-1999
-1978
-1957
-1936
-1914
-1891
-1868
-1844
-1820
-1796
-1771
-1745
-1719
-1693
-1666
-1638
-1611
-1582
-1554
-1525
-1495
-1465
-1435
-1404
-1373
-1342
-1310
-1278
-1245
-1213
-1180
-1146
-1112
-1078
-1044
-1009
-974
-939
-904
-868
-832
-796
-760
-723
-687
-650
-613
-575
-538
-500
-463
-425
-387
-349
-311
-273
-234
-196
-158
-119
-81
-42
-4
34
72
111
149
188
226
264
302
341
379
417
454
492
530
567
604
642
678
715
752
788
824
860
896
931
967
1002
1036
1071
1105
1139
1172
1205
1238
1271
1303
1335
1366
1398
1428
1459
1489
1518
1547
1576
1604
1632
1660
1687
1713
1739
1765
1790
1815
1839
1863
1886
1909
1931
1953
1974
1994
2014
2034
2053
2071
2089
2106
2123
2139
2155
2170
2184
2198
2212
2224
2236
2248
2259
2269
2279
2288
2296
2304
2311
2318
2323
2329
2333
2338
2341
2344
2346
2347
2348
2349
2348
2347
2346
2344
2341
2337
2333
2328
2323
2317
2310
2303
2295
2287
2278
2268
2258
2247
2235
2223
2210
2197
2183
2169
2153
2138
2122
2105
2087
2069
2051
2032
2012
1992
1972
1950
1929
1906
1884
1861
1837
1813
1788
1763
1737
1711
1684
1657
1630
1602
1573
1544
1515
1486
1456
1425
1394
1363
1332
1300
1268
1235
1202
1169
1135
1101
1067
1033
998
963
928
892
857
821
785
748
712
675
638
601
563
526
488
451
413
375
337
299
260
222
184
145
107
68
30
-8
-46
-85
-123
-161
-200
-238
-276
-315
-353
-391
-429
-466
-504
-542
-579
-616
-653
-690
-727
-763
-800
-836
-872
-907
-943
-978
-1013
-1047
-1082
-1116
-1149
-1183
-1216
-1249
-1281
-1313
-1345
-1376
-1407
-1438
-1468
-1498
-1528
-1557
-1585
-1613
-1641
-1668
-1695
-1722
-1748
-1773
-1798
-1823
-1847
-1870
-1893
-1916
-1938
-1959
-1980
-2001
-2021
-2040
-2059
-2077
-2095
-2112
-2128
-2144
-2160
-2175
-2189
-2203
-2216
-2228
-2240
-2251
-2262
-2272
-2281
-2290
-2299
-2306
-2313
-2319
-2325
-2330
-2335
-2339
-2342
-2345
-2346
-2348
-2349
-2349
-2348
-2347
-2345
-2343
-2340
-2336
-2332
-2327
-2321
-2315
-2308
-2301
-2293
-2284
-2275
-2265
-2254
-2243
-2231
-2219
-2206
-2193
-2178
-2164
-2149
-2133
-2116
-2099
-2082
-2064
-2045
-2026
-2006
-1986
-1965
-1944
-1922
-1899
-1876
-1853
-1829
-1805
-1780
-1754
-1729
-1702
-1676
-1648
-1621
-1593
-1564
-1535
-1506
-1476
-1446
-1415
-1385
-1353
-1322
-1290
-1257
-1225
-1192
-1158
-1125
-1091
-1056
-1022
-987
-952
-917
-881
-845
-809
-773
-737
-700
-663
-626
-589
-552
-514
-476
-439
-401
-363
-325
-286
-248
-210
-172
-133
-95
-56
-18
20
58
97
135
174
212
250
289
327
365
403
441
478
516
554
591
628
665
702
739
775
811
847
883
919
954
989
1024
1058
1093
1126
1160
1193
1226
1259
1291
1323
1355
1386
1417
1448
1478
1508
1537
1566
1594
1622
1650
1677
1704
1730
1756
1781
1806
1830
1854
1878
1901
1923
1945
1966
1987
2007
2027
2046
2065
2083
2100
2117
2134
2149
2165
2179
2193
2207
2220
2232
2244
2255
2265
2275
2284
2293
2301
2308
2315
2321
2327
2332
2336
2340
2343
2345
2347
2348
2349
2349
2348
2346
2344
2342
2338
2335
2330
2325
2319
2313
2306
2298
2290
2281
2271
2261
2251
2239
2227
2215
2202
2188
2174
2159
2144
2128
2111
2094
2076
2058
2039
2020
2000
1979
1958
1937
1915
1892
1869
1845
1821
1797
1772
1746
1720
1694
1667
1640
1612
1584
1555
1526
1496
1467
1436
1406
1375
1343
1311
1279
1247
1214
1181
1148
1114
1080
1045
1011
976
941
905
870
834
798
761
725
688
651
614
577
540
502
464
427
389
351
313
274
236
198
159
121
82
44
5
-32
-71
-109
-147
-186
-224
-263
-301
-339
-377
-415
-453
-490
-528
-565
-603
-640
-677
-714
-750
-787
-823
-859
-894
-930
-965
-1000
-1035
-1069
-1103
-1137
-1171
-1204
-1237
-1269
-1302
-1333
-1365
-1396
-1427
-1457
-1487
-1517
-1546
-1575
-1603
-1631
-1659
-1686
-1712
-1738
-1764
-1789
-1814
-1838
-1862
-1885
-1908
-1930
-1952
-1973
-1993
-2013
-2033
-2052
-2070
-2088
-2106
-2122
-2139
-2154
-2169
-2184
-2198
-2211
-2224
-2236
-2247
-2258
-2268
-2278
-2287
-2296
-2303
-2311
-2317
-2323
-2329
-2333
-2337
-2341
-2344
-2346
-2347
-2348
-2349
-2348
-2347
-2346
-2344
-2341
-2337
-2333
-2328
-2323
-2317
-2311
-2303
-2296
-2287
-2278
-2268
-2258
-2247
-2236
-2224
-2211
-2198
-2184
-2169
-2154
-2139
-2122
-2106
-2088
-2070
-2052
-2033
-2013
-1993
-1973
-1951
-1930
-1907
-1885
-1862
-1838
-1814
-1789
-1764
-1738
-1712
-1685
-1658
-1631
-1603
-1575
-1546
-1517
-1487
-1457
-1427
-1396
-1365
-1333
-1301
-1269
-1236
-1204
-1170
-1137
-1103
-1069
-1034
-1000
-965
-930
-894
-858
-822
-786
-750
-713
-676
-639
-602
-565
-528
-490
-452
-414
-377
-338
-300
-262
-224
-185
-147
-109
-70
-32
6
44
83
121
160
198
236
275
313
351
389
427
465
502
540
577
615
652
689
725
762
798
834
870
906
941
976
1011
1046
1080
1114
1148
1181
1214
1247
1280
1312
1344
1375
1406
1437
1467
1497
1526
1555
1584
1612
1640
1667
1694
1721
1747
1772
1797
1822
1846
1869
1892
1915
1937
1958
1979
2000
2020
2039
2058
2076
2094
2111
2128
2144
2159
2174
2188
2202
2215
2228
2239
2251
2261
2272
2281
2290
2298
2306
2313
2319
2325
2330
2335
2339
2342
2344
2346
2348
2349
2349
2348
2347
2345
2343
2340
2336
2332
2327
2321
2315
2308
2301
2293
2284
2275
2265
2255
2244
2232
2220
2207
2193
2179
2164
2149
2133
2117
2100
2083
2064
2046
2027
2007
1987
1966
1945
1923
1900
1877
1854
1830
1806
1781
1756
1730
1704
1677
1650
1622
1594
1565
1537
1507
1477
1447
1417
1386
1355
1323
1291
1259
1226
1193
1160
1126
1092
1058
1023
989
954
918
883
847
811
775
738
702
665
628
591
553
516
478
440
402
364
326
288
250
212
173
135
96
58
19
-18
-57
-95
-134
-172
-210
-249
-287
-325
-363
-401
-439
-477
-514
-552
-589
-626
-663
-700
-737
-773
-810
-846
-882
-917
-952
-987
-1022
-1057
-1091
-1125
-1159
-1192
-1225
-1258
-1290
-1322
-1354
-1385
-1416
-1446
-1476
-1506
-1536
-1564
-1593
-1621
-1649
-1676
-1703
-1729
-1755
-1780
-1805
-1829
-1853
-1877
-1900
-1922
-1944
-1965
-1986
-2006
-2026
-2045
-2064
-2082
-2099
-2116
-2133
-2149
-2164
-2179
-2193
-2206
-2219
-2231
-2243
-2254
-2265
-2275
-2284
-2293
-2301
-2308
-2315
-2321
-2327
-2332
-2336
-2340
-2343
-2345
-2347
-2348
-2349
-2349
-2348
-2346
-2344
-2342
-2339
-2335
-2330
-2325
-2319
-2313
-2306
-2298
-2290
-2281
-2272
-2262
-2251
-2240
-2228
-2216
-2202
-2189
-2175
-2160
-2144
-2128
-2112
-2095
-2077
-2059
-2040
-2020
-2001
-1980
-1959
-1938
-1916
-1893
-1870
-1846
-1822
-1798
-1773
-1747
-1721
-1695
-1668
-1641
-1613
-1585
-1556
-1527
-1498
-1468
-1438
-1407
-1376
-1345
-1313
-1281
-1248
-1216
-1182
-1149
-1115
-1081
-1047
-1012
-977
-942
-907
-871
-835
-799
-763
-727
-690
-653
-616
-579
-541
-504
-466
-428
-390
-352
-314
-276
-238
-199
-161
-123
-84
-46
-7
30
69
107
146
184
223
261
299
337
375
413
451
489
526
564
601
638
675
712
749
785
821
857
893
928
964
999
1033
1068
1102
1136
1169
1202
1235
1268
1300
1332
1364
1395
1426
1456
1486
1516
1545
1574
1602
1630
1657
1684
1711
1737
1763
1788
1813
1837
1861
1884
1907
1929
1951
1972
1992
2013
2032
2051
2070
2088
2105
2122
2138
2154
2169
2183
2197
2210
2223
2235
2247
2258
2268
2278
2287
2295
2303
2310
2317
2323
2328
2333
2337
2341
2344
2346
2347
2348
2349
2348
2347
2346
2344
2341
2337
2333
2329
2323
2317
2311
2304
2296
2287
2278
2269
2258
2248
2236
2224
2211
2198
2184
2170
2155
2139
2123
2106
2089
2071
2053
2034
2014
1994
1973
1952
1931
1908
1886
1863
1839
1815
1790
1765
1739
1713
1687
1660
1632
1604
1576
1547
1518
1488
1458
1428
1397
1366
1335
1303
1270
1238
1205
1172
1138
1104
1070
1036
1001
966
931
896
860
824
788
751
715
678
641
604
567
529
492
454
416
378
340
302
264
226
187
149
110
72
33
-4
-43
-81
-120
-158
-196
-235
-273
-311
-349
-387
-425
-463
-501
-538
-576
-613
-650
-687
-724
-760
-797
-833
-869
-904
-940
-975
-1010
-1044
-1079
-1113
-1146
-1180
-1213
-1246
-1278
-1310
-1342
-1374
-1405
-1435
-1466
-1495
-1525
-1554
-1583
-1611
-1639
-1666
-1693
-1719
-1745
-1771
-1796
-1821
-1845
-1868
-1891
-1914
-1936
-1957
-1978
-1999
-2019
-2038
-2057
-2075
-2093
-2110
-2127
-2143
-2159
-2173
-2188
-2201
-2215
-2227
-2239
-2250
-2261
-2271
-2281
-2290
-2298
-2305
-2313
-2319
-2325
-2330
-2334
-2338
-2342
-2344
-2346
-2348
-2349
-2349
-2348
-2347
-2345
-2343
-2340
-2336
-2332
-2327
-2322
-2315
-2309
-2301
-2293
-2285
-2275
-2266
-2255
-2244
-2232
-2220
-2207
-2194
-2180
-2165
-2150
-2134
-2118
-2101
-2083
-2065
-2047
-2028
-2008
-1988
-1967
-1945
-1924
-1901
-1878
-1855
-1831
-1807
-1782
-1757
-1731
-1705
-1678
-1651
-1623
-1595
-1567
-1538
-1508
-1479
-1449
-1418
-1387
-1356
-1324
-1292
-1260
-1227
-1194
-1161
-1128
-1094
-1059
-1025
-990
-955
-920
-884
-848
-812
-776
-740
-703
-666
-629
-592
-555
-517
-480
-442
-404
-366
-328
-290
-252
-213
-175
-137
-98
-60
-21
16
55
93
132
170
209
247
285
323
361
399
437
475
513
550
588
625
662
699
735
772
808
844
880
916
951
986
1021
1055
1090
1123
1157
1190
1224
1256
1289
1321
1352
1384
1414
1445
1475
1505
1534
1563
1592
1620
1647
1675
1701
1728
1754
1779
1804
1828
1852
1876
1899
1921
1943
1964
1985
2005
2025
2044
2063
2081
2099
2116
2132
2148
2163
2178
2192
2206
2219
2231
2243
2254
2264
2274
2284
2292
2300
2308
2315
2321
2326
2331
2336
2339
2343
2345
2347
2348
2349
2349
2348
2347
2345
2342
2339
2335
2330
2325
2320
2313
2306
2299
2291
2282
2272
2262
2252
2240
2229
2216
2203
2189
2175
2160
2145
2129
2112
2095
2078
2059
2041
2021
2001
1981
1960
1939
1917
1894
1871
1848
1824
1799
1774
1749
1723
1696
1669
1642
1614
1586
1558
1528
1499
1469
1439
1408
1377
1346
1314
1282
1250
1217
1184
1151
1117
1083
1048
1014
979
944
909
873
837
801
765
728
691
655
617
580
543
505
468
430
392
354
316
278
239
201
163
124
86
47
9
-29
-67
-106
-144
-183
-221
-259
-297
-336
-374
-412
-449
-487
-525
-562
-600
-637
-674
-710
-747
-783
-820
-856
-891
-927
-962
-997
-1032
-1066
-1100
-1134
-1168
-1201
-1234
-1267
-1299
-1331
-1362
-1393
-1424
-1455
-1485
-1514
-1544
-1572
-1601
-1629
-1656
-1683
-1710
-1736
-1762
-1787
-1812
-1836
-1860
-1883
-1906
-1928
-1950
-1971
-1992
-2012
-2031
-2050
-2069
-2087
-2104
-2121
-2137
-2153
-2168
-2183
-2196
-2210
-2223
-2235
-2246
-2257
-2268
-2277
-2286
-2295
-2303
-2310
-2317
-2323
-2328
-2333
-2337
-2341
-2343
-2346
-2347
-2348
-2349
-2348
-2348
-2346
-2344
-2341
-2338
-2334
-2329
-2324
-2318
-2311
-2304
-2296
-2288
-2279
-2269
-2259
-2248
-2237
-2225
-2212
-2199
-2185
-2170
-2155
-2140
-2124
-2107
-2090
-2072
-2053
-2035
-2015
-1995
-1974
-1953
-1932
-1909
-1887
-1864
-1840
-1816
-1791
-1766
-1740
-1714
-1688
-1661
-1633
-1605
-1577
-1548
-1519
-1490
-1460
-1429
-1399
-1367
-1336
-1304
-1272
-1239
-1206
-1173
-1140
-1106
-1072
-1037
-1003
-968
-933
-897
-861
-826
-789
-753
-716
-680
-643
-606
-568
-531
-493
-456
-418
-380
-342
-304
-265
-227
-189
-150
-112
-74
-35
2
41
79
118
156
195
233
271
310
348
386
424
461
499
537
574
611
648
685
722
759
795
831
867
903
938
973
1008
1043
1077
1111
1145
1178
1212
1244
1277
1309
1341
1372
1403
1434
1464
1494
1524
1553
1581
1610
1638
1665
1692
1718
1744
1770
1795
1820
1844
1867
1890
1913
1935
1957
1978
1998
2018
2037
2056
2075
2092
2110
2126
2142
2158
2173
2187
2201
2214
2227
2238
2250
2261
2271
2280
2289
2297
2305
2312
2319
2324
2330
2334
2338
2342
2344
2346
2348
2348
2349
2348
2347
2345
2343
2340
2336
2332
2327
2322
2316
2309
2302
2294
2285
2276
2266
2256
2245
2233
2221
2208
2194
2180
2166
2151
2135
2118
2102
2084
2066
2047
2028
2009
1988
1968
1946
1925
1902
1879
1856
1832
1808
1783
1758
1732
1706
1679
1652
1624
1596
1568
1539
1510
1480
1450
1420
1389
1357
1326
1294
1262
1229
1196
1163
1129
1095
1061
1026
992
957
921
886
850
814
778
741
705
668
631
594
556
519
481
444
406
368
330
292
253
215
177
138
100
61
23
-15
-53
-92
-130
-169
-207
-245
-284
-322
-360
-398
-436
-473
-511
-549
-586
-623
-660
-697
-734
-770
-807
-843
-878
-914
-949
-984
-1019
-1054
-1088
-1122
-1156
-1189
-1222
-1255
-1287
-1319
-1351
-1382
-1413
-1444
-1474
-1504
-1533
-1562
-1590
-1619
-1646
-1674
-1700
-1727
-1752
-1778
-1803
-1827
-1851
-1875
-1898
-1920
-1942
-1963
-1984
-2005
-2024
-2044
-2062
-2080
-2098
-2115
-2131
-2147
-2163
-2177
-2192
-2205
-2218
-2230
-2242
-2253
-2264
-2274
-2283
-2292
-2300
-2307
-2314
-2321
-2326
-2331
-2336
-2339
-2342
-2345
-2347
-2348
-2349
-2349
-2348
-2347
-2345
-2342
-2339
-2335
-2331
-2326
-2320
-2314
-2307
-2299
-2291
-2282
-2273
-2263
-2252
-2241
-2229
-2217
-2204
-2190
-2176
-2161
-2146
-2130
-2113
-2096
-2078
-2060
-2041
-2022
-2002
-1982
-1961
-1940
-1918
-1895
-1872
-1849
-1825
-1800
-1775
-1750
-1724
-1697
-1671
-1643
-1616
-1587
-1559
-1530
-1500
-1471
-1440
-1410
-1379
-1347
-1316
-1284
-1251
-1218
-1185
-1152
-1118
-1084
-1050
-1015
-981
-945
-910
-874
-839
-803
-766
-730
-693
-656
-619
-582
-545
-507
-469
-432
-394
-356
-318
-279
-241
-203
-164
-126
-87
-49
-11
27
65
104
142
181
219
257
296
334
372
410
448
485
523
561
598
635
672
709
745
782
818
854
890
925
961
996
1030
1065
1099
1133
1166
1200
1233
1265
1297
1329
1361
1392
1423
1453
1483
1513
1542
1571
1599
1627
1655
1682
1709
1735
1761
1786
1811
1835
1859
1882
1905
1927
1949
1970
1991
2011
2030
2050
2068
2086
2103
2120
2137
2152
2167
2182
2196
2209
2222
2234
2246
2257
2267
2277
2286
2295
2302
2310
2316
2322
2328
2333
2337
2340
2343
2346
2347
2348
2349
2348
2348
2346
2344
2341
2338
2334
2329
2324
2318
2311
2304
2297
2288
2279
2270
2259
2249
2237
2225
2213
2199
2186
2171
2156
2141
2124
2108
2091
2073
2054
2035
2016
1996
1975
1954
1933
1910
1888
1865
1841
1817
1792
1767
1741
1715
1689
1662
1634
1607
1578
1550
1520
1491
1461
1431
1400
1369
1337
1305
1273
1241
1208
1175
1141
1107
1073
1039
1004
969
934
899
863
827
791
755
718
681
644
607
570
533
495
457
419
382
344
305
267
229
191
152
114
75
37
-1
-39
-78
-116
-155
-193
-231
-270
-308
-346
-384
-422
-460
-497
-535
-572
-610
-647
-684
-720
-757
-793
-830
-865
-901
-937
-972
-1007
-1041
-1076
-1110
-1143
-1177
-1210
-1243
-1275
-1308
-1339
-1371
-1402
-1433
-1463
-1493
-1522
-1551
-1580
-1608
-1636
-1664
-1691
-1717
-1743
-1769
-1794
-1818
-1843
-1866
-1889
-1912
-1934
-1956
-1977
-1997
-2017
-2037
-2056
-2074
-2092
-2109
-2126
-2142
-2157
-2172
-2186
-2200
-2213
-2226
-2238
-2249
-2260
-2270
-2280
-2289
-2297
-2305
-2312
-2318
-2324
-2329
-2334
-2338
-2341
-2344
-2346
-2348
-2348
-2349
-2348
-2347
-2345
-2343
-2340
-2337
-2332
-2328
-2322
-2316
-2309
-2302
-2294
-2285
-2276
-2266
-2256
-2245
-2233
-2221
-2208
-2195
-2181
-2166
-2151
-2136
-2119
-2102
-2085
-2067
-2048
-2029
-2010
-1989
-1969
-1947
-1926
-1903
-1880
-1857
-1833
-1809
-1784
-1759
-1733
-1707
-1680
-1653
-1626
-1598
-1569
-1540
-1511
-1481
-1451
-1421
-1390
-1359
-1327
-1295
-1263
-1230
-1197
-1164
-1131
-1097
-1062
-1028
-993
-958
-923
-887
-852
-816
-779
-743
-706
-670
-633
-595
-558
-521
-483
-445
-407
-369
-331
-293
-255
-217
-178
-140
-101
-63
-24
13
52
90
128
167
205
244
282
320
358
396
434
472
509
547
584
622
659
695
732
769
805
841
877
912
948
983
1018
1052
1087
1121
1154
1188
1221
1253
1286
1318
1349
1381
1412
1442
1473
1502
1532
1561
1589
1617
1645
1672
1699
1725
1751
1777
1802
1826
1850
1874
1897
1919
1941
1962
1983
2004
2023
2043
2061
2080
2097
2114
2131
2147
2162
2177
2191
2204
2217
2230
2242
2253
2263
2273
2283
2292
2300
2307
2314
2320
2326
2331
2335
2339
2342
2345
2347
2348
2349
2349
2348
2347
2345
2342
2339
2335
2331
2326
2320
2314
2307
2299
2291
2283
2273
2263
2253
2241
2230
2217
2204
2191
2176
2162
2146
2130
2114
2097
2079
2061
2042
2023
2003
1983
1962
1940
1919
1896
1873
1850
1826
1801
1776
1751
1725
1699
1672
1644
1617
1589
1560
1531
1502
1472
1442
1411
1380
1349
1317
1285
1253
1220
1187
1153
1120
1086
1051
1017
982
947
912
876
840
804
768
731
695
658
621
584
546
509
471
433
395
357
319
281
243
204
166
128
89
51
12
-25
-64
-102
-141
-179
-218
-256
-294
-332
-370
-408
-446
-484
-521
-559
-596
-633
-670
-707
-744
-780
-816
-852
-888
-924
-959
-994
-1029
-1063
-1097
-1131
-1165
-1198
-1231
-1264
-1296
-1328
-1359
-1391
-1422
-1452
-1482
-1512
-1541
-1570
-1598
-1626
-1654
-1681
-1708
-1734
-1760
-1785
-1810
-1834
-1858
-1881
-1904
-1926
-1948
-1969
-1990
-2010
-2030
-2049
-2067
-2085
-2103
-2120
-2136
-2152
-2167
-2181
-2195
-2209
-2221
-2234
-2245
-2256
-2267
-2276
-2286
-2294
-2302
-2309
-2316
-2322
-2328
-2332
-2337
-2340
-2343
-2346
-2347
-2348
-2349
-2348
-2348
-2346
-2344
-2341
-2338
-2334
-2329
-2324
-2318
-2312
-2305
-2297
-2289
-2280
-2270
-2260
-2249
-2238
-2226
-2213
-2200
-2186
-2172
-2157
-2141
-2125
-2109
-2091
-2073
-2055
-2036
-2017
-1997
-1976
-1955
-1934
-1911
-1889
-1866
-1842
-1818
-1793
-1768
-1743
-1717
-1690
-1663
-1636
-1608
-1580
-1551
-1522
-1492
-1462
-1432
-1401
-1370
-1339
-1307
-1275
-1242
-1209
-1176
-1143
-1109
-1075
-1041
-1006
-971
-936
-900
-865
-829
-793
-756
-720
-683
-646
-609
-572
-534
-497
-459
-421
-383
-345
-307
-269
-231
-192
-154
-115
-77
-38
0
38
76
115
153
191
230
268
306
344
382
420
458
496
533
571
608
645
682
719
755
792
828
864
900
935
970
1005
1040
1074
1108
1142
1175
1209
1242
1274
1306
1338
1369
1401
1431
1462
1492
1521
1550
1579
1607
1635
1662
1689
1716
1742
1768
1793
1817
1842
1865
1888
1911
1933
1955
1976
1996
2016
2036
2055
2073
2091
2108
2125
2141
2156
2171
2186
2200
2213
2225
2237
2249
2260
2270
2279
2288
2297
2305
2312
2318
2324
2329
2334
2338
2341
2344
2346
2348
2348
2349
2348
2347
2346
2343
2340
2337
2333
2328
2322
2316
2310
2302
2294
2286
2277
2267
2257
2246
2234
2222
2209
2196
2182
2167
2152
2136
2120
2103
2086
2068
2049
2030
2010
1990
1970
1948
1927
1904
1881
1858
1834
1810
1785
1760
1734
1708
1682
1654
1627
1599
1570
1542
1512
1483
1453
1422
1391
1360
1329
1297
1264
1232
1199
1166
1132
1098
1064
1029
995
960
924
889
853
817
781
745
708
671
634
597
560
522
485
447
409
371
333
295
257
218
180
142
103
65
26
-11
-50
-88
-127
-165
-204
-242
-280
-318
-356
-394
-432
-470
-508
-545
-583
-620
-657
-694
-731
-767
-803
-839
-875
-911
-946
-981
-1016
-1051
-1085
-1119
-1153
-1186
-1219
-1252
-1284
-1316
-1348
-1379
-1410
-1441
-1471
-1501
-1530
-1559
-1588
-1616
-1644
-1671
-1698
-1724
-1750
-1776
-1801
-1825
-1849
-1873
-1896
-1918
-1940
-1961
-1982
-2003
-2023
-2042
-2061
-2079
-2096
-2114
-2130
-2146
-2161
-2176
-2190
-2204
-2217
-2229
-2241
-2252
-2263
-2273
-2282
-2291
-2299
-2307
-2314
-2320
-2326
-2331
-2335
-2339
-2342
-2345
-2347
-2348
-2349
-2349
-2348
-2347
-2345
-2342
-2339
-2335
-2331
-2326
-2320
-2314
-2307
-2300
-2292
-2283
-2274
-2264
-2253
-2242
-2230
-2218
-2205
-2191
-2177
-2162
-2147
-2131
-2115
-2098
-2080
-2062
-2043
-2024
-2004
-1984
-1963
-1941
-1920
-1897
-1874
-1851
-1827
-1802
-1777
-1752
-1726
-1700
-1673
-1646
-1618
-1590
-1561
-1532
-1503
-1473
-1443
-1412
-1381
-1350
-1318
-1286
-1254
-1221
-1188
-1155
-1121
-1087
-1053
-1018
-984
-949
-913
-878
-842
-806
-769
-733
-696
-659
-622
-585
-548
-510
-473
-435
-397
-359
-321
-283
-244
-206
-168
-129
-91
-52
-14
24
62
101
139
177
216
254
292
331
369
407
444
482
520
557
595
632
669
706
742
779
815
851
887
922
957
992
1027
1062
1096
1130
1163
1197
1230
1262
1295
1327
1358
1389
1420
1451
1481
1510
1540
1569
1597
1625
1653
1680
1706
1733
1758
1784
1808
1833
1857
1880
1903
1925
1947
1968
1989
2009
2029
2048
2066
2085
2102
2119
2135
2151
2166
2181
2195
2208
2221
2233
2245
2256
2266
2276
2285
2294
2302
2309
2316
2322
2327
2332
2337
2340
2343
2345
2347
2348
2349
2348
2348
2346
2344
2341
2338
2334
2330
2324
2319
2312
2305
2297
2289
2280
2270
2260
2250
2238
2226
2214
2201
2187
2172
2158
2142
2126
2109
2092
2074
2056
2037
2018
1998
1977
1956
1935
1912
1890
1867
1843
1819
1794
1769
1744
1718
1691
1664
1637
1609
1581
1552
1523
1494
1464
1433
1403
1372
1340
1308
1276
1244
1211
1178
1144
1110
1076
1042
1007
972
937
902
866
830
794
758
721
685
648
611
573
536
498
461
423
385
347
309
271
232
194
156
117
79
40
2
-36
-74
-113
-151
-190
-228
-266
-305
-343
-381
-419
-456
-494
-532
-569
-606
-644
-681
-717
-754
-790
-826
-862
-898
-933
-969
-1004
-1038
-1073
-1107
-1141
-1174
-1207
-1240
-1273
-1305
-1337
-1368
-1399
-1430
-1460
-1490
-1520
-1549
-1578
-1606
-1634
-1661
-1688
-1715
-1741
-1767
-1792
-1816
-1840
-1864
-1887
-1910
-1932
-1954
-1975
-1995
-2015
-2035
-2054
-2072
-2090
-2107
-2124
-2140
-2156
-2171
-2185
-2199
-2212
-2225
-2237
-2248
-2259
-2269
-2279
-2288
-2296
-2304
-2311
-2318
-2324
-2329
-2334
-2338
-2341
-2344
-2346
-2348
-2348
-2349
-2348
-2347
-2346
-2343
-2340
-2337
-2333
-2328
-2323
-2317
-2310
-2303
-2295
-2286
-2277
-2267
-2257
-2246
-2234
-2222
-2210
-2196
-2182
-2168
-2153
-2137
-2121
-2104
-2086
-2068
-2050
-2031
-2011
-1991
-1970
-1949
-1928
-1905
-1882
-1859
-1835
-1811
-1786
-1761
-1735
-1709
-1683
-1656
-1628
-1600
-1572
-1543
-1514
-1484
-1454
-1424
-1393
-1362
-1330
-1298
-1266
-1233
-1200
-1167
-1133
-1100
-1065
-1031
-996
-961
-926
-891
-855
-819
-783
-746
-710
-673
-636
-599
-561
-524
-486
-449
-411
-373
-335
-297
-258
-220
-182
-143
-105
-66
-28
10
48
87
125
164
202
240
279
317
355
393
431
469
506
544
581
618
655
692
729
765
802
838
874
909
945
980
1015
1049
1084
1118
1151
1185
1218
1250
1283
1315
1347
1378
1409
1440
1470
1500
1529
1558
1587
1615
1643
1670
1697
1723
1749
1775
1800
1824
1848
1872
1895
1917
1939
1961
1981
2002
2022
2041
2060
2078
2096
2113
2129
2145
2161
2175
2190
2203
2216
2229
2241
2252
2263
2273
2282
2291
2299
2307
2313
2320
2326
2331
2335
2339
2342
2345
2347
2348
2349
2349
2348
2347
2345
2343
2339
2336
2331
2326
2321
2314
2308
2300
2292
2283
2274
2264
2254
2242
2231
2218
2205
2192
2178
2163
2148
2132
2115
2098
2081
2063
2044
2025
2005
1985
1964
1942
1920
1898
1875
1852
1828
1803
1778
1753
1727
1701
1674
1647
1619
1591
1563
1534
1504
1474
1444
1414
1383
1352
1320
1288
1255
1223
1190
1156
1123
1089
1055
1020
985
950
915
879
843
807
771
735
698
661
624
587
549
512
474
437
399
361
323
284
246
208
169
131
93
54
16
-22
-60
-99
-137
-176
-214
-252
-291
-329
-367
-405
-443
-481
-518
-556
-593
-630
-667
-704
-741
-777
-813
-849
-885
-921
-956
-991
-1026
-1060
-1094
-1128
-1162
-1195
-1228
-1261
-1293
-1325
-1357
-1388
-1419
-1449
-1479
-1509
-1538
-1567
-1596
-1624
-1651
-1679
-1705
-1731
-1757
-1783
-1807
-1832
-1856
-1879
-1902
-1924
-1946
-1967
-1988
-2008
-2028
-2047
-2066
-2084
-2101
-2118
-2134
-2150
-2165
-2180
-2194
-2208
-2220
-2233
-2244
-2255
-2266
-2276
-2285
-2293
-2301
-2309
-2316
-2322
-2327
-2332
-2336
-2340
-2343
-2345
-2347
-2348
-2349
-2349
-2348
-2346
-2344
-2342
-2338
-2334
-2330
-2325
-2319
-2312
-2305
-2298
-2289
-2280
-2271
-2261
-2250
-2239
-2227
-2214
-2201
-2187
-2173
-2158
-2143
-2127
-2110
-2093
-2075
-2057
-2038
-2018
-1999
-1978
-1957
-1935
-1913
-1891
-1868
-1844
-1820
-1795
-1770
-1745
-1719
-1692
-1665
-1638
-1610
-1582
-1553
-1524
-1495
-1465
-1435
-1404
-1373
-1341
-1310
-1278
-1245
-1212
-1179
-1146
-1112
-1078
-1044
-1009
-974
-939
-903
-868
-832
-796
-759
-723
-686
-649
-612
-575
-538
-500
-462
-424
-387
-349
-310
-272
-234
-196
-157
-119
-80
-42
-3
34
73
111
150
188
226
265
303
341
379
417
455
493
530
568
605
642
679
716
752
789
825
861
896
932
967
1002
1037
1071
1105
1139
1173
1206
1239
1271
1303
1335
1367
1398
1429
1459
1489
1519
1548
1576
1605
1633
1660
1687
1714
1740
1765
1791
1815
1839
1863
1886
1909
1931
1953
1974
1995
2015
2034
2053
2071
2089
2107
2123
2140
2155
2170
2185
2198
2212
2224
2236
2248
2259
2269
2279
2288
2296
2304
2311
2318
2324
2329
2334
2338
2341
2344
2346
2347
2348
2349
2348
2347
2346
2343
2341
2337
2333
2328
2323
2317
2310
2303
2295
2287
2277
2268
2257
2247
2235
2223
2210
2197
2183
2168
2153
2138
2121
2105
2087
2069
2051
2032
2012
1992
1971
1950
1928
1906
1884
1860
1837
1812
1788
1762
1737
1710
1684
1657
1629
1601
1573
1544
1515
1485
1455
1425
1394
1363
1331
1300
1267
1235
1202
1169
1135
1101
1067
1033
998
963
928
892
856
820
784
748
711
674
637
600
563
526
488
450
412
374
336
298
260
222
183
145
107
68
30
-8
-46
-85
-123
-162
-200
-239
-277
-315
-353
-391
-429
-467
-505
-542
-579
-617
-654
-691
-727
-764
-800
-836
-872
-908
-943
-978
-1013
-1048
-1082
-1116
-1150
-1183
-1216
-1249
-1281
-1314
-1345
-1377
-1408
-1438
-1469
-1498
-1528
-1557
-1585
-1614
-1641
-1669
-1696
-1722
-1748
-1773
-1798
-1823
-1847
-1871
-1894
-1916
-1938
-1960
-1981
-2001
-2021
-2040
-2059
-2077
-2095
-2112
-2129
-2145
-2160
-2175
-2189
-2203
-2216
-2228
-2240
-2251
-2262
-2272
-2282
-2290
-2299
-2306
-2313
-2320
-2325
-2330
-2335
-2339
-2342
-2345
-2347
-2348
-2349
-2349
-2348
-2347
-2345
-2343
-2340
-2336
-2332
-2327
-2321
-2315
-2308
-2300
-2292
-2284
-2274
-2265
-2254
-2243
-2231
-2219
-2206
-2192
-2178
-2164
-2148
-2133
-2116
-2099
-2082
-2063
-2045
-2026
-2006
-1986
-1965
-1943
-1921
-1899
-1876
-1853
-1829
-1804
-1780
-1754
-1728
-1702
-1675
-1648
-1620
-1592
-1564
-1535
-1506
-1476
-1446
-1415
-1384
-1353
-1321
-1289
-1257
-1224
-1191
-1158
-1124
-1090
-1056
-1021
-987
-952
-916
-881
-845
-809
-773
-736
-700
-663
-626
-588
-551
-514
-476
-438
-400
-362
-324
-286
-248
-210
-171
-133
-94
-56
-17
20
59
97
136
174
212
251
289
327
365
403
441
479
516
554
591
629
666
702
739
775
812
848
883
919
954
989
1024
1059
1093
1127
1160
1194
1227
1259
1292
1324
1355
1387
1417
1448
1478
1508
1537
1566
1595
1623
1650
1677
1704
1730
1756
1781
1806
1831
1855
1878
1901
1923
1945
1966
1987
2007
2027
2046
2065
2083
2100
2117
2134
2150
2165
2179
2193
2207
2220
2232
2244
2255
2265
2275
2284
2293
2301
2308
2315
2321
2327
2332
2336
2340
2343
2345
2347
2348
2349
2349
2348
2346
2344
2342
2338
2335
2330
2325
2319
2313
2306
2298
2290
2281
2271
2261
2251
2239
2227
2215
2202
2188
2174
2159
2143
2127
2111
2094
2076
2058
2039
2019
1999
1979
1958
1936
1914
1892
1869
1845
1821
1797
1772
1746
1720
1694
1667
1639
1612
1583
1555
1526
1496
1466
1436
1405
1374
1343
1311
1279
1247
1214
1181
1147
1113
1079
1045
1010
976
940
905
869
833
797
761
725
688
651
614
577
539
502
464
426
388
350
312
274
236
197
159
120
82
44
5
-33
-71
-109
-148
-186
-225
-263
-301
-339
-377
-415
-453
-491
-528
-566
-603
-640
-677
-714
-751
-787
-823
-859
-895
-930
-966
-1000
-1035
-1070
-1104
-1138
-1171
-1204
-1237
-1270
-1302
-1334
-1365
-1396
-1427
-1458
-1488
-1517
-1546
-1575
-1604
-1631
-1659
-1686
-1713
-1739
-1764
-1789
-1814
-1838
-1862
-1885
-1908
-1930
-1952
-1973
-1994
-2014
-2033
-2052
-2071
-2089
-2106
-2123
-2139
-2154
-2170
-2184
-2198
-2211
-2224
-2236
-2247
-2258
-2269
-2278
-2287
-2296
-2304
-2311
-2317
-2323
-2329
-2333
-2337
-2341
-2344
-2346
-2347
-2348
-2349
-2348
-2347
-2346
-2344
-2341
-2337
-2333
-2328
-2323
-2317
-2310
-2303
-2295
-2287
-2278
-2268
-2258
-2247
-2236
-2223
-2211
-2197
-2184
-2169
-2154
-2138
-2122
-2105
-2088
-2070
-2052
-2033
-2013
-1993
-1972
-1951
-1929
-1907
-1885
-1861
-1838
-1813
-1789
-1763
-1738
-1712
-1685
-1658
-1631
-1603
-1574
-1545
-1516
-1487
-1457
-1426
-1395
-1364
-1333
-1301
-1269
-1236
-1203
-1170
-1136
-1103
-1068
-1034
-999
-964
-929
-894
-858
-822
-786
-749
-713
-676
-639
-602
-565
-527
-490
-452
-414
-376
-338
-300
-262
-223
-185
-147
-108
-70
-31
6
45
83
122
160
199
237
275
313
351
389
427
465
503
540
578
615
652
689
726
762
799
835
871
906
942
977
1012
1046
1081
1115
1148
1182
1215
1248
1280
1312
1344
1375
1406
1437
1467
1497
1527
1556
1584
1612
1640
1668
1694
1721
1747
1772
1797
1822
1846
1870
1893
1915
1937
1959
1980
2000
2020
2039
2058
2076
2094
2111
2128
2144
2159
2174
2188
2202
2215
2228
2240
2251
2262
2272
2281
2290
2298
2306
2313
2319
2325
2330
2335
2339
2342
2344
2346
2348
2349
2349
2348
2347
2345
2343
2340
2336
2332
2327
2321
2315
2308
2301
2293
2284
2275
2265
2255
2243
2232
2219
2207
2193
2179
2164
2149
2133
2117
2100
2082
2064
2046
2026
2007
1986
1966
1944
1922
1900
1877
1854
1830
1806
1781
1755
1729
1703
1676
1649
1622
1594
1565
1536
1507
1477
1447
1416
1386
1354
1323
1291
1258
1226
1193
1159
1126
1092
1058
1023
988
953
918
882
846
810
774
738
701
664
627
590
553
515
478
440
402
364
326
288
250
211
173
134
96
57
19
-19
-57
-96
-134
-172
-211
-249
-287
-326
-364
-402
-439
-477
-515
-552
-590
-627
-664
-701
-737
-774
-810
-846
-882
-917
-953
-988
-1023
-1057
-1091
-1125
-1159
-1192
-1225
-1258
-1290
-1322
-1354
-1385
-1416
-1447
-1477
-1507
-1536
-1565
-1593
-1621
-1649
-1676
-1703
-1729
-1755
-1780
-1805
-1830
-1854
-1877
-1900
-1922
-1944
-1965
-1986
-2006
-2026
-2045
-2064
-2082
-2100
-2117
-2133
-2149
-2164
-2179
-2193
-2206
-2219
-2232
-2243
-2254
-2265
-2275
-2284
-2293
-2301
-2308
-2315
-2321
-2327
-2332
-2336
-2340
-2343
-2345
-2347
-2348
-2349
-2349
-2348
-2346
-2344
-2342
-2339
-2335
-2330
-2325
-2319
-2313
-2306
-2298
-2290
-2281
-2272
-2262
-2251
-2240
-2228
-2215
-2202
-2189
-2174
-2160
-2144
-2128
-2111
-2094
-2077
-2058
-2040
-2020
-2000
-1980
-1959
-1937
-1915
-1893
-1870
-1846
-1822
-1798
-1773
-1747
-1721
-1695
-1668
-1641
-1613
-1585
-1556
-1527
-1497
-1468
-1437
-1407
-1376
-1344
-1313
-1280
-1248
-1215
-1182
-1149
-1115
-1081
-1047
-1012
-977
-942
-907
-871
-835
-799
-763
-726
-689
-653
-615
-578
-541
-503
-466
-428
-390
-352
-314
-276
-237
-199
-161
-122
-84
-45
-7
31
69
108
146
185
223
261
300
338
376
414
451
489
527
564
602
639
676
712
749
785
822
858
893
929
964
999
1034
1068
1102
1136
1170
1203
1236
1268
1301
1332
1364
1395
1426
1456
1486
1516
1545
1574
1602
1630
1658
1685
1711
1737
1763
1788
1813
1837
1861
1884
1907
1929
1951
1972
1993
2013
2032
2051
2070
2088
2105
2122
2138
2154
2169
2183
2197
2211
2223
2235
2247
2258
2268
2278
2287
2295
2303
2310
2317
2323
2328
2333
2337
2341
2344
2346
2347
2348
2349
2348
2347
2346
2344
2341
2337
2333
2329
2323
2317
2311
2304
2296
2287
2278
2269
2258
2248
2236
2224
2211
2198
2184
2170
2155
2139
2123
2106
2089
2071
2052
2033
2014
1994
1973
1952
1930
1908
1886
1862
1839
1814
1790
1765
1739
1713
1686
1659
1632
1604
1575
1547
1518
1488
1458
1428
1397
1366
1334
1302
1270
1238
1205
1171
1138
1104
1070
1036
1001
966
931
895
860
824
787
751
714
678
641
604
566
529
491
454
416
378
340
302
263
225
187
148
110
71
33
-5
-43
-82
-120
-158
-197
-235
-273
-312
-350
-388
-426
-464
-501
-539
-576
-613
-650
-687
-724
-761
-797
-833
-869
-905
-940
-975
-1010
-1045
-1079
-1113
-1147
-1180
-1213
-1246
-1279
-1311
-1343
-1374
-1405
-1436
-1466
-1496
-1525
-1554
-1583
-1611
-1639
-1666
-1693
-1720
-1746
-1771
-1796
-1821
-1845
-1868
-1892
-1914
-1936
-1958
-1979
-1999
-2019
-2039
-2057
-2076
-2093
-2111
-2127
-2143
-2159
-2174
-2188
-2202
-2215
-2227
-2239
-2250
-2261
-2271
-2281
-2290
-2298
-2306
-2313
-2319
-2325
-2330
-2334
-2338
-2342
-2344
-2346
-2348
-2349
-2349
-2348
-2347
-2345
-2343
-2340
-2336
-2332
-2327
-2321
-2315
-2309
-2301
-2293
-2285
-2275
-2265
-2255
-2244
-2232
-2220
-2207
-2194
-2180
-2165
-2150
-2134
-2118
-2101
-2083
-2065
-2046
-2027
-2008
-1987
-1967
-1945
-1923
-1901
-1878
-1855
-1831
-1807
-1782
-1756
-1731
-1704
-1678
-1650
-1623
-1595
-1566
-1537
-1508
-1478
-1448
-1418
-1387
-1356
-1324
-1292
-1260
-1227
-1194
-1161
-1127
-1093
-1059
-1025
-990
-955
-919
-884
-848
-812
-776
-739
-703
-666
-629
-592
-554
-517
-479
-442
-404
-366
-328
-289
-251
-213
-175
-136
-98
-59
-21
17
55
94
132
171
209
247
286
324
362
400
438
476
513
551
588
625
662
699
736
772
808
845
880
916
951
986
1021
1056
1090
1124
1158
1191
1224
1257
1289
1321
1353
1384
1415
1445
1475
1505
1535
1564
1592
1620
1648
1675
1702
1728
1754
1779
1804
1829
1852
1876
1899
1921
1943
1964
1985
2006
2025
2045
2063
2081
2099
2116
2132
2148
2163
2178
2192
2206
2219
2231
2243
2254
2264
2274
2284
2292
2300
2308
2315
2321
2327
2331
2336
2340
2343
2345
2347
2348
2349
2349
2348
2347
2345
2342
2339
2335
2330
2325
2320
2313
2306
2299
2290
2282
2272
2262
2252
2240
2228
2216
2203
2189
2175
2160
2145
2129
2112
2095
2077
2059
2040
2021
2001
1981
1960
1938
1916
1894
1871
1847
1823
1799
1774
1748
1722
1696
1669
1642
1614
1586
1557
1528
1499
1469
1439
1408
1377
1346
1314
1282
1249
1217
1184
1150
1116
1082
1048
1013
979
943
908
872
837
801
764
728
691
654
617
580
542
505
467
429
392
354
315
277
239
201
162
124
85
47
8
-29
-68
-106
-145
-183
-221
-260
-298
-336
-374
-412
-450
-488
-525
-563
-600
-637
-674
-711
-747
-784
-820
-856
-892
-927
-962
-997
-1032
-1067
-1101
-1135
-1168
-1201
-1234
-1267
-1299
-1331
-1363
-1394
-1425
-1455
-1485
-1515
-1544
-1573
-1601
-1629
-1657
-1684
-1710
-1736
-1762
-1787
-1812
-1836
-1860
-1883
-1906
-1928
-1950
-1971
-1992
-2012
-2032
-2051
-2069
-2087
-2104
-2121
-2137
-2153
-2168
-2183
-2197
-2210
-2223
-2235
-2246
-2257
-2268
-2277
-2286
-2295
-2303
-2310
-2317
-2323
-2328
-2333
-2337
-2341
-2343
-2346
-2347
-2348
-2349
-2348
-2348
-2346
-2344
-2341
-2338
-2334
-2329
-2324
-2318
-2311
-2304
-2296
-2288
-2279
-2269
-2259
-2248
-2237
-2224
-2212
-2199
-2185
-2170
-2155
-2140
-2124
-2107
-2090
-2072
-2053
-2034
-2015
-1995
-1974
-1953
-1931
-1909
-1887
-1863
-1840
-1815
-1791
-1766
-1740
-1714
-1687
-1660
-1633
-1605
-1577
-1548
-1519
-1489
-1459
-1429
-1398
-1367
-1336
-1304
-1272
-1239
-1206
-1173
-1139
-1106
-1071
-1037
-1002
-967
-932
-897
-861
-825
-789
-753
-716
-679
-642
-605
-568
-531
-493
-455
-417
-379
-341
-303
-265
-227
-188
-150
-112
-73
-35
3
41
80
118
157
195
234
272
310
348
386
424
462
500
537
575
612
649
686
722
759
795
831
867
903
938
974
1009
1043
1078
1112
1145
1179
1212
1245
1277
1309
1341
1373
1404
1434
1465
1494
1524
1553
1582
1610
1638
1665
1692
1719
1745
1770
1795
1820
1844
1867
1891
1913
1935
1957
1978
1998
2018
2038
2057
2075
2093
2110
2126
2143
2158
2173
2187
2201
2214
2227
2239
2250
2261
2271
2280
2289
2298
2305
2312
2319
2325
2330
2334
2338
2342
2344
2346
2348
2349
2349
2348
2347
2345
2343
2340
2336
2332
2327
2322
2316
2309
2302
2294
2285
2276
2266
2255
2244
2233
2221
2208
2194
2180
2166
2150
2135
2118
2101
2084
2066
2047
2028
2008
1988
1967
1946
1924
1902
1879
1856
1832
1808
1783
1758
1732
1706
1679
1652
1624
1596
1568
1539
1509
1480
1450
1419
1388
1357
1325
1294
1261
1229
1196
1162
1129
1095
1061
1026
991
956
921
885
850
814
777
741
704
668
631
593
556
519
481
443
405
367
329
291
253
215
176
138
99
61
22
-15
-54
-92
-131
-169
-207
-246
-284
-322
-360
-398
-436
-474
-512
-549
-586
-624
-661
-697
-734
-771
-807
-843
-879
-914
-950
-985
-1020
-1054
-1088
-1122
-1156
-1189
-1222
-1255
-1288
-1320
-1351
-1383
-1413
-1444
-1474
-1504
-1533
-1562
-1591
-1619
-1647
-1674
-1701
-1727
-1753
-1778
-1803
-1828
-1851
-1875
-1898
-1920
-1942
-1964
-1984
-2005
-2025
-2044
-2062
-2081
-2098
-2115
-2132
-2148
-2163
-2178
-2192
-2205
-2218
-2231
-2242
-2253
-2264
-2274
-2283
-2292
-2300
-2308
-2314
-2321
-2326
-2331
-2336
-2339
-2342
-2345
-2347
-2348
-2349
-2349
-2348
-2347
-2345
-2342
-2339
-2335
-2331
-2326
-2320
-2314
-2307
-2299
-2291
-2282
-2273
-2263
-2252
-2241
-2229
-2216
-2203
-2190
-2176
-2161
-2145
-2130
-2113
-2096
-2078
-2060
-2041
-2022
-2002
-1982
-1961
-1939
-1917
-1895
-1872
-1848
-1824
-1800
-1775
-1749
-1723
-1697
-1670
-1643
-1615
-1587
-1558
-1529
-1500
-1470
-1440
-1409
-1378
-1347
-1315
-1283
-1251
-1218
-1185
-1152
-1118
-1084
-1050
-1015
-980
-945
-910
-874
-838
-802
-766
-729
-693
-656
-619
-581
-544
-507
-469
-431
-393
-355
-317
-279
-241
-202
-164
-126
-87
-49
-10
27
66
104
143
181
220
258
296
334
372
410
448
486
524
561
598
635
672
709
746
782
818
854
890
926
961
996
1031
1065
1099
1133
1167
1200
1233
1265
1298
1330
1361
1392
1423
1454
1484
1513
1543
1571
1600
1628
1655
1682
1709
1735
1761
1786
1811
1835
1859
1882
1905
1927
1949
1970
1991
2011
2031
2050
2068
2086
2104
2120
2137
2152
2168
2182
2196
2209
2222
2234
2246
2257
2267
2277
2286
2295
2303
2310
2316
2323
2328
2333
2337
2340
2343
2346
2347
2348
2349
2348
2348
2346
2344
2341
2338
2334
2329
2324
2318
2311
2304
2296
2288
2279
2270
2259
2248
2237
2225
2212
2199
2185
2171
2156
2140
2124
2108
2090
2072
2054
2035
2016
1996
1975
1954
1932
1910
1888
1864
1841
1817
1792
1767
1741
1715
1689
1662
1634
1606
1578
1549
1520
1491
1461
1430
1400
1368
1337
1305
1273
1240
1208
1174
1141
1107
1073
1039
1004
969
934
898
863
827
791
754
718
681
644
607
570
532
495
457
419
381
343
305
267
228
190
152
113
75
36
-1
-40
-78
-117
-155
-193
-232
-270
-308
-346
-384
-422
-460
-498
-535
-573
-610
-647
-684
-721
-757
-794
-830
-866
-901
-937
-972
-1007
-1042
-1076
-1110
-1144
-1177
-1210
-1243
-1276
-1308
-1340
-1371
-1402
-1433
-1463
-1493
-1523
-1552
-1580
-1609
-1637
-1664
-1691
-1717
-1743
-1769
-1794
-1819
-1843
-1866
-1890
-1912
-1934
-1956
-1977
-1997
-2017
-2037
-2056
-2074
-2092
-2109
-2126
-2142
-2157
-2172
-2187
-2200
-2214
-2226
-2238
-2249
-2260
-2270
-2280
-2289
-2297
-2305
-2312
-2318
-2324
-2330
-2334
-2338
-2341
-2344
-2346
-2348
-2348
-2349
-2348
-2347
-2345
-2343
-2340
-2337
-2332
-2327
-2322
-2316
-2309
-2302
-2294
-2285
-2276
-2266
-2256
-2245
-2233
-2221
-2208
-2195
-2181
-2166
-2151
-2135
-2119
-2102
-2085
-2067
-2048
-2029
-2009
-1989
-1968
-1947
-1925
-1903
-1880
-1857
-1833
-1809
-1784
-1759
-1733
-1707
-1680
-1653
-1625
-1597
-1569
-1540
-1511
-1481
-1451
-1421
-1390
-1358
-1327
-1295
-1263
-1230
-1197
-1164
-1130
-1096
-1062
-1028
-993
-958
-923
-887
-851
-815
-779
-743
-706
-669
-632
-595
-558
-520
-483
-445
-407
-369
-331
-293
-255
-216
-178
-139
-101
-63
-24
13
52
90
129
167
206
244
282
320
359
397
434
472
510
547
585
622
659
696
733
769
805
841
877
913
948
983
1018
1053
1087
1121
1155
1188
1221
1254
1286
1318
1350
1381
1412
1443
1473
1503
1532
1561
1590
1618
1645
1673
1699
1726
1752
1777
1802
1826
1850
1874
1897
1919
1941
1963
1983
2004
2024
2043
2062
2080
2097
2114
2131
2147
2162
2177
2191
2205
2218
2230
2242
2253
2264
2273
2283
2292
2300
2307
2314
2320
2326
2331
2335
2339
2342
2345
2347
2348
2349
2349
2348
2347
2345
2342
2339
2335
2331
2326
2320
2314
2307
2299
2291
2282
2273
2263
2252
2241
2229
2217
2204
2190
2176
2161
2146
2130
2114
2097
2079
2061
2042
2023
2003
1983
1962
1940
1918
1896
1873
1849
1825
1801
1776
1751
1725
1698
1671
1644
1616
1588
1560
1531
1501
1472
1441
1411
1380
1348
1317
1285
1252
1220
1186
1153
1119
1085
1051
1017
982
947
911
876
840
804
767
731
694
657
620
583
546
508
471
433
395
357
319
281
242
204
166
127
89
50
12
-26
-64
-103
-141
-180
-218
-256
-294
-333
-371
-409
-447
-484
-522
-559
-597
-634
-671
-708
-744
-781
-817
-853
-889
-924
-959
-994
-1029
-1064
-1098
-1132
-1165
-1198
-1231
-1264
-1296
-1328
-1360
-1391
-1422
-1452
-1482
-1512
-1541
-1570
-1599
-1627
-1654
-1681
-1708
-1734
-1760
-1785
-1810
-1834
-1858
-1881
-1904
-1926
-1948
-1969
-1990
-2010
-2030
-2049
-2067
-2085
-2103
-2120
-2136
-2152
-2167
-2181
-2195
-2209
-2222
-2234
-2245
-2256
-2267
-2277
-2286
-2294
-2302
-2310
-2316
-2322
-2328
-2333
-2337
-2340
-2343
-2346
-2347
-2348
-2349
-2348
-2348
-2346
-2344
-2341
-2338
-2334
-2329
-2324
-2318
-2312
-2305
-2297
-2288
-2280
-2270
-2260
-2249
-2238
-2226
-2213
-2200
-2186
-2172
-2157
-2141
-2125
-2108
-2091
-2073
-2055
-2036
-2017
-1997
-1976
-1955
-1933
-1911
-1889
-1865
-1842
-1818
-1793
-1768
-1742
-1716
-1690
-1663
-1635
-1608
-1579
-1551
-1521
-1492
-1462
-1432
-1401
-1370
-1338
-1307
-1274
-1242
-1209
-1176
-1142
-1109
-1074
-1040
-1005
-971
-935
-900
-864
-828
-792
-756
-719
-683
-646
-609
-571
-534
-496
-459
-421
-383
-345
-307
-268
-230
-192
-153
-115
-76
-38
0
