0
-76
-155
-233
-310
-388
-466
-543
-621
-698
-776
-853
-932
-1009
-1085
-1162
-1239
-1316
-1393
-1470
-1547
-1623
-1700
-1775
-1851
-1928
-2003
-2078
-2154
-2228
-2304
-2379
-2453
-2526
-2601
-2674
-2747
-2820
-2892
-2964
-3035
-3107
-3177
-3247
-3316
-3385
-3452
-3519
-3586
-3651
-3715
-3779
-3841
-3901
-3961
-4019
-4076
-4132
-4186
-4238
-4289
-4337
-4383
-4428
-4470
-4510
-4547
-4582
-4615
-4645
-4671
-4696
-4717
-4734
-4749
-4762
-4770
-4775
-4776
-4774
-4768
-4759
-4745
-4729
-4708
-4683
-4655
-4623
-4585
-4546
-4501
-4453
-4400
-4345
-4284
-4220
-4153
-4081
-4007
-3929
-3847
-3761
-3673
-3581
-3487
-3390
-3290
-3188
-3082
-2976
-2866
-2755
-2642
-2528
-2412
-2296
-2178
-2060
-1941
-1821
-1702
-1582
-1463
-1345
-1227
-1109
-994
-878
-764
-652
-542
-434
-327
-223
-121
-22
73
167
258
347
433
516
595
672
747
817
884
949
1011
1069
1126
1179
1229
1277
1323
1365
1406
1444
1480
1514
1547
1578
1608
1635
1663
1690
1715
1741
1766
1790
1815
1840
1865
1891
1918
1946
1975
2005
2036
2070
2104
2140
2179
2220
2262
2307
2354
2402
2454
2508
2564
2622
2683
2746
2811
2878
2947
3018
3090
3164
3240
3318
3396
3476
3555
3636
3718
3798
3880
3961
4042
4121
4199
4276
4352
4425
4497
4567
4632
4697
4757
4814
4867
4917
4963
5004
5040
5072
5098
5120
5136
5148
5153
5153
5146
5134
5117
5093
5063
5027
4985
4938
4884
4825
4759
4688
4611
4529
4443
4351
4253
4151
4044
3934
3818
3699
3578
3451
3322
3190
3056
2920
2782
2643
2502
2359
2216
2073
1929
1787
1644
1501
1360
1221
1082
945
810
677
547
419
294
171
52
-63
-177
-287
-394
-497
-598
-696
-789
-879
-966
-1051
-1131
-1210
-1285
-1357
-1427
-1494
-1560
-1622
-1682
-1742
-1800
-1856
-1911
-1965
-2020
-2072
-2125
-2179
-2232
-2286
-2340
-2395
-2452
-2509
-2567
-2628
-2690
-2755
-2820
-2889
-2959
-3031
-3107
-3184
-3264
-3347
-3431
-3518
-3606
-3698
-3791
-3887
-3983
-4083
-4183
-4285
-4388
-4491
-4595
-4700
-4804
-4908
-5011
-5114
-5216
-5315
-5413
-5509
-5602
-5691
-5777
-5860
-5938
-6013
-6081
-6145
-6204
-6256
-6302
-6341
-6375
-6400
-6418
-6430
-6432
-6427
-6413
-6392
-6363
-6324
-6276
-6220
-6155
-6082
-5999
-5908
-5809
-5700
-5584
-5459
-5327
-5187
-5040
-4884
-4723
-4554
-4379
-4199
-4014
-3823
-3628
-3429
-3226
-3019
-2811
-2600
-2387
-2174
-1959
-1744
-1531
-1318
-1105
-897
-690
-485
-284
-88
103
290
472
650
820
985
1143
1293
1437
1572
1700
1820
1933
2037
2133
2220
2299
2370
2433
2488
2534
2572
2603
2626
2642
2650
2653
2648
2638
2622
2600
2574
2542
2508
2469
2428
2384
2338
2289
2241
2191
2142
2093
2045
1999
1954
1913
1874
1839
1807
1779
1757
1740
1727
1721
1721
1727
1740
1759
1787
1820
1861
1910
1965
2029
2101
2179
2264
2356
2457
2562
2675
2796
2921
3051
3188
3329
3476
3626
3780
3937
4096
4259
4423
4588
4753
4918
5083
5246
5408
5567
5725
5877
6026
6170
6310
6443
6571
6691
6806
6911
7008
7097
7178
7249
7310
7360
7401
7432
7452
7461
7460
7446
7422
7386
7341
7282
7214
7133
7043
6942
6830
6708
6576
6435
6284
6124
5955
5779
5596
5404
5206
5001
4791
4575
4356
4131
3903
3671
3436
3200
2962
2724
2484
2245
2006
1768
1532
1298
1066
837
611
389
171
-40
-249
-454
-652
-846
-1035
-1216
-1392
-1562
-1726
-1885
-2036
-2181
-2320
-2453
-2581
-2701
-2817
-2926
-3030
-3130
-3224
-3313
-3398
-3478
-3554
-3627
-3695
-3762
-3826
-3887
-3945
-4002
-4058
-4112
-4166
-4218
-4270
-4323
-4376
-4429
-4482
-4538
-4594
-4651
-4709
-4770
-4832
-4896
-4963
-5030
-5099
-5171
-5244
-5320
-5397
-5476
-5556
-5638
-5721
-5804
-5888
-5974
-6058
-6144
-6229
-6313
-6396
-6478
-6557
-6636
-6711
-6785
-6854
-6920
-6982
-7039
-7092
-7141
-7183
-7220
-7251
-7275
-7293
-7303
-7307
-7303
-7291
-7271
-7244
-7208
-7163
-7110
-7049
-6978
-6900
-6813
-6718
-6613
-6502
-6381
-6253
-6117
-5973
-5823
-5665
-5501
-5331
-5155
-4974
-4786
-4595
-4400
-4202
-4001
-3796
-3590
-3381
-3173
-2963
-2753
-2545
-2338
-2133
-1929
-1728
-1531
-1339
-1150
-965
-786
-614
-446
-286
-132
12
151
282
405
521
627
727
816
898
970
1035
1089
1136
1176
1206
1229
1244
1252
1253
1247
1234
1216
1192
1164
1130
1093
1052
1009
963
915
866
816
766
718
671
625
582
542
506
474
446
425
409
400
398
403
417
439
469
508
557
615
682
760
850
948
1057
1176
1306
1447
1597
1757
1927
2107
2297
2495
2703
2917
3141
3372
3609
3852
4103
4357
4616
4879
5145
5414
5685
5955
6227
6499
6768
7036
7302
7564
7821
8073
8319
8558
8790
9015
9229
9436
9630
9817
9989
10152
10301
10437
10560
10669
10765
10845
10911
10962
10997
11017
11022
11010
10983
10941
10883
10808
10720
10616
10495
10361
10214
10051
9875
9686
9484
9270
9043
8806
8559
8301
8034
7759
7475
7183
6885
6581
6271
5957
5639
5318
4994
4668
4342
4014
3688
3362
3038
2716
2396
2081
1768
1460
1157
861
569
284
6
-264
-527
-784
-1032
-1273
-1505
-1728
-1944
-2150
-2349
-2538
-2719
-2890
-3054
-3209
-3355
-3494
-3625
-3748
-3863
-3971
-4072
-4166
-4254
-4336
-4412
-4482
-4548
-4609
-4665
-4717
-4767
-4811
-4853
-4893
-4932
-4966
-5001
-5033
-5064
-5095
-5125
-5156
-5186
-5216
-5247
-5278
-5310
-5344
-5377
-5412
-5448
-5485
-5525
-5565
-5605
-5648
-5691
-5736
-5780
-5828
-5875
-5922
-5970
-6019
-6067
-6116
-6164
-6211
-6258
-6304
-6349
-6392
-6435
-6474
-6513
-6547
-6581
-6611
-6638
-6662
-6683
-6700
-6714
-6724
-6729
-6730
-6727
-6720
-6709
-6693
-6672
-6647
-6617
-6582
-6544
-6500
-6453
-6401
-6345
-6284
-6220
-6152
-6080
-6004
-5926
-5844
-5759
-5671
-5582
-5490
-5396
-5300
-5203
-5105
-5006
-4906
-4806
-4706
-4605
-4505
-4405
-4307
-4209
-4112
-4018
-3924
-3832
-3743
-3655
-3568
-3484
-3403
-3324
-3247
-3173
-3101
-3030
-2963
-2897
-2834
-2773
-2714
-2655
-2600
-2544
-2490
-2437
-2385
-2333
-2281
-2228
-2175
-2122
-2067
-2010
-1953
-1892
-1829
-1764
-1695
-1623
-1547
-1466
-1382
-1291
-1197
-1097
-991
-879
-763
-639
-507
-371
-227
-75
81
246
419
599
786
980
1182
1390
1605
1828
2056
2291
2531
2777
3029
3286
3548
3813
4084
4357
4632
4912
5192
5474
5757
6040
6322
6603
6884
7162
7436
7708
7976
8238
8496
8747
8991
9229
9459
9680
9891
10095
10286
10468
10638
10796
10942
11076
11197
11305
11398
11477
11543
11593
11629
11650
11655
11645
11620
11580
11524
11454
11368
11267
11152
11022
10876
10718
10545
10359
10159
9948
9723
9488
9241
8983
8714
8436
8150
7856
7552
7242
6926
6603
6276
5943
5608
5269
4928
4584
4240
3897
3551
3209
2868
2528
2191
1859
1530
1206
887
574
268
-31
-323
-609
-886
-1155
-1416
-1666
-1910
-2142
-2365
-2577
-2781
-2973
-3156
-3328
-3489
-3641
-3782
-3914
-4034
-4145
-4245
-4337
-4419
-4491
-4554
-4609
-4655
-4692
-4722
-4744
-4759
-4767
-4768
-4764
-4753
-4737
-4716
-4690
-4660
-4626
-4589
-4549
-4506
-4461
-4414
-4366
-4316
-4266
-4215
-4165
-4114
-4063
-4014
-3966
-3919
-3873
-3831
-3789
-3750
-3713
-3679
-3648
-3621
-3595
-3574
-3555
-3539
-3528
-3519
-3514
-3512
-3514
-3519
-3528
-3539
-3554
-3573
-3594
-3617
-3645
-3674
-3707
-3741
-3779
-3818
-3859
-3903
-3949
-3995
-4043
-4091
-4141
-4192
-4244
-4296
-4348
-4400
-4453
-4505
-4556
-4606
-4657
-4706
-4754
-4801
-4846
-4891
-4932
-4973
-5010
-5046
-5079
-5110
-5139
-5165
-5187
-5208
-5224
-5238
-5249
-5257
-5260
-5260
-5257
-5249
-5238
-5223
-5203
-5181
-5154
-5123
-5087
-5046
-5002
-4953
-4899
-4841
-4779
-4711
-4639
-4562
-4481
-4394
-4302
-4206
-4105
-3998
-3888
-3771
-3650
-3523
-3393
-3256
-3115
-2968
-2818
-2662
-2500
-2335
-2164
-1989
-1809
-1625
-1437
-1243
-1046
-845
-640
-430
-218
-1
217
439
665
894
1125
1358
1594
1831
2071
2312
2554
2796
3039
3282
3525
3767
4009
4251
4491
4729
4965
5200
5431
5659
5884
6104
6322
6534
6742
6945
7143
7334
7520
7700
7873
8039
8198
8348
8492
8628
8754
8873
8983
9084
9176
9258
9331
9395
9448
9491
9525
9548
9562
9566
9560
9542
9516
9479
9432
9375
9308
9231
9145
9048
8944
8830
8706
8574
8434
8285
8129
7964
7792
7614
7427
7235
7036
6832
6622
6407
6188
5963
5735
5502
5268
5030
4789
4547
4302
4057
3811
3563
3316
3069
2822
2576
2332
2088
1847
1609
1372
1139
909
682
459
240
24
-183
-389
-590
-786
-977
-1164
-1344
-1517
-1686
-1849
-2006
-2157
-2302
-2441
-2572
-2699
-2819
-2933
-3041
-3143
-3240
-3329
-3414
-3492
-3565
-3632
-3694
-3750
-3802
-3848
-3889
-3926
-3959
-3986
-4011
-4029
-4045
-4058
-4068
-4073
-4076
-4076
-4074
-4069
-4063
-4054
-4044
-4032
-4019
-4006
-3991
-3976
-3961
-3945
-3929
-3914
-3899
-3885
-3872
-3859
-3848
-3838
-3830
-3823
-3818
-3816
-3815
-3816
-3821
-3827
-3836
-3847
-3862
-3879
-3899
-3921
-3947
-3976
-4008
-4043
-4081
-4122
-4167
-4214
-4264
-4317
-4373
-4431
-4493
-4557
-4624
-4692
-4764
-4837
-4912
-4989
-5067
-5146
-5228
-5310
-5393
-5476
-5560
-5644
-5728
-5812
-5893
-5975
-6056
-6135
-6212
-6287
-6360
-6430
-6497
-6561
-6621
-6677
-6729
-6776
-6818
-6857
-6888
-6914
-6933
-6947
-6955
-6955
-6948
-6933
-6911
-6881
-6844
-6797
-6742
-6679
-6607
-6525
-6435
-6335
-6226
-6107
-5979
-5841
-5694
-5537
-5371
-5195
-5009
-4814
-4610
-4397
-4175
-3944
-3703
-3455
-3199
-2935
-2663
-2382
-2097
-1803
-1504
-1198
-887
-570
-249
75
404
737
1073
1412
1752
2094
2437
2781
3123
3466
3808
4147
4485
4820
5153
5480
5804
6122
6436
6744
7045
7339
7627
7906
8178
8441
8696
8940
9176
9402
9617
9821
10015
10198
10369
10528
10675
10812
10936
11048
11148
11235
11311
11373
11424
11462
11490
11503
11506
11497
11476
11444
11400
11346
11281
11205
11120
11024
10919
10804
10680
10549
10409
10261
10106
9943
9774
9598
9417
9231
9038
8842
8641
8436
8229
8018
7803
7588
7369
7149
6929
6706
6484
6261
6039
5815
5593
5372
5153
4933
4716
4501
4287
4075
3867
3659
3455
3254
3054
2858
2664
2473
2286
2101
1919
1741
1565
1392
1222
1054
891
729
570
414
260
109
-38
-183
-328
-470
-610
-748
-883
-1017
-1150
-1280
-1409
-1537
-1663
-1787
-1911
-2032
-2153
-2272
-2391
-2508
-2623
-2739
-2852
-2964
-3075
-3185
-3295
-3403
-3508
-3614
-3718
-3820
-3921
-4021
-4119
-4215
-4310
-4404
-4495
-4584
-4672
-4758
-4842
-4923
-5002
-5081
-5155
-5228
-5299
-5367
-5433
-5496
-5557
-5615
-5671
-5725
-5777
-5825
-5871
-5916
-5957
-5996
-6034
-6068
-6102
-6133
-6162
-6189
-6214
-6237
-6260
-6281
-6301
-6318
-6335
-6351
-6366
-6381
-6395
-6407
-6421
-6433
-6446
-6457
-6469
-6482
-6494
-6508
-6520
-6534
-6547
-6562
-6577
-6593
-6610
-6626
-6643
-6660
-6678
-6696
-6715
-6734
-6754
-6772
-6791
-6809
-6827
-6844
-6861
-6876
-6890
-6904
-6914
-6924
-6930
-6935
-6936
-6933
-6929
-6921
-6909
-6891
-6870
-6844
-6813
-6776
-6734
-6685
-6631
-6569
-6500
-6426
-6343
-6253
-6155
-6049
-5934
-5813
-5681
-5542
-5393
-5236
-5071
-4896
-4711
-4518
-4316
-4106
-3887
-3658
-3422
-3178
-2925
-2664
-2395
-2119
-1836
-1547
-1251
-949
-641
-327
-9
310
636
965
1298
1632
1968
2305
2643
2982
3319
3656
3990
4322
4651
4978
5299
5615
5928
6233
6533
6825
7110
7386
7655
7914
8163
8403
8633
8851
9057
9253
9437
9609
9768
9915
10049
10169
10277
10371
10452
10519
10574
10615
10642
10657
10658
10646
10622
10585
10535
10474
10401
10317
10221
10116
9999
9872
9736
9592
9438
9277
9108
8932
8749
8561
8366
8167
7964
7755
7544
7331
7115
6897
6678
6458
6237
6018
5798
5579
5362
5148
4935
4724
4518
4314
4114
3918
3726
3539
3357
3179
3007
2839
2677
2519
2367
2222
2082
1947
1818
1694
1574
1462
1354
1251
1152
1059
970
886
806
729
657
588
522
460
400
343
289
235
184
135
86
39
-4
-50
-96
-141
-187
-233
-279
-325
-373
-421
-471
-522
-574
-629
-685
-740
-800
-860
-923
-986
-1052
-1120
-1188
-1260
-1332
-1407
-1483
-1560
-1639
-1718
-1799
-1881
-1964
-2049
-2133
-2217
-2303
-2389
-2474
-2561
-2647
-2732
-2817
-2901
-2986
-3069
-3151
-3233
-3312
-3391
-3470
-3547
-3621
-3694
-3767
-3837
-3906
-3973
-4040
-4104
-4167
-4228
-4287
-4346
-4403
-4457
-4512
-4564
-4615
-4666
-4714
-4763
-4810
-4857
-4902
-4948
-4991
-5036
-5079
-5123
-5166
-5208
-5252
-5294
-5337
-5380
-5423
-5465
-5509
-5552
-5596
-5639
-5682
-5726
-5769
-5813
-5856
-5898
-5942
-5983
-6024
-6063
-6103
-6140
-6178
-6211
-6245
-6274
-6303
-6329
-6351
-6371
-6387
-6400
-6407
-6411
-6411
-6405
-6395
-6379
-6356
-6328
-6294
-6253
-6205
-6150
-6087
-6018
-5939
-5854
-5759
-5658
-5546
-5427
-5299
-5161
-5015
-4860
-4696
-4522
-4341
-4150
-3950
-3741
-3524
-3300
-3066
-2824
-2575
-2318
-2055
-1784
-1506
-1223
-934
-640
-341
-38
268
579
892
1208
1526
1846
2166
2487
2806
3125
3442
3756
4069
4377
4682
4982
5277
5567
5850
6126
6395
6655
6907
7152
7386
7611
7825
8029
8222
8403
8573
8732
8878
9011
9133
9241
9336
9419
9489
9545
9588
9619
9637
9640
9633
9612
9578
9532
9475
9406
9325
9233
9130
9017
8894
8762
8620
8469
8310
8144
7970
7789
7601
7408
7209
7005
6798
6586
6371
6154
5934
5712
5490
5267
5042
4819
4595
4373
4152
3934
3717
3503
3292
3085
2880
2680
2484
2292
2104
1922
1744
1573
1406
1244
1088
937
791
651
517
388
264
146
33
-73
-176
-274
-367
-455
-538
-619
-695
-765
-834
-898
-960
-1018
-1074
-1126
-1177
-1226
-1273
-1318
-1362
-1404
-1445
-1486
-1526
-1566
-1605
-1644
-1684
-1723
-1763
-1804
-1845
-1887
-1929
-1974
-2019
-2065
-2112
-2160
-2210
-2261
-2313
-2366
-2421
-2477
-2534
-2593
-2653
-2714
-2775
-2838
-2901
-2967
-3031
-3098
-3166
-3233
-3301
-3369
-3437
-3507
-3575
-3645
-3713
-3782
-3851
-3920
-3988
-4055
-4122
-4189
-4256
-4321
-4387
-4450
-4513
-4577
-4637
-4698
-4758
-4817
-4874
-4932
-4987
-5042
-5097
-5149
-5201
-5251
-5300
-5349
-5396
-5442
-5486
-5530
-5572
-5612
-5651
-5690
-5726
-5761
-5794
-5826
-5856
-5885
-5911
-5934
-5957
-5977
-5994
-6009
-6021
-6031
-6037
-6041
-6041
-6037
-6030
-6019
-6004
-5985
-5962
-5933
-5900
-5861
-5818
-5769
-5715
-5654
-5587
-5515
-5435
-5349
-5256
-5156
-5049
-4935
-4814
-4683
-4547
-4402
-4250
-4089
-3921
-3744
-3560
-3368
-3168
-2959
-2744
-2520
-2289
-2050
-1804
-1552
-1291
-1026
-753
-475
-189
98
393
692
996
1304
1614
1929
2246
2564
2884
3205
3527
3848
4170
4490
4807
5123
5435
5745
6050
6350
6646
6936
7219
7496
7764
8024
8278
8521
8754
8979
9192
9395
9586
9766
9933
10088
10231
10360
10477
10580
10669
10745
10807
10854
10888
10907
10914
10905
10881
10845
10794
10731
10654
10564
10459
10344
10215
10075
9923
9759
9586
9401
9207
9002
8790
8569
8340
8104
7859
7610
7354
7094
6829
6560
6287
6011
5733
5454
5174
4893
4611
4330
4050
3772
3496
3221
2950
2683
2418
2158
1902
1651
1407
1166
932
703
481
265
57
-145
-340
-528
-711
-886
-1053
-1213
-1367
-1514
-1653
-1785
-1912
-2031
-2144
-2250
-2350
-2444
-2534
-2616
-2694
-2766
-2834
-2897
-2956
-3010
-3061
-3108
-3152
-3193
-3230
-3265
-3298
-3328
-3358
-3385
-3410
-3435
-3458
-3482
-3504
-3525
-3547
-3569
-3590
-3611
-3633
-3656
-3678
-3702
-3725
-3750
-3775
-3801
-3827
-3854
-3882
-3911
-3940
-3971
-4002
-4033
-4065
-4098
-4131
-4163
-4198
-4232
-4265
-4300
-4335
-4368
-4403
-4436
-4470
-4503
-4537
-4569
-4601
-4632
-4664
-4693
-4723
-4753
-4780
-4809
-4835
-4861
-4886
-4910
-4934
-4958
-4980
-5002
-5023
-5043
-5063
-5083
-5102
-5120
-5138
-5155
-5172
-5190
-5206
-5222
-5238
-5254
-5270
-5285
-5301
-5316
-5331
-5346
-5361
-5375
-5388
-5402
-5416
-5428
-5439
-5450
-5460
-5469
-5478
-5484
-5489
-5493
-5494
-5493
-5490
-5484
-5476
-5464
-5450
-5432
-5409
-5385
-5354
-5319
-5279
-5234
-5184
-5128
-5066
-4997
-4922
-4840
-4752
-4655
-4552
-4440
-4321
-4194
-4059
-3915
-3762
-3601
-3431
-3252
-3066
-2870
-2664
-2451
-2228
-1998
-1758
-1511
-1254
-991
-719
-441
-155
136
434
739
1051
1366
1686
2011
2339
2672
3005
3342
3679
4017
4356
4693
5031
5366
5699
6027
6354
6675
6991
7301
7605
7902
8191
8471
8743
9004
9256
9496
9726
9943
10148
10340
10519
10684
10835
10972
11094
11202
11293
11369
11431
11477
11507
11521
11519
11503
11471
11422
11360
11282
11190
11084
10963
10829
10682
10521
10349
10165
9970
9766
9550
9325
9092
8850
8600
8345
8084
7817
7545
7271
6993
6713
6431
6149
5866
5584
5303
5025
4748
4475
4207
3941
3682
3429
3180
2940
2705
2478
2260
2049
1846
1651
1468
1291
1125
968
820
682
553
433
322
222
129
45
-27
-94
-153
-204
-249
-286
-317
-342
-362
-377
-387
-393
-397
-397
-394
-389
-384
-378
-372
-367
-362
-358
-357
-358
-363
-371
-383
-399
-420
-446
-479
-516
-560
-610
-668
-732
-804
-882
-968
-1062
-1162
-1272
-1387
-1511
-1641
-1779
-1924
-2077
-2236
-2401
-2572
-2749
-2931
-3120
-3312
-3509
-3709
-3914
-4122
-4332
-4544
-4759
-4974
-5190
-5406
-5622
-5838
-6051
-6263
-6473
-6680
-6884
-7085
-7281
-7472
-7660
-7841
-8016
-8186
-8350
-8506
-8656
-8798
-8933
-9061
-9180
-9292
-9396
-9490
-9577
-9656
-9726
-9788
-9841
-9886
-9923
-9952
-9972
-9985
-9989
-9987
-9977
-9959
-9934
-9902
-9865
-9820
-9769
-9712
-9650
-9583
-9510
-9432
-9350
-9263
-9172
-9077
-8978
-8876
-8770
-8661
-8549
-8434
-8317
-8197
-8074
-7949
-7822
-7692
-7560
-7425
-7290
-7151
-7009
-6865
-6720
-6571
-6421
-6267
-6109
-5949
-5787
-5620
-5450
-5277
-5099
-4918
-4732
-4541
-4346
-4146
-3940
-3730
-3514
-3292
-3065
-2832
-2592
-2348
-2096
-1838
-1573
-1303
-1026
-742
-451
-156
145
454
768
1088
1413
1744
2081
2421
2767
3116
3468
3825
4183
4544
4908
5272
5637
6003
6368
6731
7094
7453
7811
8165
8513
8858
9197
9530
9856
10174
10484
10786
11077
11359
11630
11889
12136
12371
12593
12801
12996
13176
13341
13490
13624
13743
13845
13931
14000
14054
14090
14108
14111
14096
14065
14018
13953
13874
13778
13666
13540
13398
13243
13073
12891
12695
12487
12268
12038
11797
11548
11288
11022
10747
10467
10180
9888
9593
9294
8992
8690
8386
8081
7777
7475
7174
6878
6583
6294
6009
5730
5457
5190
4930
4678
4435
4199
3972
3755
3547
3348
3159
2981
2811
2652
2503
2363
2233
2113
2001
1900
1807
1722
1645
1577
1515
1460
1412
1368
1330
1296
1267
1239
1216
1193
1172
1152
1131
1109
1087
1061
1032
1000
964
923
876
824
763
697
623
539
448
347
237
117
-11
-150
-301
-462
-634
-816
-1010
-1215
-1429
-1654
-1890
-2135
-2391
-2657
-2931
-3214
-3504
-3803
-4110
-4423
-4742
-5066
-5395
-5727
-6063
-6402
-6742
-7084
-7425
-7766
-8105
-8443
-8776
-9107
-9433
-9752
-10066
-10373
-10672
-10961
-11241
-11512
-11772
-12021
-12256
-12481
-12691
-12888
-13071
-13239
-13392
-13530
-13653
-13759
-13850
-13923
-13982
-14023
-14049
-14057
-14050
-14025
-13985
-13929
-13859
-13772
-13671
-13555
-13424
-13282
-13124
-12954
-12773
-12579
-12374
-12160
-11935
-11700
-11458
-11208
-10951
-10688
-10417
-10143
-9864
-9582
-9295
-9007
-8717
-8426
-8135
-7843
-7553
-7262
-6974
-6689
-6406
-6127
-5850
-5578
-5309
-5046
-4786
-4533
-4285
-4042
-3803
-3571
-3345
-3125
-2909
-2700
-2495
-2298
-2104
-1916
-1733
-1555
-1381
-1211
-1046
-883
-724
-568
-415
-264
-115
31
177
322
467
613
758
904
1051
1198
1347
1499
1653
1809
1967
2128
2292
2459
2629
2803
2981
3161
3344
3532
3723
3916
4114
4314
4517
4723
4930
5141
5354
5567
5783
5999
6215
6432
6649
6864
7080
7292
7504
7713
7919
8121
8320
8513
8703
8887
9064
9237
9402
9560
9711
9854
9988
10113
10230
10338
10436
10524
10602
10670
10727
10775
10812
10838
10853
10857
10850
10834
10807
10770
10721
10664
10596
10520
10433
10339
10235
10124
10005
9879
9745
9606
9459
9309
9153
8992
8827
8660
8490
8317
8142
7967
7790
7614
7437
7262
7089
6916
6746
6579
6413
6253
6096
5943
5794
5650
5510
5376
5247
5124
5006
4893
4786
4685
4589
4498
4413
4333
4259
4188
4124
4062
4004
3951
3900
3853
3808
3765
3724
3684
3645
3606
3566
3527
3484
3441
3395
3347
3295
3240
3179
3115
3044
2968
2885
2796
2700
2597
2485
2366
2240
2103
1958
1805
1641
1470
1289
1098
898
690
471
244
7
-235
-488
-749
-1018
-1295
-1578
-1869
-2164
-2466
-2772
-3084
-3399
-3718
-4039
-4363
-4687
-5013
-5339
-5664
-5987
-6308
-6627
-6942
-7252
-7558
-7858
-8151
-8438
-8716
-8986
-9247
-9499
-9740
-9970
-10190
-10397
-10592
-10775
-10943
-11100
-11241
-11369
-11483
-11583
-11667
-11736
-11791
-11832
-11857
-11868
-11863
-11846
-11812
-11766
-11705
-11631
-11544
-11444
-11332
-11208
-11072
-10926
-10768
-10602
-10426
-10242
-10049
-9849
-9643
-9431
-9212
-8990
-8763
-8532
-8300
-8064
-7828
-7591
-7354
-7117
-6881
-6647
-6416
-6186
-5960
-5740
-5521
-5309
-5100
-4898
-4701
-4511
-4326
-4147
-3976
-3812
-3655
-3503
-3360
-3224
-3094
-2971
-2855
-2746
-2643
-2546
-2456
-2370
-2291
-2216
-2147
-2081
-2019
-1960
-1906
-1852
-1802
-1753
-1705
-1658
-1610
-1563
-1515
-1465
-1413
-1360
-1303
-1242
-1179
-1110
-1037
-960
-877
-789
-693
-593
-485
-371
-249
-120
13
157
309
467
634
807
989
1177
1373
1576
1787
2003
2226
2454
2690
2930
3175
3425
3679
3937
4198
4462
4728
4995
5264
5534
5803
6071
6339
6605
6868
7128
7384
7637
7884
8126
8363
8593
8816
9031
9238
9438
9628
9808
9978
10138
10288
10427
10555
10670
10775
10866
10946
11014
11069
11111
11141
11158
11163
11154
11135
11101
11055
10998
10929
10847
10755
10651
10535
10410
10273
10128
9973
9808
9634
9453
9263
9067
8862
8651
8435
8213
7986
7754
7517
7277
7034
6788
6540
6291
6039
5785
5532
5279
5026
4773
4521
4270
4021
3772
3527
3283
3043
2804
2570
2338
2108
1883
1660
1442
1227
1016
807
604
403
206
12
-176
-362
-546
-726
-903
-1077
-1248
-1417
-1582
-1746
-1907
-2066
-2224
-2379
-2533
-2685
-2837
-2987
-3136
-3283
-3431
-3578
-3723
-3869
-4014
-4158
-4304
-4448
-4593
-4737
-4881
-5025
-5169
-5311
-5455
-5598
-5741
-5882
-6024
-6164
-6304
-6443
-6580
-6716
-6850
-6982
-7112
-7241
-7367
-7489
-7609
-7725
-7838
-7947
-8053
-8153
-8250
-8342
-8428
-8510
-8585
-8655
-8719
-8776
-8827
-8872
-8909
-8940
-8964
-8980
-8987
-8989
-8981
-8968
-8944
-8914
-8876
-8829
-8774
-8712
-8641
-8563
-8476
-8382
-8281
-8172
-8055
-7931
-7801
-7664
-7520
-7370
-7214
-7053
-6885
-6713
-6535
-6353
-6166
-5977
-5782
-5584
-5385
-5181
-4976
-4769
-4561
-4351
-4141
-3930
-3718
-3507
-3297
-3087
-2879
-2672
-2466
-2262
-2061
-1861
-1665
-1473
-1282
-1095
-912
-732
-556
-384
-215
-52
106
263
414
562
706
845
980
1112
1239
1363
1484
1601
1713
1824
1932
2036
2138
2237
2334
2430
2523
2614
2705
2794
2884
2972
3059
3147
3235
3323
3412
3502
3592
3684
3777
3872
3969
4067
4167
4269
4374
4481
4590
4702
4817
4934
5053
5175
5299
5426
5555
5685
5818
5953
6090
6227
6366
6508
6649
6791
6933
7075
7218
7359
7499
7640
7777
7913
8047
8177
8305
8429
8549
8666
8778
8883
8984
9079
9169
9251
9325
9393
9454
9506
9550
9584
9610
9628
9635
9633
9620
9598
9566
9522
9469
9404
9329
9242
9145
9037
8918
8789
8649
8497
8336
8165
7982
7790
7589
7378
7158
6929
6691
6446
6193
5932
5665
5391
5110
4825
4534
4240
3941
3638
3333
3025
2715
2405
2092
1780
1469
1157
848
541
237
-63
-362
-656
-945
-1229
-1509
-1782
-2049
-2309
-2561
-2807
-3044
-3273
-3494
-3707
-3910
-4105
-4290
-4465
-4631
-4788
-4934
-5071
-5198
-5316
-5424
-5522
-5610
-5691
-5762
-5823
-5876
-5921
-5957
-5985
-6006
-6020
-6026
-6026
-6020
-6009
-5991
-5970
-5944
-5913
-5880
-5843
-5803
-5761
-5717
-5673
-5627
-5581
-5535
-5489
-5444
-5401
-5360
-5320
-5283
-5249
-5218
-5190
-5166
-5146
-5130
-5119
-5113
-5110
-5114
-5123
-5135
-5154
-5179
-5207
-5241
-5280
-5325
-5375
-5429
-5488
-5551
-5619
-5691
-5767
-5845
-5928
-6013
-6101
-6191
-6282
-6375
-6469
-6565
-6659
-6754
-6848
-6941
-7033
-7121
-7208
-7292
-7373
-7449
-7522
-7589
-7652
-7709
-7760
-7805
-7843
-7874
-7899
-7915
-7924
-7924
-7915
-7899
-7874
-7839
-7796
-7743
-7681
-7610
-7529
-7439
-7339
-7230
-7112
-6984
-6849
-6704
-6550
-6387
-6217
-6039
-5852
-5659
-5458
-5251
-5037
-4817
-4592
-4361
-4125
-3885
-3641
-3393
-3142
-2889
-2632
-2375
-2116
-1855
-1594
-1334
-1074
-814
-556
-299
-43
207
457
704
949
1190
1427
1659
1887
2112
2332
2545
2755
2959
3158
3353
3542
3724
3903
4075
4243
4405
4562
4713
4861
5004
5140
5274
5402
5527
5648
5766
5879
5989
6097
6201
6303
6404
6500
6597
6691
6785
6876
6967
7058
7147
7236
7326
7415
7504
7595
7684
7776
7867
7959
8050
8144
8238
8332
8426
8522
8618
8713
8809
8906
9001
9095
9190
9283
9376
9467
9555
9642
9726
9808
9886
9962
10032
10099
10163
10220
10273
10319
10360
10395
10422
10443
10456
10461
10458
10447
10427
10399
10360
10313
10256
10189
10112
10025
9927
9820
9702
9575
9436
9287
9128
8958
8779
8589
8391
8182
7965
7739
7503
7260
7009
6751
6485
6212
5934
5649
5360
5066
4768
4465
4160
3853
3543
3233
2921
2608
2297
1986
1677
1371
1067
766
469
176
-110
-393
-670
-940
-1205
-1462
-1712
-1954
-2189
-2415
-2632
-2840
-3040
-3231
-3414
-3586
-3750
-3904
-4049
-4184
-4311
-4430
-4539
-4640
-4733
-4817
-4894
-4964
-5027
-5083
-5133
-5177
-5216
-5249
-5279
-5305
-5327
-5346
-5363
-5378
-5391
-5404
-5417
-5429
-5442
-5455
-5471
-5490
-5510
-5534
-5560
-5589
-5624
-5663
-5706
-5754
-5808
-5867
-5931
-6001
-6077
-6159
-6246
-6339
-6438
-6543
-6652
-6767
-6889
-7014
-7143
-7277
-7416
-7558
-7703
-7851
-8000
-8151
-8304
-8458
-8610
-8763
-8914
-9064
-9212
-9356
-9498
-9634
-9764
-9891
-10010
-10123
-10229
-10325
-10415
-10493
-10562
-10622
-10670
-10706
-10731
-10745
-10745
-10731
-10705
-10665
-10612
-10545
-10463
-10368
-10258
-10133
-9995
-9843
-9675
-9495
-9300
-9093
-8871
-8637
-8392
-8132
-7863
-7583
-7291
-6989
-6679
-6359
-6032
-5697
-5356
-5009
-4655
-4299
-3937
-3574
-3209
-2842
-2474
-2107
-1741
-1376
-1015
-656
-302
44
388
726
1057
1380
1695
2001
2299
2587
2865
3132
3389
3633
3868
4089
4300
4498
4683
4858
5020
5169
5306
5432
5546
5648
5738
5818
5887
5946
5994
6032
6062
6083
6096
6101
6098
6090
6076
6055
6031
6001
5969
5933
5896
5856
5815
5773
5732
5691
5651
5613
5576
5542
5511
5484
5459
5440
5424
5413
5408
5407
5412
5421
5437
5457
5484
5515
5552
5594
5641
5694
5751
5812
5877
5947
6019
6093
6171
6251
6333
6415
6498
6581
6664
6745
6824
6902
6977
7048
7115
7178
7235
7287
7332
7372
7403
7426
7442
7449
7446
7435
7414
7381
7341
7287
7225
7151
7065
6969
6861
6744
6613
6473
6322
6160
5988
5805
5613
5411
5201
4981
4754
4520
4278
4029
3775
3516
3251
2983
2711
2437
2161
1885
1608
1331
1056
781
511
243
-19
-278
-532
-779
-1020
-1253
-1479
-1695
-1903
-2102
-2289
-2467
-2634
-2791
-2935
-3067
-3188
-3297
-3393
-3477
-3549
-3610
-3657
-3693
-3717
-3729
-3729
-3719
-3698
-3667
-3626
-3576
-3517
-3448
-3374
-3291
-3202
-3107
-3007
-2902
-2793
-2681
-2569
-2452
-2336
-2220
-2103
-1989
-1876
-1766
-1659
-1557
-1459
-1367
-1280
-1201
-1128
-1062
-1005
-956
-917
-886
-865
-853
-852
-861
-879
-908
-948
-999
-1058
-1129
-1208
-1299
-1398
-1507
-1624
-1751
-1885
-2026
-2175
-2330
-2490
-2658
-2828
-3004
-3182
-3364
-3547
-3731
-3916
-4101
-4286
-4469
-4649
-4825
-4999
-5167
-5330
-5488
-5639
-5783
-5918
-6046
-6165
-6274
-6374
-6462
-6541
-6608
-6664
-6708
-6740
-6760
-6768
-6763
-6746
-6718
-6675
-6622
-6555
-6478
-6387
-6287
-6175
-6051
-5918
-5774
-5622
-5460
-5289
-5112
-4925
-4733
-4534
-4331
-4121
-3908
-3692
-3472
-3250
-3027
-2803
-2578
-2355
-2133
-1912
-1694
-1478
-1267
-1059
-857
-659
-467
-281
-103
68
233
390
541
682
816
941
1059
1167
1268
1360
1444
1520
1587
1648
1700
1744
1782
1814
1839
1857
1871
1880
1883
1883
1880
1874
1864
1852
1839
1825
1811
1797
1783
1771
1761
1752
1746
1743
1744
1749
1759
1773
1793
1818
1847
1885
1927
1975
2031
2092
2161
2236
2317
2405
2499
2600
2706
2818
2936
3058
3185
3318
3453
3594
3736
3882
4029
4178
4328
4479
4630
4779
4927
5073
5217
5357
5494
5625
5752
5872
5987
6094
6195
6287
6370
6444
6510
6565
6610
6644
6668
6680
6680
6670
6647
6613
6566
6508
6437
6355
6261
6155
6037
5910
5771
5620
5462
5292
5113
4925
4731
4527
4317
4100
3878
3650
3419
3183
2943
2703
2461
2217
1974
1732
1491
1253
1017
785
557
335
117
-90
-294
-490
-678
-857
-1027
-1188
-1340
-1480
-1610
-1730
-1838
-1936
-2021
-2096
-2159
-2211
-2252
-2282
-2300
-2309
-2307
-2294
-2272
-2241
-2200
-2152
-2096
-2031
-1962
-1885
-1803
-1716
-1625
-1531
-1434
-1336
-1236
-1136
-1037
-938
-841
-748
-657
-570
-490
-414
-345
-281
-225
-178
-140
-110
-90
-80
-80
-91
-112
-146
-191
-246
-315
-394
-486
-589
-703
-830
-968
-1115
-1274
-1443
-1622
-1810
-2008
-2212
-2426
-2647
-2873
-3106
-3343
-3585
-3831
-4079
-4328
-4580
-4831
-5082
-5331
-5578
-5823
-6062
-6297
-6526
-6749
-6963
-7171
-7368
-7556
-7734
-7902
-8057
-8199
-8328
-8445
-8547
-8635
-8708
-8767
-8810
-8836
-8847
-8842
-8821
-8784
-8731
-8661
-8575
-8474
-8357
-8224
-8077
-7915
-7738
-7548
-7344
-7127
-6897
-6657
-6405
-6143
-5871
-5589
-5300
-5004
-4700
-4389
-4074
-3755
-3431
-3106
-2777
-2448
-2119
-1789
-1462
-1135
-811
-491
-174
135
441
742
1036
1323
1602
1872
2135
2389
2633
2869
3094
3308
3513
3708
3890
4064
4225
4377
4517
4647
4767
4876
4974
5063
5141
5211
5270
5321
5363
5398
5424
5443
5454
5459
5457
5449
5437
5418
5396
5368
5339
5304
5268
5228
5187
5144
5099
5053
5007
4960
4913
4867
4820
4775
4729
4686
4642
4601
4561
4522
4485
4449
4414
4381
4348
4318
4289
4260
4233
4207
4181
4156
4131
4106
4081
4055
4031
4003
3976
3947
3918
3885
3852
3816
3779
3738
3695
3650
3600
3548
3493
3435
3373
3307
3239
3167
3091
3012
2928
2843
2753
2660
2566
2467
2366
2263
2158
2051
1942
1831
1721
1608
1496
1383
1272
1160
1051
941
835
731
629
529
434
343
255
172
95
22
-43
-104
-160
-208
-250
-286
-315
-336
-349
-356
-354
-347
-331
-307
-276
-238
-193
-141
-81
-16
54
131
215
304
398
496
599
704
814
925
1040
1155
1270
1387
1504
1618
1732
1844
1952
2057
2159
2256
2348
2433
2513
2585
2649
2706
2755
2794
2824
2844
2853
2853
2840
2817
2782
2736
2678
2607
2524
2430
2323
2205
2073
1931
1777
1612
1435
1248
1049
841
624
398
162
-79
-330
-588
-851
-1120
-1394
-1672
-1954
-2238
-2524
-2812
-3098
-3385
-3669
-3952
-4233
-4508
-4780
-5046
-5305
-5558
-5804
-6040
-6268
-6485
-6693
-6890
-7075
-7247
-7408
-7555
-7689
-7808
-7915
-8007
-8083
-8146
-8193
-8224
-8242
-8244
-8230
-8203
-8160
-8103
-8032
-7946
-7847
-7734
-7609
-7471
-7321
-7161
-6988
-6806
-6615
-6413
-6205
-5988
-5764
-5535
-5300
-5061
-4817
-4570
-4322
-4073
-3821
-3570
-3321
-3072
-2827
-2583
-2344
-2109
-1879
-1655
-1437
-1226
-1022
-827
-640
-461
-292
-134
14
153
282
400
507
604
690
763
826
878
919
949
969
977
976
965
945
914
876
827
773
708
637
560
476
387
292
193
90
-16
-125
-237
-351
-466
-583
-698
-814
-928
-1041
-1151
-1259
-1365
-1466
-1563
-1656
-1744
-1828
-1905
-1975
-2041
-2099
-2150
-2195
-2232
-2261
-2283
-2297
-2303
-2302
-2292
-2274
-2248
-2215
-2174
-2124
-2067
-2003
-1929
-1850
-1764
-1670
-1569
-1463
-1350
-1232
-1107
-976
-841
-701
-557
-407
-254
-98
62
224
390
559
731
904
1078
1254
1432
1610
1789
1969
2149
2329
2509
2688
2866
3044
3221
3398
3573
3746
3919
4089
4258
4425
4590
4754
4914
5074
5231
5386
5538
5687
5835
5980
6123
6262
6399
6533
6664
6792
6917
7039
7157
7272
7384
7492
7596
7697
7792
7885
7972
8055
8135
8208
8276
8340
8398
8450
8496
8536
8570
8598
8618
8631
8637
8636
8628
8611
8587
8553
8512
8461
8403
8335
8258
8171
8075
7970
7854
7729
7595
7451
7296
7132
6958
6775
6582
6380
6168
5947
5717
5478
5231
4975
4711
4440
4161
3875
3584
3286
2982
2673
2360
2042
1721
1397
1071
742
413
83
-245
-575
-903
-1229
-1553
-1874
-2190
-2502
-2808
-3110
-3404
-3690
-3970
-4240
-4502
-4755
-4997
-5229
-5450
-5659
-5856
-6042
-6215
-6374
-6520
-6653
-6771
-6876
-6967
-7044
-7106
-7153
-7187
-7205
-7210
-7202
-7179
-7142
-7092
-7029
-6953
-6865
-6765
-6654
-6531
-6397
-6255
-6102
-5941
-5771
-5594
-5409
-5220
-5023
-4824
-4619
-4410
-4201
-3988
-3775
-3560
-3348
-3136
-2925
-2717
-2513
-2313
-2117
-1927
-1742
-1565
-1394
-1232
-1077
-932
-795
-667
-551
-444
-348
-264
-189
-127
-76
-38
-11
3
7
0
-18
-49
-91
-145
-208
-282
-367
-462
-565
-678
-800
-930
-1067
-1212
-1362
-1519
-1681
-1847
-2018
-2193
-2369
-2549
-2729
-2910
-3091
-3272
-3452
-3631
-3807
-3980
-4148
-4314
-4474
-4628
-4776
-4919
-5054
-5182
-5303
-5414
-5517
-5612
-5696
-5772
-5836
-5892
-5937
-5972
-5995
-6008
-6010
-6001
-5983
-5953
-5912
-5860
-5798
-5726
-5644
-5552
-5449
-5339
-5217
-5088
-4950
-4804
-4650
-4490
-4321
-4146
-3965
-3779
-3586
-3390
-3189
-2984
-2776
-2564
-2350
-2134
-1916
-1697
-1478
-1258
-1038
-819
-600
-384
-168
43
253
461
666
868
1066
1260
1450
1635
1816
1993
2164
2330
2490
2647
2797
2941
3080
3214
3342
3463
3580
3690
3795
3894
3988
4076
4160
4237
4309
4376
4436
4493
4544
4592
4634
4671
4703
4732
4757
4776
4793
4805
4812
4817
4819
4816
4810
4801
4789
4773
4755
4733
4709
4682
4652
4620
4585
4548
4507
4465
4420
4374
4325
4274
4220
4165
4108
4048
3987
3924
3859
3792
3724
3655
3584
3512
3437
3363
3287
3210
3132
3054
2974
2895
2816
2735
2655
2575
2495
2417
2338
2261
2184
2108
2035
1962
1892
1823
1757
1694
1632
1573
1519
1466
1418
1373
1332
1295
1263
1234
1211
1192
1177
1167
1164
1165
1170
1182
1198
1221
1248
1280
1319
1362
1411
1464
1524
1587
1655
1728
1807
1888
1974
2063
2157
2252
2351
2453
2557
2663
2770
2878
2987
3096
3205
3313
3421
3527
3631
3733
3831
3926
4018
4105
4187
4264
4336
4400
4459
4511
4554
4590
4619
4639
4649
4650
4641
4623
4594
4556
4506
4446
4374
4292
4199
4094
3978
3852
3713
3564
3404
3233
3050
2856
2654
2441
2219
1986
1744
1495
1237
970
697
417
130
-161
-459
-762
-1068
-1378
-1691
-2006
-2323
-2641
-2958
-3275
-3591
-3905
-4217
-4526
-4831
-5131
-5426
-5715
-5998
-6273
-6541
-6802
-7053
-7295
-7525
-7748
-7959
-8157
-8345
-8521
-8683
-8835
-8971
-9097
-9207
-9304
-9387
-9457
-9511
-9553
-9581
-9593
-9593
-9578
-9550
-9507
-9453
-9385
-9303
-9210
-9103
-8986
-8856
-8716
-8565
-8404
-8233
-8053
-7864
-7667
-7462
-7251
-7033
-6808
-6579
-6345
-6107
-5865
-5620
-5372
-5124
-4873
-4623
-4372
-4122
-3873
-3625
-3380
-3137
-2897
-2662
-2430
-2202
-1979
-1762
-1551
-1345
-1145
-953
-766
-588
-417
-251
-95
52
193
326
451
569
678
779
873
959
1037
1108
1171
1227
1277
1319
1354
1383
1406
1423
1434
1440
1443
1439
1432
1419
1404
1386
1363
1340
1313
1284
1253
1222
1188
1155
1121
1087
1053
1020
987
955
925
897
870
845
822
801
783
768
755
745
739
735
735
738
744
754
768
784
804
826
852
882
914
950
989
1030
1074
1120
1170
1222
1275
1331
1388
1448
1509
1572
1635
1700
1766
1831
1898
1965
2034
2101
2168
2235
2300
2366
2432
2495
2559
2621
2680
2739
2797
2852
2906
2957
3008
3055
3101
3144
3185
3225
3261
3296
3327
3357
3384
3409
3431
3451
3467
3483
3496
3506
3513
3519
3523
3524
3523
3520
3516
3508
3499
3488
3476
3461
3445
3426
3406
3385
3363
3338
3312
3286
3257
3226
3195
3163
3130
3095
3059
3022
2983
2943
2902
2861
2818
2775
2730
2684
2637
2588
2539
2489
2437
2385
2332
2277
2221
2165
2107
2049
1989
1928
1866
1804
1740
1675
1609
1542
1475
1407
1337
1268
1197
1126
1054
981
909
836
763
688
615
541
467
393
320
246
174
103
32
-37
-105
-173
-240
-305
-369
-430
-491
-549
-605
-659
-709
-759
-805
-848
-888
-925
-960
-990
-1018
-1042
-1063
-1079
-1093
-1102
-1108
-1109
-1108
-1102
-1092
-1077
-1059
-1037
-1012
-982
-949
-913
-872
-827
-780
-729
-676
-619
-559
-496
-431
-364
-295
-223
-150
-75
0
75
152
230
309
385
464
541
616
691
764
836
904
971
1036
1097
1155
1208
1259
1305
1347
1385
1417
1445
1466
1484
1495
1500
1499
1491
1478
1458
1430
1398
1357
1311
1258
1197
1130
1056
975
887
794
693
587
472
353
229
98
-35
-177
-323
-475
-630
-790
-953
-1119
-1289
-1462
-1636
-1813
-1991
-2170
-2351
-2531
-2713
-2892
-3071
-3249
-3425
-3599
-3770
-3937
-4103
-4264
-4420
-4573
-4719
-4861
-4997
-5128
-5251
-5368
-5478
-5581
-5676
-5764
-5844
-5915
-5978
-6032
-6080
-6117
-6145
-6165
-6176
-6179
-6173
-6157
-6133
-6101
-6060
-6010
-5952
-5887
-5813
-5732
-5644
-5548
-5447
-5337
-5223
-5103
-4976
-4846
-4709
-4569
-4425
-4279
-4127
-3975
-3820
-3662
-3503
-3344
-3184
-3024
-2864
-2705
-2547
-2391
-2237
-2085
-1936
-1789
-1646
-1507
-1372
-1242
-1115
-994
-877
-765
-660
-559
-464
-376
-292
-215
-143
-78
-19
32
80
122
158
188
214
234
249
260
265
268
265
259
249
237
220
203
183
161
137
114
88
63
38
13
-9
-32
-54
-74
-91
-106
-119
-127
-134
-136
-135
-129
-119
-105
-85
-62
-33
0
38
83
131
186
245
311
381
455
536
620
709
802
901
1001
1107
1216
1327
1442
1560
1679
1800
1923
2046
2171
2297
2421
2546
2669
2792
2914
3033
3149
3262
3374
3481
3584
3683
3779
3868
3952
4032
4106
4175
4235
4291
4341
4383
4419
4448
4470
4485
4492
4493
4487
4475
4456
4430
4398
4358
4314
4263
4207
4145
4078
4007
3930
3851
3766
3679
3589
3496
3401
3305
3206
3107
3008
2909
2811
2713
2616
2521
2428
2338
2251
2168
2088
2013
1941
1875
1814
1758
1707
1663
1625
1593
1567
1548
1536
1530
1531
1538
1553
1574
1602
1636
1676
1723
1777
1835
1898
1968
2042
2121
2204
2291
2381
2474
2570
2668
2768
2870
2972
3075
3177
3278
3380
3480
3576
3671
3762
3851
3935
4016
4090
4161
4225
4284
4336
4382
4420
4453
4476
4493
4502
4503
4496
4480
4456
4424
4384
4335
4278
4213
4140
4058
3970
3873
3770
3659
3542
3417
3288
3152
3012
2866
2716
2561
2403
2242
2078
1913
1746
1576
1407
1237
1067
898
731
564
400
238
80
-74
-225
-373
-516
-654
-788
-915
-1038
-1155
-1265
-1370
-1468
-1561
-1646
-1726
-1799
-1866
-1926
-1980
-2029
-2072
-2109
-2140
-2166
-2189
-2205
-2219
-2227
-2233
-2235
-2235
-2232
-2228
-2222
-2216
-2210
-2202
-2196
-2191
-2188
-2185
-2186
-2189
-2196
-2206
-2221
-2241
-2264
-2294
-2329
-2370
-2417
-2471
-2531
-2598
-2672
-2753
-2842
-2937
-3040
-3151
-3267
-3391
-3523
-3661
-3806
-3957
-4114
-4276
-4445
-4618
-4795
-4978
-5162
-5351
-5542
-5736
-5932
-6128
-6324
-6520
-6716
-6910
-7102
-7291
-7477
-7660
-7837
-8009
-8176
-8335
-8489
-8634
-8770
-8899
-9018
-9129
-9228
-9318
-9396
-9463
-9519
-9563
-9594
-9614
-9622
-9617
-9599
-9568
-9526
-9470
-9402
-9323
-9229
-9125
-9010
-8883
-8745
-8597
-8438
-8269
-8091
-7905
-7710
-7508
-7300
-7084
-6863
-6636
-6405
-6170
-5933
-5692
-5450
-5207
-4964
-4721
-4479
-4238
-4000
-3764
-3532
-3303
-3080
-2861
-2649
-2442
-2242
-2049
-1862
-1684
-1512
-1350
-1195
-1048
-910
-781
-660
-548
-444
-348
-260
-181
-109
-44
12
63
107
146
179
208
233
253
270
285
299
310
321
331
342
354
369
385
405
429
457
490
529
574
625
683
749
824
905
997
1097
1207
1326
1455
1594
1743
1902
2071
2250
2438
2637
2845
3063
3288
3523
3766
4017
4274
4538
4809
5085
5366
5650
5938
6229
6520
6814
7107
7400
7691
7980
8265
8546
8821
9092
9355
9609
9856
10093
10320
10536
10741
10932
11111
11276
11426
11561
11681
11784
11871
11941
11995
12029
12048
12048
12029
11995
11940
11869
11780
11673
11550
11410
11252
11080
10891
10688
10471
10238
9994
9738
9470
9191
8903
8605
8301
7988
7671
7347
7020
6690
6358
6025
5691
5360
5030
4703
4381
4063
3750
3446
3148
2860
2581
2312
2054
1808
1573
1351
1143
948
768
601
450
313
192
85
-3
-80
-141
-187
-218
-234
-238
-227
-202
-166
-116
-55
13
95
187
286
394
510
631
758
888
1023
1160
1299
1438
1577
1715
1851
1984
2113
2237
2355
2467
2571
2668
2755
2833
2901
2958
3003
3038
3059
3067
3064
3045
3014
2969
2911
2839
2752
2652
2538
2411
2271
2117
1950
1772
1582
1381
1170
948
716
476
228
-24
-286
-553
-825
-1102
-1381
-1661
-1944
-2227
-2509
-2791
-3070
-3345
-3617
-3884
-4146
-4402
-4650
-4889
-5121
-5344
-5556
-5758
-5949
-6129
-6298
-6454
-6597
-6729
-6847
-6951
-7043
-7121
-7185
-7238
-7276
-7302
-7316
-7317
-7305
-7282
-7249
-7204
-7148
-7084
-7010
-6927
-6838
-6740
-6637
-6528
-6413
-6296
-6174
-6050
-5923
-5797
-5670
-5543
-5418
-5294
-5175
-5057
-4945
-4837
-4735
-4640
-4551
-4469
-4394
-4327
-4270
-4220
-4181
-4151
-4130
-4119
-4117
-4126
-4145
-4172
-4211
-4258
-4314
-4378
-4453
-4534
-4624
-4721
-4824
-4934
-5049
-5170
-5294
-5422
-5553
-5686
-5821
-5957
-6092
-6227
-6359
-6489
-6617
-6740
-6858
-6969
-7076
-7175
-7267
-7349
-7424
-7488
-7543
-7586
-7619
-7638
-7647
-7645
-7627
-7599
-7556
-7501
-7432
-7350
-7256
-7147
-7027
-6893
-6746
-6587
-6416
-6235
-6041
-5838
-5625
-5402
-5171
-4932
-4686
-4433
-4175
-3910
-3642
-3372
-3098
-2823
-2547
-2272
-1998
-1725
-1454
-1188
-927
-670
-419
-174
59
287
507
717
918
1108
1287
1453
1609
1752
1883
2003
2108
2201
2282
2349
2405
2447
2477
2495
2502
2497
2482
2456
2420
2375
2322
2260
2191
2116
2035
1949
1860
1767
1671
1576
1479
1382
1287
1195
1105
1020
939
865
798
737
685
642
609
587
575
575
588
613
651
702
768
847
941
1048
1171
1308
1458
1623
1802
1994
2199
2417
2648
2890
3143
3408
3681
3964
4254
4553
4857
5167
5481
5799
6121
6442
6763
7085
7404
7720
8032
8338
8637
8930
9213
9488
9751
10001
10240
10464
10674
10869
11046
11208
11351
11476
11581
11667
11734
11780
11805
11808
11792
11754
11696
11615
11514
11393
11250
11087
10906
10704
10484
10247
9992
9720
9433
9131
8815
8486
8146
7795
7434
7065
6688
6305
5917
5526
5131
4737
4342
3949
3556
3169
2787
2411
2042
1681
1330
990
661
345
42
-244
-518
-775
-1016
-1241
-1447
-1635
-1805
-1955
-2087
-2200
-2293
-2367
-2421
-2457
-2473
-2471
-2449
-2410
-2354
-2281
-2190
-2085
-1964
-1829
-1681
-1520
-1347
-1165
-973
-770
-562
-346
-125
98
326
557
788
1020
1249
1478
1702
1922
2137
2344
2545
2737
2920
3092
3255
3405
3543
3668
3780
3877
3960
4028
4081
4119
4141
4147
4137
4111
4070
4013
3941
3853
3751
3635
3503
3359
3202
3031
2849
2657
2453
2241
2019
1789
1552
1309
1059
806
549
290
28
-233
-495
-757
-1017
-1274
-1529
-1778
-2022
-2261
-2493
-2717
-2935
-3143
-3343
-3533
-3713
-3883
-4042
-4189
-4325
-4450
-4563
-4665
-4754
-4832
-4898
-4953
-4996
-5028
-5051
-5061
-5062
-5053
-5035
-5009
-4973
-4930
-4881
-4825
-4763
-4697
-4625
-4551
-4474
-4394
-4312
-4230
-4150
-4068
-3988
-3911
-3837
-3765
-3699
-3636
-3580
-3528
-3483
-3446
-3415
-3393
-3378
-3372
-3373
-3384
-3404
-3432
-3471
-3518
-3574
-3640
-3714
-3797
-3889
-3990
-4098
-4213
-4335
-4465
-4600
-4742
-4888
-5040
-5195
-5354
-5515
-5679
-5844
-6009
-6175
-6340
-6503
-6664
-6823
-6978
-7130
-7275
-7415
-7549
-7677
-7797
-7909
-8012
-8108
-8193
-8268
-8333
-8388
-8431
-8465
-8486
-8497
-8496
-8482
-8458
-8422
-8374
-8316
-8247
-8166
-8074
-7972
-7861
-7739
-7609
-7471
-7323
-7169
-7008
-6839
-6665
-6487
-6304
-6117
-5927
-5735
-5540
-5345
-5150
-4955
-4760
-4569
-4379
-4193
-4009
-3832
-3658
-3489
-3328
-3172
-3023
-2881
-2747
-2622
-2504
-2395
-2294
-2202
-2119
-2045
-1979
-1922
-1874
-1834
-1803
-1779
-1763
-1754
-1752
-1757
-1767
-1783
-1803
-1828
-1856
-1887
-1921
-1955
-1991
-2026
-2061
-2094
-2125
-2154
-2178
-2197
-2211
-2219
-2220
-2214
-2199
-2174
-2140
-2097
-2042
-1977
-1898
-1809
-1706
-1591
-1462
-1320
-1164
-994
-809
-611
-399
-173
64
317
584
863
1155
1459
1774
2102
2438
2786
3141
3506
3877
4255
4640
5030
5423
5819
6217
6616
7015
7414
7810
8203
8592
8975
9352
9722
10083
10436
10777
11107
11425
11730
12021
12296
12556
12800
13026
13234
13426
13597
13750
13881
13994
14086
14157
14207
14237
14246
14234
14201
14148
14073
13980
13866
13733
13582
13412
13225
13021
12800
12563
12312
12047
11769
11478
11178
10865
10545
10216
9880
9539
9191
8840
8486
8131
7775
7419
7065
6713
6365
6021
5682
5351
5026
4711
4403
4105
3818
3543
3280
3028
2789
2565
2354
2158
1975
1808
1656
1519
1397
1290
1198
1123
1061
1013
981
963
958
966
987
1021
1066
1121
1187
1263
1347
1440
1541
1648
1761
1879
2000
2125
2253
2382
2511
2641
2770
2896
3020
3141
3256
3368
3472
3571
3663
3746
3822
3889
3945
3992
4029
4054
4069
4072
4063
4043
4009
3965
3906
3837
3755
3661
3554
3436
3306
3164
3012
2848
2673
2489
2294
2092
1880
1660
1432
1197
956
709
457
201
-58
-321
-588
-856
-1125
-1396
-1666
-1936
-2204
-2471
-2735
-2995
-3254
-3507
-3755
-4000
-4238
-4470
-4695
-4914
-5126
-5330
-5527
-5716
-5897
-6070
-6233
-6390
-6536
-6675
-6804
-6926
-7039
-7144
-7240
-7328
-7409
-7481
-7547
-7604
-7655
-7699
-7736
-7769
-7795
-7815
-7831
-7842
-7848
-7851
-7849
-7846
-7838
-7830
-7818
-7805
-7790
-7775
-7758
-7741
-7724
-7707
-7691
-7674
-7658
-7645
-7631
-7619
-7609
-7599
-7591
-7585
-7581
-7579
-7578
-7579
-7580
-7584
-7589
-7596
-7604
-7611
-7621
-7631
-7641
-7651
-7662
-7672
-7682
-7691
-7698
-7704
-7709
-7713
-7714
-7713
-7709
-7703
-7693
-7679
-7663
-7643
-7619
-7591
-7559
-7522
-7480
-7434
-7383
-7327
-7266
-7202
-7131
-7055
-6974
-6890
-6799
-6705
-6606
-6502
-6394
-6282
-6166
-6047
-5923
-5798
-5669
-5537
-5403
-5267
-5129
-4989
-4848
-4708
-4565
-4424
-4282
-4142
-4002
-3864
-3726
-3591
-3458
-3328
-3200
-3076
-2955
-2838
-2724
-2614
-2509
-2407
-2310
-2219
-2130
-2047
-1970
-1897
-1828
-1764
-1706
-1651
-1602
-1556
-1514
-1476
-1443
-1412
-1385
-1361
-1340
-1320
-1303
-1287
-1272
-1258
-1244
-1231
-1216
-1201
-1185
-1166
-1145
-1121
-1095
-1066
-1031
-992
-948
-899
-843
-783
-716
-641
-559
-470
-373
-269
-156
-34
93
232
379
536
701
874
1057
1249
1449
1658
1875
2101
2334
2575
2823
3077
3339
3607
3880
4160
4444
4732
5022
5318
5614
5913
6214
6514
6814
7115
7414
7709
8003
8294
8579
8860
9135
9404
9666
9920
10167
10402
10631
10848
11054
11249
11432
11602
11760
11905
12036
12153
12255
12343
12415
12474
12516
12542
12553
12548
12527
12491
12439
12372
12289
12191
12078
11950
11807
11651
11481
11297
11101
10893
10672
10441
10198
9946
9684
9413
9134
8847
8554
8255
7951
7642
7329
7014
6696
6377
6057
5737
5418
5100
4785
4474
4165
3861
3561
3269
2982
2701
2430
2165
1910
1663
1427
1200
982
778
583
399
228
68
-78
-213
-337
-448
-547
-634
-708
-770
-820
-858
-886
-901
-904
-898
-881
-853
-816
-769
-713
-649
-577
-497
-410
-317
-218
-114
-4
107
224
346
469
593
719
846
974
1100
1227
1351
1474
1593
1710
1824
1933
2037
2137
2232
2320
2403
2479
2549
2611
2667
2714
2753
2785
2808
2824
2830
2829
2819
2801
2775
2739
2695
2643
2582
2514
2438
2354
2262
2163
2057
1944
1825
1700
1568
1432
1289
1143
990
835
675
512
346
176
4
-166
-341
-517
-693
-871
-1047
-1224
-1399
-1574
-1748
-1921
-2091
-2258
-2423
-2585
-2744
-2900
-3051
-3199
-3344
-3483
-3619
-3750
-3877
-3998
-4115
-4227
-4333
-4435
-4532
-4624
-4711
-4793
-4868
-4940
-5007
-5069
-5126
-5179
-5227
-5270
-5309
-5344
-5375
-5402
-5426
-5447
-5463
-5476
-5486
-5495
-5500
-5502
-5502
-5501
-5498
-5493
-5486
-5479
-5469
-5459
-5448
-5437
-5424
-5412
-5399
-5387
-5375
-5362
-5350
-5339
-5326
-5316
-5306
-5296
-5288
-5280
-5273
-5268
-5263
-5259
-5256
-5254
-5253
-5253
-5254
-5257
-5259
-5264
-5269
-5275
-5282
-5289
-5298
-5306
-5316
-5327
-5339
-5350
-5362
-5375
-5387
-5401
-5414
-5428
-5442
-5457
-5470
-5485
-5499
-5514
-5527
-5542
-5556
-5570
-5584
-5598
-5612
-5624
-5638
-5650
-5663
-5675
-5687
-5700
-5711
-5722
-5733
-5745
-5754
-5766
-5776
-5785
-5794
-5804
-5813
-5820
-5829
-5836
-5844
-5851
-5857
-5864
-5869
-5872
-5877
-5880
-5882
-5884
-5884
-5884
-5881
-5877
-5872
-5866
-5859
-5848
-5836
-5821
-5805
-5787
-5764
-5740
-5712
-5681
-5648
-5610
-5568
-5522
-5473
-5419
-5361
-5298
-5228
-5155
-5077
-4992
-4902
-4806
-4703
-4595
-4481
-4359
-4232
-4098
-3956
-3808
-3652
-3491
-3321
-3144
-2961
-2770
-2571
-2365
-2153
-1934
-1707
-1474
-1234
-989
-737
-477
-213
55
331
611
897
1186
1480
1778
2080
2384
2690
2999
3311
3622
3936
4249
4563
4876
5187
5496
5805
6109
6412
6710
7004
7295
7579
7857
8129
8394
8652
8903
9146
9380
9606
9820
10026
10221
10406
10581
10744
10895
11035
11163
11279
11382
11473
11552
11617
11669
11710
11738
11753
11756
11746
11724
11689
11643
11585
11516
11435
11343
11241
11130
11008
10876
10736
10588
10432
10270
10098
9922
9740
9553
9361
9165
8966
8764
8559
8355
8147
7941
7734
7528
7324
7122
6922
6725
6533
6344
6160
5982
5808
5641
5480
5327
5180
5041
4910
4788
4672
4567
4469
4381
4300
4229
4167
4115
4070
4036
4009
3992
3983
3982
3990
4004
4027
4057
4093
4136
4184
4239
4299
4363
4431
4503
4579
4657
4738
4820
4902
4986
5069
5151
5233
5313
5391
5465
5537
5604
5668
5726
5778
5825
5866
5901
5927
5947
5959
5963
5958
5944
5922
5891
5850
5799
5740
5670
5591
5502
5403
5295
5177
5049
4913
4767
4611
4448
4275
4095
3906
3709
3506
3295
3077
2854
2624
2390
2150
1906
1658
1406
1151
893
634
373
110
-151
-414
-677
-939
-1201
-1460
-1718
-1973
-2226
-2474
-2720
-2962
-3199
-3432
-3661
-3883
-4100
-4312
-4518
-4719
-4913
-5102
-5283
-5459
-5628
-5790
-5947
-6096
-6240
-6376
-6507
-6632
-6750
-6863
-6969
-7071
-7167
-7257
-7343
-7425
-7501
-7573
-7641
-7705
-7767
-7825
-7879
-7931
-7981
-8028
-8073
-8116
-8158
-8199
-8239
-8278
-8316
-8353
-8391
-8428
-8465
-8503
-8541
-8579
-8618
-8657
-8697
-8738
-8779
-8821
-8863
-8907
-8950
-8995
-9040
-9084
-9130
-9175
-9221
-9265
-9311
-9356
-9400
-9443
-9485
-9527
-9567
-9604
-9642
-9676
-9709
-9738
-9766
-9790
-9813
-9831
-9846
-9859
-9866
-9871
-9871
-9869
-9860
-9849
-9831
-9812
-9785
-9756
-9721
-9681
-9638
-9589
-9536
-9478
-9416
-9349
-9278
-9202
-9122
-9038
-8950
-8858
-8763
-8665
-8563
-8458
-8350
-8238
-8125
-8009
-7892
-7771
-7650
-7527
-7401
-7276
-7149
-7022
-6894
-6766
-6637
-6509
-6380
-6252
-6123
-5996
-5869
-5742
-5617
-5491
-5367
-5243
-5120
-4997
-4876
-4755
-4635
-4516
-4395
-4276
-4157
-4038
-3919
-3800
-3679
-3559
-3437
-3314
-3189
-3064
-2936
-2806
-2673
-2539
-2401
-2260
-2116
-1968
-1815
-1660
-1500
-1335
-1166
-992
-812
-629
-439
-243
-42
162
374
593
816
1046
1280
1522
1768
2020
2278
2540
2808
3080
3357
3637
3923
4211
4503
4798
5094
5395
5695
5996
6299
6603
6906
7208
7508
7807
8104
8397
8687
8973
9253
9529
9799
10062
10319
10569
10809
11043
11266
11480
11684
11878
12062
12233
12393
12542
12677
12801
12912
13010
13094
13166
13223
13268
13299
13315
13319
13309
13287
13249
13200
13138
13063
12975
12876
12765
12642
12510
12367
12213
12050
11878
11698
11511
11315
11113
10905
10691
10473
10251
10025
9797
9566
9332
9099
8865
8631
8399
8167
7939
7712
7488
7269
7054
6843
6637
6437
6243
6056
5875
5700
5534
5373
5222
5077
4940
4812
4692
4579
4475
4378
4290
4208
4135
4069
4009
3957
3911
3872
3837
3808
3786
3767
3753
3743
3735
3731
3729
3729
3730
3733
3736
3739
3740
3741
3741
3739
3734
3726
3715
3700
3681
3657
3628
3595
3555
3511
3460
3403
3339
3269
3192
3108
3018
2921
2817
2706
2588
2464
2334
2197
2054
1905
1751
1591
1427
1257
1083
905
724
539
352
162
-27
-219
-414
-608
-802
-996
-1190
-1381
-1571
-1758
-1942
-2124
-2302
-2475
-2646
-2809
-2969
-3123
-3272
-3414
-3550
-3679
-3802
-3919
-4028
-4130
-4224
-4311
-4392
-4465
-4531
-4589
-4641
-4686
-4723
-4755
-4780
-4799
-4812
-4820
-4822
-4819
-4812
-4801
-4785
-4767
-4745
-4721
-4695
-4666
-4636
-4606
-4575
-4544
-4513
-4484
-4455
-4428
-4402
-4379
-4359
-4342
-4328
-4318
-4312
-4310
-4312
-4318
-4331
-4347
-4369
-4395
-4428
-4465
-4507
-4556
-4609
-4666
-4729
-4798
-4870
-4946
-5028
-5114
-5203
-5295
-5392
-5490
-5592
-5695
-5800
-5907
-6015
-6123
-6231
-6340
-6447
-6554
-6659
-6762
-6864
-6962
-7058
-7149
-7238
-7321
-7400
-7475
-7544
-7607
-7666
-7718
-7765
-7805
-7838
-7864
-7884
-7898
-7904
-7904
-7897
-7882
-7862
-7833
-7800
-7759
-7712
-7660
-7600
-7535
-7466
-7391
-7312
-7228
-7139
-7048
-6953
-6855
-6754
-6650
-6546
-6440
-6333
-6224
-6116
-6008
-5900
-5793
-5687
-5583
-5480
-5381
-5283
-5188
-5097
-5007
-4923
-4841
-4763
-4690
-4619
-4553
-4492
-4434
-4381
-4331
-4286
-4244
-4206
-4172
-4141
-4112
-4088
-4065
-4045
-4027
-4011
-3996
-3981
-3967
-3954
-3940
-3925
-3909
-3892
-3872
-3849
-3825
-3796
-3764
-3726
-3686
-3638
-3586
-3528
-3463
-3393
-3314
-3229
-3136
-3035
-2927
-2811
-2685
-2551
-2410
-2260
-2099
-1932
-1756
-1572
-1378
-1177
-969
-753
-528
-297
-60
181
431
686
946
1211
1479
1751
2025
2302
2581
2860
3139
3419
3698
3975
4249
4521
4789
5052
5311
5565
5812
6052
6284
6510
6726
6935
7132
7321
7499
7667
7822
7967
8101
8223
8332
8429
8513
8587
8646
8693
8729
8752
8763
8762
8749
8726
8691
8645
8589
8523
8448
8363
8271
8171
8063
7949
7830
7703
7574
7439
7302
7162
7019
6876
6732
6588
6446
6304
6165
6029
5895
5766
5641
5522
5408
5301
5201
5107
5020
4942
4871
4809
4755
4711
4675
4647
4630
4621
4621
4630
4647
4675
4709
4752
4803
4861
4925
4997
5076
5159
5248
5341
5439
5540
5643
5749
5857
5965
6073
6181
6289
6394
6497
6596
6691
6783
6869
6948
7023
7089
7148
7200
7242
7276
7301
7314
7319
7313
7296
7269
7229
7179
7117
7044
6960
6864
6757
6639
6510
6370
6220
6060
5890
5711
5522
5326
5121
4910
4692
4467
4237
4002
3762
3520
3275
3028
2780
2530
2281
2032
1785
1542
1300
1063
830
603
381
165
-42
-244
-436
-621
-798
-964
-1120
-1267
-1403
-1529
-1643
-1747
-1839
-1919
-1990
-2049
-2097
-2134
-2160
-2175
-2180
-2176
-2161
-2138
-2106
-2065
-2016
-1962
-1898
-1830
-1757
-1677
-1594
-1509
-1419
-1327
-1234
-1141
-1048
-956
-865
-776
-691
-608
-529
-456
-389
-327
-273
-225
-186
-155
-131
-117
-112
-119
-134
-160
-196
-242
-299
-367
-446
-536
-635
-745
-866
-997
-1138
-1288
-1447
-1614
-1790
-1974
-2165
-2364
-2567
-2778
-2993
-3213
-3436
-3662
-3892
-4122
-4354
-4587
-4819
-5051
-5280
-5507
-5732
-5953
-6170
-6382
-6590
-6789
-6984
-7172
-7352
-7523
-7687
-7842
-7988
-8125
-8253
-8371
-8479
-8577
-8664
-8742
-8809
-8866
-8914
-8951
-8979
-8997
-9006
-9006
-8999
-8981
-8956
-8924
-8884
-8839
-8786
-8728
-8665
-8597
-8525
-8450
-8371
-8290
-8207
-8122
-8037
-7952
-7867
-7782
-7698
-7617
-7537
-7460
-7386
-7316
-7247
-7184
-7126
-7071
-7022
-6976
-6936
-6901
-6870
-6845
-6825
-6811
-6799
-6794
-6793
-6796
-6803
-6813
-6827
-6844
-6863
-6885
-6907
-6931
-6956
-6981
-7004
-7028
-7049
-7068
-7084
-7097
-7106
-7110
-7108
-7102
-7089
-7068
-7040
-7004
-6961
-6907
-6844
-6772
-6690
-6596
-6493
-6377
-6251
-6113
-5964
-5803
-5629
-5444
-5248
-5041
-4821
-4590
-4348
-4095
-3833
-3560
-3277
-2986
-2685
-2377
-2062
-1740
-1411
-1077
-738
-395
-50
296
646
996
1346
1696
2044
2389
2730
3067
3400
3725
4045
4357
4661
4955
5239
5514
5778
6029
6268
6495
6709
6909
7095
7267
7425
7566
7694
7807
7904
7987
8054
8106
8145
8167
8177
8172
8153
8122
8078
8022
7955
7877
7789
7691
7584
7470
7347
7219
7085
6946
6804
6659
6511
6363
6214
6065
5917
5772
5630
5493
5359
5231
5109
4995
4888
4789
4698
4618
4547
4486
4436
4397
4369
4353
4350
4357
4376
4408
4451
4506
4573
4650
4739
4840
4949
5069
5198
5337
5484
5638
5799
5967
6139
6317
6498
6683
6869
7056
7245
7432
7619
7802
7982
8160
8331
8496
8654
8805
8947
9079
9202
9314
9413
9501
9577
9638
9686
9718
9737
9740
9727
9699
9654
9594
9517
9424
9315
9190
9048
8892
8719
8532
8331
8115
7885
7642
7388
7121
6843
6555
6257
5951
5637
5316
4989
4657
4321
3982
3641
3298
2956
2614
2274
1937
1604
1277
954
637
330
29
-260
-541
-811
-1069
-1316
-1551
-1772
-1979
-2171
-2350
-2514
-2663
-2796
-2914
-3015
-3102
-3173
-3228
-3267
-3292
-3302
-3297
-3278
-3246
-3200
-3141
-3070
-2988
-2895
-2791
-2678
-2556
-2426
-2289
-2147
-1998
-1845
-1689
-1529
-1368
-1206
-1043
-883
-723
-567
-413
-264
-120
16
147
273
388
496
594
683
762
830
886
932
965
986
995
991
976
948
907
853
788
709
619
518
404
280
146
1
-152
-316
-488
-668
-857
-1052
-1253
-1460
-1671
-1887
-2106
-2328
-2551
-2776
-3002
-3226
-3450
-3673
-3893
-4110
-4323
-4532
-4737
-4935
-5128
-5314
-5494
-5665
-5830
-5985
-6133
-6272
-6402
-6523
-6634
-6737
-6830
-6914
-6988
-7053
-7108
-7154
-7193
-7221
-7242
-7255
-7260
-7257
-7249
-7233
-7211
-7184
-7151
-7115
-7072
-7028
-6981
-6930
-6878
-6824
-6770
-6715
-6659
-6606
-6552
-6502
-6452
-6405
-6361
-6320
-6283
-6250
-6221
-6196
-6176
-6160
-6150
-6145
-6145
-6150
-6160
-6176
-6196
-6221
-6251
-6284
-6323
-6365
-6411
-6459
-6510
-6565
-6619
-6678
-6735
-6793
-6852
-6910
-6966
-7020
-7072
-7122
-7168
-7209
-7246
-7277
-7302
-7321
-7333
-7337
-7333
-7321
-7300
-7269
-7229
-7178
-7117
-7045
-6962
-6868
-6763
-6646
-6518
-6377
-6226
-6063
-5888
-5704
-5506
-5299
-5082
-4853
-4616
-4369
-4114
-3849
-3578
-3298
-3013
-2721
-2425
-2124
-1819
-1511
-1201
-888
-577
-264
45
356
662
966
1265
1561
1850
2132
2407
2674
2933
3183
3422
3651
3869
4076
4270
4453
4621
4778
4920
5049
5164
5265
5352
5424
5484
5529
5560
5577
5581
5572
5551
5516
5470
5413
5345
5267
5179
5081
4975
4862
4743
4618
4486
4351
4212
4069
3926
3781
3636
3492
3350
3210
3074
2941
2813
2691
2576
2468
2367
2276
2194
2121
2058
2006
1967
1938
1922
1918
1927
1948
1983
2030
2091
2164
2251
2350
2462
2586
2721
2869
3028
3198
3377
3566
3765
3971
4186
4407
4634
4867
5104
5345
5588
5834
6080
6327
6572
6816
7056
7293
7527
7754
7973
8187
8392
8588
8774
8950
9114
9265
9406
9531
9643
9741
9823
9890
9942
9977
9995
9998
9983
9952
9903
9839
9757
9659
9543
9412
9265
9103
8925
8733
8527
8307
8075
7830
7574
7306
7029
6742
6447
6145
5836
5521
5202
4878
4553
4224
3895
3566
3239
2912
2588
2269
1954
1645
1342
1047
759
480
210
-45
-294
-531
-755
-968
-1166
-1351
-1524
-1680
-1824
-1952
-2066
-2164
-2248
-2317
-2371
-2410
-2435
-2446
-2441
-2423
-2392
-2349
-2292
-2224
-2143
-2052
-1950
-1839
-1720
-1591
-1454
-1311
-1162
-1007
-848
-686
-520
-352
-182
-12
155
323
491
655
816
973
1125
1273
1413
1547
1675
1794
1905
2006
2099
2183
2256
2319
2371
2412
2442
2462
2469
2466
2451
2425
2386
2338
2278
2206
2124
2032
1929
1818
1696
1565
1424
1277
1120
956
786
609
426
238
45
-151
-352
-556
-763
-973
-1183
-1394
-1607
-1819
-2031
-2241
-2451
-2658
-2863
-3065
-3264
-3458
-3650
-3837
-4019
-4197
-4369
-4537
-4698
-4855
-5005
-5149
-5288
-5421
-5547
-5668
-5782
-5891
-5994
-6091
-6183
-6268
-6349
-6425
-6495
-6561
-6623
-6680
-6734
-6783
-6829
-6871
-6911
-6948
-6982
-7014
-7044
-7072
-7100
-7125
-7149
-7173
-7195
-7218
-7240
-7261
-7282
-7305
-7326
-7348
-7370
-7393
-7415
-7437
-7461
-7483
-7507
-7530
-7553
-7575
-7597
-7619
-7638
-7658
-7677
-7693
-7708
-7720
-7731
-7739
-7744
-7745
-7744
-7738
-7728
-7714
-7695
-7671
-7642
-7607
-7568
-7520
-7467
-7409
-7342
-7269
-7189
-7101
-7007
-6904
-6794
-6677
-6551
-6417
-6277
-6128
-5972
-5809
-5638
-5459
-5274
-5083
-4884
-4680
-4469
-4251
-4031
-3803
-3573
-3337
-3097
-2855
-2610
-2363
-2113
-1862
-1612
-1360
-1108
-858
-609
-362
-117
122
359
594
822
1047
1264
1476
1682
1881
2071
2255
2430
2595
2752
2900
3038
3167
3286
3394
3492
3580
3657
3724
3781
3827
3863
3889
3905
3911
3908
3894
3873
3842
3803
3756
3702
3641
3573
3499
3419
3334
3246
3153
3058
2958
2858
2756
2653
2551
2448
2348
2248
2152
2058
1968
1882
1802
1726
1658
1594
1538
1490
1449
1417
1393
1378
1373
1377
1392
1416
1450
1495
1550
1615
1691
1777
1872
1979
2096
2221
2356
2502
2654
2817
2986
3163
3348
3538
3735
3937
4145
4356
4570
4788
5007
5228
5450
5671
5893
6112
6329
6544
6754
6960
7161
7355
7543
7724
7897
8060
8214
8358
8492
8615
8726
8824
8911
8984
9043
9089
9120
9138
9141
9129
9103
9061
9005
8933
8847
8747
8631
8501
8357
8199
8028
7843
7646
7437
7216
6983
6741
6488
6226
5955
5676
5391
5098
4800
4496
4189
3879
3565
3251
2936
2621
2305
1993
1682
1376
1073
775
484
198
-78
-348
-609
-861
-1103
-1335
-1555
-1763
-1959
-2143
-2314
-2471
-2614
-2745
-2859
-2961
-3046
-3118
-3175
-3218
-3245
-3257
-3256
-3240
-3210
-3167
-3110
-3039
-2956
-2860
-2753
-2634
-2505
-2366
-2216
-2058
-1891
-1717
-1536
-1347
-1154
-956
-754
-548
-340
-130
79
291
502
712
920
1125
1327
1525
1717
1906
2087
2262
2430
2588
2740
2883
3015
3139
3252
3355
3447
3528
3597
3656
3702
3735
3758
3769
3766
3753
3726
3689
3640
3579
3506
3422
3328
3223
3108
2983
2848
2705
2552
2391
2224
2047
1865
1676
1481
1282
1077
868
656
441
223
3
-215
-438
-660
-882
-1104
-1325
-1543
-1761
-1975
-2186
-2395
-2600
-2801
-2997
-3188
-3375
-3556
-3733
-3903
-4068
-4227
-4379
-4526
-4666
-4800
-4928
-5048
-5164
-5272
-5375
-5470
-5561
-5644
-5723
-5795
-5862
-5924
-5982
-6034
-6082
-6124
-6164
-6199
-6230
-6257
-6282
-6303
-6322
-6337
-6350
-6363
-6372
-6380
-6386
-6391
-6395
-6399
-6401
-6402
-6402
-6402
-6402
-6402
-6401
-6400
-6399
-6396
-6395
-6392
-6389
-6385
-6381
-6376
-6371
-6365
-6358
-6349
-6339
-6328
-6314
-6299
-6282
-6262
-6240
-6215
-6188
-6157
-6123
-6085
-6044
-5999
-5949
-5896
-5838
-5776
-5709
-5637
-5560
-5479
-5392
-5300
-5203
-5102
-4995
-4883
-4765
-4644
-4517
-4386
-4250
-4109
-3965
-3816
-3663
-3508
-3349
-3187
-3022
-2855
-2686
-2515
-2344
-2171
-1998
-1825
-1653
-1480
-1310
-1140
-974
-810
-649
-490
-336
-186
-40
98
232
361
484
600
709
812
908
995
1074
1146
1211
1265
1313
1352
1382
1403
1417
1422
1419
1407
1388
1361
1326
1284
1236
1180
1119
1051
977
899
817
731
641
548
452
356
258
158
59
-37
-134
-229
-321
-410
-497
-578
-655
-726
-790
-847
-898
-940
-975
-1001
-1017
-1023
-1021
-1006
-982
-946
-901
-842
-773
-692
-599
-495
-378
-250
-111
38
199
373
556
750
954
1166
1388
1619
1857
2103
2355
2614
2878
3147
3419
3694
3972
4253
4533
4812
5093
5371
5645
5917
6185
6447
6704
6953
7195
7430
7655
7869
8074
8266
8449
8618
8773
8915
9043
9157
9256
9339
9407
9459
9495
9515
9519
9506
9476
9432
9370
9293
9200
9090
8968
8829
8676
8510
8331
8139
7934
7719
7493
7256
7012
6758
6498
6230
5957
5679
5397
5113
4826
4538
4250
3964
3679
3396
3118
2844
2576
2313
2058
1811
1573
1345
1128
920
724
542
371
214
70
-57
-172
-273
-357
-428
-482
-521
-546
-554
-547
-526
-490
-438
-373
-294
-202
-96
19
148
289
440
601
771
950
1136
1329
1527
1731
1938
2149
2361
2576
2791
3005
3218
3429
3636
3839
4038
4230
4415
4594
4764
4925
5077
5218
5349
5466
5573
5668
5748
5815
5869
5908
5933
5944
5939
5919
5886
5836
5773
5694
5601
5494
5371
5236
5087
4924
4750
4563
4364
4155
3934
3704
3465
3216
2961
2696
2427
2150
1870
1584
1295
1004
711
415
119
-174
-470
-763
-1054
-1342
-1628
-1910
-2186
-2457
-2722
-2983
-3236
-3482
-3722
-3952
-4176
-4390
-4598
-4796
-4986
-5167
-5339
-5502
-5658
-5803
-5941
-6070
-6191
-6304
-6408
-6507
-6597
-6680
-6758
-6829
-6895
-6955
-7010
-7061
-7107
-7151
-7190
-7228
-7264
-7297
-7329
-7360
-7391
-7421
-7452
-7485
-7517
-7550
-7586
-7624
-7663
-7705
-7750
-7797
-7847
-7900
-7956
-8014
-8077
-8141
-8209
-8279
-8352
-8428
-8505
-8583
-8664
-8745
-8829
-8912
-8995
-9078
-9161
-9242
-9323
-9400
-9474
-9546
-9614
-9679
-9738
-9792
-9840
-9884
-9918
-9947
-9968
-9980
-9985
-9980
-9967
-9943
-9908
-9865
-9810
-9745
-9669
-9581
-9483
-9372
-9251
-9118
-8973
-8817
-8651
-8472
-8284
-8085
-7875
-7657
-7427
-7190
-6943
-6689
-6427
-6158
-5881
-5599
-5313
-5021
-4724
-4425
-4124
-3821
-3516
-3211
-2906
-2603
-2302
-2003
-1707
-1416
-1129
-847
-572
-302
-42
210
455
692
918
1135
1341
1537
1722
1896
2057
2207
2346
2473
2587
2690
2782
2860
2928
2984
3029
3064
3087
3101
3106
3101
3086
3065
3035
2999
2957
2909
2856
2799
2739
2675
2611
2544
2478
2411
2346
2283
2224
2166
2114
2066
2024
1988
1959
1938
1924
1919
1923
1938
1962
1995
2041
2097
2163
2241
2332
2432
2545
2669
2804
2951
3108
3277
3456
3645
3843
4052
4268
4492
4724
4963
5208
5459
5715
5974
6236
6502
6767
7034
7301
7566
7831
8091
8348
8600
8847
9088
9321
9546
9762
9968
10164
10349
10521
10683
10829
10963
11082
11187
11276
11349
11408
11450
11476
11485
11477
11454
11414
11357
11283
11194
11089
10968
10832
10682
10516
10338
10145
9941
9723
9495
9257
9009
8750
8485
8212
7933
7648
7359
7065
6770
6472
6173
5874
5576
5280
4987
4697
4413
4132
3858
3591
3332
3081
2839
2607
2384
2173
1972
1783
1607
1442
1289
1150
1023
910
810
723
649
588
539
502
479
466
466
476
497
528
568
618
676
740
812
891
974
1062
1155
1249
1347
1445
1545
1644
1742
1839
1933
2022
2109
2191
2267
2336
2399
2454
2500
2539
2569
2587
2597
2596
2583
2560
2525
2479
2422
2353
2271
2178
2073
1957
1829
1690
1541
1380
1210
1028
838
640
433
218
-3
-232
-467
-708
-953
-1202
-1454
-1710
-1967
-2225
-2483
-2741
-2998
-3254
-3506
-3755
-4001
-4242
-4476
-4707
-4930
-5146
-5355
-5556
-5748
-5932
-6107
-6272
-6427
-6572
-6708
-6832
-6946
-7049
-7142
-7225
-7297
-7359
-7410
-7452
-7483
-7506
-7519
-7524
-7520
-7509
-7491
-7465
-7432
-7394
-7350
-7302
-7250
-7194
-7135
-7074
-7010
-6946
-6881
-6817
-6752
-6690
-6629
-6570
-6515
-6462
-6415
-6370
-6330
-6297
-6268
-6246
-6229
-6219
-6215
-6217
-6227
-6243
-6267
-6297
-6334
-6377
-6428
-6485
-6547
-6617
-6691
-6771
-6855
-6945
-7038
-7135
-7234
-7337
-7440
-7545
-7652
-7758
-7863
-7967
-8070
-8171
-8268
-8361
-8449
-8533
-8611
-8682
-8747
-8804
-8852
-8893
-8923
-8944
-8955
-8956
-8945
-8923
-8889
-8845
-8786
-8717
-8634
-8539
-8431
-8311
-8177
-8032
-7874
-7703
-7520
-7327
-7121
-6904
-6677
-6438
-6190
-5933
-5666
-5392
-5110
-4821
-4526
-4224
-3918
-3606
-3292
-2974
-2654
-2333
-2010
-1689
-1367
-1047
-729
-414
-103
203
505
802
1093
1377
1655
1924
2186
2438
2683
2917
3142
3357
3561
3756
3940
4114
4276
4429
4570
4701
4821
4932
5032
5121
5202
5273
5335
5388
5434
5471
5501
5525
5541
5552
5557
5558
5555
5548
5537
5525
5510
5494
5478
5460
5443
5427
5412
5399
5388
5381
5376
5375
5377
5383
5395
5411
5432
5458
5490
5527
5570
5618
5671
5731
5795
5866
5941
6021
6107
6196
6291
6389
6489
6595
6701
6811
6922
7035
7148
7262
7377
7489
7600
7710
7817
7921
8022
8119
8211
8297
8378
8453
8521
8582
8635
8680
8717
8744
8763
8773
8773
8762
8742
8711
8670
8618
8556
8482
8399
8306
8202
8089
7965
7832
7689
7538
7378
7210
7034
6850
6660
6464
6262
6055
5843
5627
5407
5186
4961
4737
4510
4284
4058
3834
3612
3393
3175
2963
2755
2552
2354
2163
1978
1800
1630
1469
1315
1171
1035
908
791
685
588
501
424
357
300
254
217
191
172
165
166
174
193
219
253
294
341
394
454
517
585
657
733
811
891
971
1053
1134
1215
1294
1371
1445
1516
1583
1645
1702
1754
1799
1838
1869
1891
1906
1912
1910
1898
1877
1846
1805
1753
1692
1620
1538
1447
1344
1232
1109
976
835
683
523
354
178
-4
-197
-395
-601
-812
-1030
-1251
-1476
-1706
-1937
-2171
-2407
-2644
-2881
-3117
-3353
-3586
-3818
-4047
-4271
-4492
-4708
-4918
-5123
-5320
-5511
-5695
-5871
-6037
-6196
-6346
-6485
-6617
-6737
-6848
-6948
-7038
-7117
-7187
-7245
-7293
-7331
-7359
-7377
-7384
-7381
-7370
-7349
-7319
-7282
-7236
-7183
-7121
-7054
-6979
-6900
-6814
-6725
-6631
-6533
-6432
-6329
-6222
-6116
-6008
-5898
-5790
-5682
-5576
-5470
-5368
-5268
-5170
-5077
-4986
-4901
-4820
-4743
-4672
-4606
-4546
-4491
-4443
-4400
-4364
-4335
-4311
-4294
-4282
-4278
-4279
-4286
-4299
-4317
-4341
-4369
-4403
-4441
-4484
-4529
-4579
-4631
-4687
-4745
-4805
-4866
-4928
-4991
-5053
-5117
-5177
-5238
-5298
-5355
-5409
-5460
-5509
-5553
-5594
-5630
-5661
-5687
-5709
-5723
-5733
-5737
-5733
-5725
-5709
-5685
-5656
-5619
-5576
-5525
-5468
-5403
-5331
-5254
-5169
-5078
-4980
-4876
-4767
-4650
-4529
-4403
-4271
-4135
-3993
-3848
-3699
-3548
-3391
-3234
-3072
-2910
-2745
-2577
-2410
-2241
-2072
-1902
-1733
-1563
-1394
-1227
-1061
-894
-731
-568
-407
-249
-91
60
212
362
510
654
796
937
1074
1208
1341
1473
1601
1727
1851
1974
2096
2215
2334
2451
2567
2683
2798
2914
3028
3143
3259
3374
3491
3609
3726
3846
3967
4089
4213
4338
4466
4595
4726
4860
4994
5131
5270
5411
5553
5697
5844
5990
6139
6289
6440
6591
6742
6894
7045
7197
7347
7496
7643
7789
7933
8073
8211
8346
8476
8603
8723
8840
8950
9056
9154
9246
9330
9407
9475
9536
9588
9632
9665
9690
9704
9709
9702
9686
9659
9622
9573
9515
9444
9364
9273
9170
9057
8934
8800
8656
8502
8340
8167
7985
7795
7596
7390
7178
6957
6731
6499
6261
6019
5773
5522
5270
5015
4759
4501
4243
3985
3729
3473
3220
2969
2722
2480
2242
2009
1782
1561
1346
1139
940
749
567
393
228
74
-69
-203
-327
-441
-544
-636
-718
-789
-848
-898
-937
-965
-984
-991
-989
-977
-956
-928
-889
-843
-789
-728
-660
-585
-506
-421
-331
-238
-141
-40
59
163
268
373
479
583
686
786
886
981
1073
1160
1243
1321
1393
1459
1519
1572
1617
1655
1685
1707
1721
1726
1722
1710
1687
1658
1618
1569
1511
1444
1368
1284
1191
1090
980
863
738
606
466
321
168
11
-151
-318
-492
-670
-850
-1033
-1221
-1409
-1601
-1792
-1984
-2178
-2370
-2561
-2752
-2941
-3128
-3313
-3494
-3673
-3847
-4018
-4184
-4346
-4502
-4652
-4798
-4938
-5071
-5198
-5319
-5434
-5541
-5643
-5737
-5824
-5905
-5979
-6046
-6106
-6160
-6206
-6247
-6282
-6310
-6333
-6349
-6360
-6365
-6365
-6361
-6351
-6338
-6320
-6299
-6273
-6245
-6214
-6179
-6142
-6103
-6062
-6019
-5974
-5929
-5882
-5835
-5787
-5738
-5690
-5641
-5593
-5545
-5498
-5450
-5404
-5359
-5314
-5270
-5227
-5185
-5144
-5104
-5066
-5027
-4990
-4954
-4919
-4884
-4851
-4817
-4784
-4752
-4719
-4688
-4656
-4624
-4592
-4559
-4526
-4492
-4457
-4423
-4387
-4350
-4311
-4271
-4230
-4188
-4143
-4098
-4050
-4002
-3951
-3899
-3844
-3789
-3730
-3671
-3610
-3547
-3482
-3416
-3349
-3280
-3210
-3138
-3066
-2993
-2919
-2844
-2768
-2693
-2617
-2541
-2467
-2391
-2317
-2242
-2169
-2097
-2026
-1955
-1887
-1821
-1756
-1692
-1632
-1573
-1516
-1462
-1409
-1358
-1311
-1267
-1224
-1183
-1146
-1110
-1078
-1047
-1018
-991
-968
-944
-923
-903
-884
-867
-851
-835
-820
-804
-789
-773
-755
-738
-719
-699
-677
-652
-625
-595
-563
-527
-486
-443
-394
-342
-285
-222
-155
-81
-3
80
171
268
371
480
595
718
847
982
1124
1273
1428
1589
1756
1929
2109
2294
2484
2679
2880
3085
3293
3507
3724
3944
4166
4390
4616
4843
5072
5301
5530
5758
5984
6210
6432
6652
6868
7081
7288
7492
7689
7880
8065
8243
8413
8575
8728
8873
9009
9134
9249
9355
9449
9532
9604
9664
9714
9749
9774
9787
9788
9776
9752
9715
9666
9607
9534
9449
9354
9247
9129
9000
8861
8712
8552
8384
8207
8022
7828
7627
7419
7205
6984
6760
6529
6296
6057
5816
5573
5329
5083
4837
4590
4346
4101
3859
3619
3381
3148
2919
2694
2473
2260
2050
1847
1653
1463
1282
1108
943
785
636
496
364
242
127
23
-70
-157
-235
-304
-363
-414
-456
-490
-516
-533
-543
-544
-539
-528
-510
-485
-454
-418
-376
-330
-280
-225
-168
-107
-44
18
85
153
222
291
361
429
497
564
629
691
752
810
865
915
963
1006
1046
1080
1112
1136
1156
1172
1182
1186
1186
1179
1166
1149
1125
1097
1062
1022
976
925
870
809
742
671
595
516
431
343
251
156
57
-43
-147
-255
-364
-476
-590
-706
-822
-940
-1058
-1177
-1296
-1416
-1536
-1655
-1773
-1891
-2008
-2123
-2237
-2350
-2462
-2571
-2679
-2785
-2888
-2989
-3089
-3185
-3280
-3372
-3461
-3548
-3632
-3714
-3794
-3870
-3945
-4017
-4086
-4155
-4219
-4282
-4343
-4403
-4460
-4515
-4568
-4620
-4670
-4718
-4765
-4811
-4856
-4899
-4942
-4984
-5023
-5063
-5102
-5140
-5177
-5215
-5251
-5285
-5321
-5356
-5390
-5423
-5457
-5489
-5521
-5552
-5583
-5614
-5644
-5673
-5701
-5728
-5756
-5780
-5805
-5829
-5852
-5874
-5893
-5912
-5928
-5944
-5957
-5969
-5979
-5987
-5993
-5996
-5998
-5998
-5994
-5988
-5980
-5969
-5955
-5939
-5921
-5900
-5875
-5848
-5818
-5784
-5749
-5711
-5670
-5627
-5579
-5531
-5479
-5424
-5368
-5309
-5248
-5185
-5120
-5052
-4984
-4913
-4840
-4767
-4691
-4615
-4537
-4459
-4379
-4300
-4219
-4139
-4058
-3977
-3897
-3816
-3735
-3656
-3576
-3497
-3419
-3342
-3266
-3190
-3117
-3044
-2972
-2902
-2833
-2765
-2699
-2634
-2570
-2508
-2447
-2386
-2328
-2271
-2214
-2158
-2103
-2050
-1996
-1943
-1891
-1839
-1787
-1735
-1682
-1630
-1577
-1522
-1468
-1412
-1354
-1295
-1234
-1172
-1108
-1041
-971
-899
-825
-748
-667
-583
-495
-404
-309
-210
-107
-1
109
224
343
467
596
729
867
1009
1155
1305
1460
1620
1784
1952
2123
2299
2478
2662
2848
3038
3230
3425
3622
3823
4024
4228
4434
4640
4847
5054
5263
5470
5679
5885
6090
6294
6497
6696
6894
7087
7278
7466
7650
7830
8003
8173
8338
8496
8650
8796
8937
9069
9196
9315
9427
9531
9627
9715
9794
9866
9928
9983
10029
10065
10093
10112
10122
10123
10116
10099
10075
10041
10000
9949
9891
9824
9749
9668
9578
9480
9377
9267
9149
9026
8897
8763
8623
8479
8330
8176
8019
7858
7694
7528
7360
7189
7017
6843
6669
6494
6319
6144
5970
5797
5624
5454
5285
5119
4955
4794
4635
4480
4328
4181
4037
3897
3761
3630
3503
3381
3264
3152
3044
2941
2843
2750
2662
2578
2500
2426
2356
2292
2231
2175
2123
2075
2030
1989
1950
1916
1882
1852
1825
1800
1775
1753
1732
1711
1691
1671
1651
1630
1609
1587
1563
1538
1511
1483
1452
1417
1380
1340
1296
1249
1197
1143
1083
1020
951
878
800
718
631
538
441
338
230
119
1
-120
-248
-379
-517
-659
-804
-954
-1109
-1267
-1429
-1594
-1763
-1934
-2109
-2286
-2464
-2646
-2828
-3012
-3197
-3381
-3566
-3753
-3937
-4121
-4305
-4486
-4667
-4845
-5021
-5193
-5363
-5531
-5694
-5854
-6009
-6159
-6305
-6447
-6583
-6714
-6839
-6958
-7072
-7180
-7282
-7378
-7467
-7550
-7627
-7697
-7760
-7817
-7868
-7913
-7951
-7983
-8009
-8029
-8043
-8052
-8054
-8053
-8045
-8033
-8016
-7993
-7969
-7939
-7905
-7868
-7828
-7786
-7741
-7693
-7645
-7594
-7540
-7487
-7434
-7379
-7323
-7269
-7215
-7161
-7108
-7056
-7005
-6957
-6910
-6865
-6822
-6782
-6744
-6708
-6675
-6644
-6618
-6593
-6572
-6554
-6538
-6525
-6516
-6509
-6505
-6504
-6505
-6509
-6515
-6524
-6534
-6546
-6560
-6575
-6591
-6608
-6626
-6643
-6662
-6679
-6696
-6713
-6729
-6742
-6755
-6766
-6773
-6780
-6782
-6781
-6777
-6770
-6758
-6742
-6722
-6696
-6667
-6632
-6591
-6544
-6493
-6435
-6370
-6301
-6224
-6142
-6052
-5957
-5855
-5746
-5632
-5510
-5382
-5248
-5108
-4961
-4809
-4650
-4486
-4316
-4141
-3961
-3776
-3586
-3393
-3194
-2992
-2786
-2577
-2365
-2149
-1932
-1712
-1490
-1268
-1043
-817
-591
-364
-139
86
312
537
762
984
1205
1424
1643
1857
2071
2281
2489
2694
2896
3095
3291
3483
3672
3858
4040
4219
4394
4567
4734
4899
5062
5221
5376
5529
5677
5824
5968
6108
6247
6384
6518
6649
6780
6909
7035
7161
7283
7406
7528
7650
7769
7889
8007
8126
8244
8361
8479
8595
8712
8830
8947
9062
9179
9295
9411
9526
9640
9754
9869
9980
10092
10202
10312
10418
10524
10627
10727
10826
10921
11013
11101
11187
11267
11343
11415
11481
11542
11597
11647
11689
11727
11755
11777
11792
11800
11799
11790
11772
11745
11710
11667
11614
11550
11478
11398
11306
11207
11096
10977
10848
10709
10561
10405
10240
10065
9882
9691
9491
9285
9071
8850
8621
8387
8147
7902
7652
7398
7138
6876
6612
6344
6076
5805
5534
5263
4991
4722
4454
4187
3923
3662
3405
3152
2904
2660
2423
2191
1965
1747
1536
1332
1136
948
768
596
434
280
135
0
-126
-244
-353
-454
-546
-627
-703
-769
-827
-879
-923
-959
-990
-1013
-1032
-1046
-1054
-1058
-1059
-1057
-1052
-1046
-1037
-1028
-1020
-1011
-1004
-997
-994
-992
-995
-1002
-1013
-1030
-1052
-1079
-1114
-1156
-1205
-1262
-1326
-1401
-1483
-1574
-1675
-1785
-1906
-2035
-2174
-2323
-2482
-2649
-2827
-3014
-3209
-3414
-3627
-3848
-4078
-4314
-4557
-4806
-5062
-5323
-5588
-5857
-6130
-6407
-6685
-6963
-7244
-7523
-7802
-8079
-8355
-8625
-8893
-9156
-9413
-9665
-9908
-10145
-10373
-10592
-10801
-10999
-11187
-11363
-11527
-11678
-11816
-11941
-12052
-12147
-12229
-12296
-12347
-12384
-12404
-12410
-12400
-12374
-12333
-12278
-12207
-12121
-12021
-11905
-11777
-11635
-11480
-11312
-11133
-10942
-10740
-10529
-10307
-10077
-9838
-9592
-9340
-9082
-8819
-8552
-8280
-8007
-7731
-7456
-7179
-6904
-6629
-6358
-6088
-5823
-5562
-5306
-5057
-4814
-4577
-4348
-4127
-3915
-3712
-3518
-3336
-3162
-2999
-2847
-2705
-2575
-2456
-2348
-2251
-2165
-2091
-2026
-1973
-1931
-1898
-1875
-1862
-1857
-1862
-1875
-1895
-1922
-1955
-1996
-2041
-2091
-2145
-2202
-2263
-2325
-2389
-2453
-2518
-2582
-2644
-2705
-2763
-2818
-2869
-2915
-2956
-2991
-3020
-3043
-3058
-3065
-3065
-3056
-3039
-3013
-2977
-2932
-2878
-2813
-2739
-2654
-2560
-2457
-2343
-2220
-2087
-1946
-1794
-1634
-1466
-1290
-1107
-915
-717
-513
-302
-88
131
356
584
816
1051
1287
1525
1763
2001
2240
2478
2714
2948
3179
3408
3632
3853
4070
4281
4487
4687
4882
5069
5251
5424
5592
5751
5903
6047
6185
6314
6436
6549
6655
6755
6845
6930
7008
7079
7142
7200
7252
7300
7341
7378
7410
7437
7462
7483
7503
7519
7534
7547
7559
7571
7583
7595
7607
7621
7636
7653
7673
7694
7718
7745
7776
7810
7847
7888
7933
7981
8033
8089
8148
8211
8278
8347
8420
8496
8574
8655
8737
8821
8907
8992
9078
9164
9249
9332
9414
9494
9571
9644
9712
9777
9836
9888
9936
9974
10006
10029
10044
10049
10045
10030
10004
9967
9918
9859
9785
9701
9603
9491
9367
9229
9079
8915
8737
8547
8342
8125
7895
7653
7399
7132
6855
6566
6267
5958
5640
5313
4979
4636
4287
3933
3574
3210
2843
2474
2103
1732
1361
990
623
258
-101
-457
-807
-1151
-1489
-1816
-2135
-2444
-2744
-3030
-3306
-3569
-3818
-4053
-4275
-4481
-4672
-4848
-5007
-5151
-5279
-5391
-5485
-5565
-5627
-5673
-5702
-5716
-5715
-5697
-5666
-5620
-5561
-5488
-5402
-5305
-5196
-5077
-4948
-4810
-4664
-4511
-4351
-4187
-4017
-3844
-3669
-3492
-3314
-3138
-2962
-2789
-2619
-2453
-2293
-2138
-1990
-1850
-1718
-1596
-1483
-1381
-1290
-1212
-1145
-1092
-1051
-1023
-1011
-1011
-1027
-1056
-1100
-1159
-1231
-1318
-1419
-1533
-1661
-1803
-1957
-2123
-2300
-2489
-2688
-2896
-3115
-3341
-3574
-3813
-4058
-4309
-4563
-4820
-5078
-5337
-5598
-5856
-6113
-6368
-6617
-6861
-7101
-7333
-7558
-7775
-7981
-8178
-8363
-8537
-8698
-8847
-8981
-9102
-9207
-9298
-9372
-9432
-9474
-9500
-9510
-9503
-9479
-9439
-9382
-9309
-9218
-9113
-8992
-8856
-8704
-8538
-8358
-8166
-7960
-7743
-7514
-7275
-7027
-6768
-6503
-6230
-5951
-5665
-5376
-5084
-4789
-4491
-4193
-3895
-3599
-3305
-3013
-2725
-2441
-2163
-1891
-1625
-1368
-1119
-879
-649
-428
-218
-19
166
342
505
656
794
919
1032
1133
1219
1294
1355
1404
1442
1466
1479
1481
1471
1452
1423
1383
1336
1279
1216
1144
1067
984
896
802
707
608
506
404
300
197
94
-6
-105
-202
-295
-385
-470
-551
-625
-695
-757
-811
-860
-901
-934
-959
-976
-984
-984
-975
-959
-933
-899
-857
-806
-748
-682
-609
-528
-441
-347
-248
-143
-33
79
198
320
445
573
702
832
963
1094
1224
1354
1481
1607
1730
1850
1965
2077
2184
2286
2381
2471
2555
2632
2703
2766
2822
2870
2910
2943
2969
2987
2997
2999
2995
2983
2964
2938
2906
2868
2823
2773
2719
2659
2596
2530
2459
2387
2313
2237
2161
2085
2009
1933
1860
1789
1721
1656
1596
1540
1489
1443
1403
1371
1345
1327
1318
1315
1321
1337
1361
1394
1437
1490
1551
1623
1704
1793
1892
2001
2118
2243
2377
2520
2669
2825
2989
3158
3332
3512
3695
3883
4074
4266
4461
4656
4851
5046
5238
5429
5617
5800
5980
6154
6322
6482
6636
6781
6916
7043
7159
7264
7358
7440
7509
7565
7609
7638
7655
7656
7642
7615
7573
7516
7445
7358
7257
7142
7013
6870
6714
6544
6361
6166
5959
5742
5514
5274
5027
4770
4506
4235
3957
3674
3388
3096
2802
2505
2209
1911
1614
1320
1027
738
452
173
-99
-366
-626
-877
-1120
-1354
-1576
-1788
-1989
-2178
-2354
-2518
-2668
-2804
-2928
-3038
-3133
-3214
-3281
-3333
-3372
-3396
-3406
-3404
-3386
-3358
-3314
-3260
-3194
-3116
-3028
-2928
-2820
-2703
-2577
-2443
-2303
-2158
-2006
-1850
-1690
-1527
-1363
-1197
-1031
-865
-699
-537
-377
-219
-68
78
220
356
485
606
719
825
920
1006
1083
1149
1205
1249
1283
1305
1316
1316
1305
1282
1248
1202
1146
1079
1001
914
816
708
593
467
335
194
47
-105
-265
-430
-600
-773
-950
-1130
-1311
-1494
-1677
-1860
-2042
-2224
-2402
-2578
-2751
-2920
-3084
-3242
-3396
-3543
-3684
-3817
-3942
-4060
-4171
-4271
-4363
-4446
-4521
-4585
-4641
-4687
-4723
-4750
-4768
-4775
-4774
-4764
-4745
-4718
-4683
-4640
-4589
-4531
-4466
-4395
-4318
-4235
-4148
-4058
-3962
-3864
-3764
-3661
-3556
-3451
-3344
-3239
-3133
-3030
-2927
-2828
-2731
-2638
-2547
-2462
-2381
-2304
-2233
-2169
-2109
-2057
-2010
-1972
-1938
-1912
-1893
-1882
-1879
-1881
-1891
-1908
-1932
-1963
-2000
-2044
-2093
-2148
-2209
-2276
-2346
-2421
-2500
-2583
-2669
-2757
-2848
-2940
-3033
-3127
-3220
-3314
-3406
-3498
-3587
-3674
-3758
-3838
-3914
-3986
-4054
-4115
-4172
-4222
-4266
-4304
-4333
-4357
-4372
-4381
-4381
-4372
-4357
-4332
-4300
-4259
-4211
-4153
-4088
-4016
-3935
-3847
-3751
-3648
-3539
-3422
-3301
-3173
-3039
-2901
-2757
-2611
-2459
-2305
-2148
-1989
-1828
-1665
-1502
-1339
-1175
-1012
-851
-691
-533
-378
-227
-78
65
206
342
474
599
719
834
943
1044
1140
1229
1313
1388
1457
1519
1573
1622
1663
1699
1726
1748
1764
1774
1778
1777
1771
1758
1743
1723
1700
1672
1643
1610
1576
1540
1502
1464
1427
1388
1351
1315
1280
1248
1218
1191
1167
1146
1130
1119
1113
1110
1114
1124
1139
1161
1188
1223
1265
1313
1368
1429
1499
1574
1658
1747
1843
1946
2056
2171
2293
2421
2554
2693
2835
2984
3136
3292
3452
3615
3780
3947
4116
4286
4457
4630
4801
4971
5141
5309
5474
5638
5798
5954
6106
6255
6397
6535
6667
6793
6912
7025
7131
7229
7319
7403
7477
7543
7601
7650
7691
7722
7744
7758
7761
7756
7743
7720
7689
7650
7601
7544
7480
7406
7326
7236
7142
7039
6930
6814
6693
6566
6433
6296
6154
6008
5857
5704
5547
5387
5226
5062
4896
4729
4561
4393
4224
4055
3888
3720
3553
3388
3224
3063
2902
2744
2588
2435
2284
2137
1991
1850
1711
1576
1443
1314
1188
1066
945
829
716
605
497
393
291
192
95
0
-90
-181
-269
-356
-441
-524
-606
-688
-769
-848
-928
-1006
-1084
-1162
-1241
-1319
-1398
-1476
-1556
-1635
-1716
-1797
-1879
-1962
-2045
-2129
-2214
-2299
-2386
-2473
-2561
-2649
-2739
-2828
-2919
-3009
-3098
-3189
-3280
-3369
-3458
-3548
-3636
-3723
-3808
-3893
-3976
-4058
-4137
-4215
-4290
-4363
-4433
-4500
-4564
-4625
-4682
-4737
-4786
-4834
-4876
-4914
-4949
-4979
-5004
-5025
-5042
-5053
-5061
-5063
-5062
-5056
-5045
-5028
-5007
-4982
-4954
-4920
-4883
-4841
-4796
-4747
-4693
-4637
-4578
-4515
-4450
-4382
-4311
-4239
-4165
-4088
-4011
-3931
-3852
-3772
-3692
-3611
-3530
-3450
-3370
-3292
-3215
-3139
-3065
-2993
-2922
-2854
-2789
-2727
-2668
-2611
-2557
-2508
-2462
-2420
-2381
-2346
-2315
-2289
-2266
-2247
-2233
-2222
-2216
-2214
-2216
-2221
-2231
-2245
-2262
-2282
-2305
-2333
-2364
-2396
-2432
-2471
-2511
-2554
-2598
-2644
-2691
-2740
-2789
-2839
-2889
-2940
-2989
-3039
-3087
-3134
-3182
-3225
-3269
-3308
-3347
-3383
-3415
-3444
-3470
-3492
-3511
-3524
-3534
-3540
-3540
-3537
-3528
-3514
-3494
-3471
-3441
-3405
-3364
-3318
-3266
-3208
-3144
-3075
-3000
-2920
-2834
-2742
-2646
-2542
-2436
-2323
-2205
-2083
-1955
-1824
-1689
-1548
-1404
-1257
-1107
-951
-795
-635
-472
-307
-141
26
194
366
537
709
882
1054
1226
1397
1568
1737
1905
2071
2235
2397
2556
2713
2866
3015
3162
3305
3444
3578
3708
3833
3954
4069
4179
4284
4383
4477
4565
4647
4724
4794
4858
4917
4969
5015
5054
5088
5115
5136
5151
5160
5162
5160
5151
5136
5117
5090
5059
5023
4982
4937
4886
4830
4770
4707
4639
4568
4493
4415
4335
4250
4165
4075
3986
3894
3800
3705
3610
3513
3417
3321
3224
3127
3031
2937
2843
2751
2660
2572
2485
2401
2319
2240
2163
2089
2020
1953
1890
1829
1773
1721
1672
1628
1588
1552
1520
1493
1469
1450
1434
1424
1417
1414
1416
1421
1430
1443
1459
1479
1502
1529
1558
1591
1625
1663
1702
1743
1787
1831
1877
1926
1973
2022
2071
2121
2170
2219
2267
2314
2360
2405
2448
2489
2528
2565
2598
2631
2658
2683
2705
2722
2737
2747
2753
2756
2753
2746
2735
2717
2696
2672
2641
2605
2564
2518
2467
2412
2351
2286
2215
2140
2061
1977
1887
1794
1697
1596
1490
1381
1268
1152
1033
910
785
659
528
395
261
126
-9
-148
-287
-428
-569
-709
-851
-991
-1131
-1272
-1411
-1547
-1684
-1819
-1952
-2082
-2211
-2338
-2461
-2582
-2700
-2814
-2927
-3035
-3139
-3241
-3339
-3432
-3523
-3609
-3690
-3767
-3841
-3910
-3975
-4036
-4091
-4142
-4191
-4233
-4271
-4305
-4335
-4359
-4381
-4398
-4409
-4418
-4422
-4422
-4417
-4408
-4395
-4379
-4359
-4336
-4307
-4276
-4242
-4203
-4161
-4115
-4067
-4014
-3959
-3900
-3838
-3774
-3707
-3636
-3563
-3487
-3408
-3326
-3242
-3156
-3066
-2976
-2881
-2786
-2686
-2587
-2484
-2380
-2273
-2165
-2055
-1943
-1830
-1715
-1599
-1481
-1363
-1243
-1123
-1001
-879
-757
-632
-510
-385
-263
-139
-16
105
227
347
467
585
702
817
930
1042
1151
1257
1361
1462
1558
1651
1742
1828
1910
1988
2060
2128
2191
2250
2302
2349
2390
2426
2454
2478
2494
2505
2509
2505
2495
2479
2456
2425
2387
2343
2292
2233
2169
2097
2019
1934
1843
1746
1641
1532
1418
1298
1172
1042
907
768
624
477
327
174
19
-136
-296
-456
-618
-780
-943
-1104
-1264
-1424
-1582
-1737
-1890
-2039
-2185
-2327
-2464
-2597
-2725
-2847
-2962
-3071
-3174
-3270
-3357
-3437
-3509
-3574
-3628
-3676
-3713
-3741
-3761
-3771
-3772
-3764
-3745
-3718
-3681
-3635
-3579
-3514
-3440
-3358
-3266
-3167
-3059
-2943
-2820
-2690
-2552
-2408
-2260
-2103
-1943
-1778
-1608
-1434
-1258
-1079
-897
-713
-528
-343
-158
24
209
392
573
750
925
1098
1265
1428
1586
1738
1886
2026
2160
2287
2406
2519
2622
2717
2806
2884
2953
3014
3066
3108
3141
3166
3179
3184
3180
3168
3146
3115
3075
3027
2971
2906
2834
2755
2669
2576
2475
2371
2260
2144
2024
1898
1771
1639
1504
1367
1228
1088
948
806
666
526
385
249
112
-18
-148
-275
-398
-517
-631
-740
-845
-944
-1037
-1124
-1203
-1278
-1345
-1404
-1458
-1504
-1542
-1574
-1598
-1614
-1623
-1625
-1619
-1607
-1586
-1558
-1525
-1484
-1437
-1383
-1324
-1258
-1187
-1112
-1030
-944
-853
-759
-661
-559
-454
-347
-237
-125
-12
101
217
333
450
567
683
799
914
1027
1139
1249
1357
1464
1567
1668
1764
1859
1949
2037
2122
2201
2278
2350
2418
2483
2542
2598
2650
2698
2741
2781
2816
2848
2875
2897
2917
2933
2946
2955
2959
2962
2961
2957
2950
2940
2927
2912
2895
2876
2854
2830
2806
2777
2749
2717
2686
2653
2618
2582
2545
2506
2467
2427
2386
2344
2300
2257
2212
2166
2119
2072
2024
1974
1924
1872
1820
1767
1712
1656
1599
1541
1481
1421
1358
1295
1229
1162
1094
1025
953
879
805
728
651
572
490
408
323
239
152
64
-22
-112
-203
-294
-385
-479
-572
-663
-757
-850
-941
-1032
-1123
-1212
-1300
-1386
-1470
-1553
-1633
-1711
-1785
-1857
-1926
-1990
-2052
-2109
-2161
-2210
-2255
-2293
-2327
-2356
-2379
-2397
-2410
-2416
-2416
-2411
-2400
-2382
-2359
-2329
-2293
-2251
-2204
-2150
-2091
-2025
-1954
-1877
-1797
-1710
-1618
-1522
-1423
-1319
-1211
-1099
-985
-868
-748
-627
-503
-379
-255
-130
-4
117
242
364
485
603
719
831
940
1046
1146
1243
1334
1419
1499
1572
1639
1699
1752
1797
1835
1865
1886
1900
1906
1902
1890
1870
1840
1803
1756
1701
1638
1565
1484
1396
1299
1195
1082
963
836
703
564
419
268
111
-48
-213
-382
-556
-731
-909
-1089
-1272
-1455
-1638
-1821
-2005
-2188
-2367
-2546
-2722
-2896
-3066
-3233
-3394
-3550
-3703
-3848
-3988
-4122
-4250
-4369
-4482
-4588
-4686
-4775
-4856
-4929
-4994
-5048
-5095
-5133
-5162
-5182
-5193
-5196
-5188
-5174
-5150
-5118
-5077
-5027
-4971
-4907
-4835
-4755
-4670
-4577
-4477
-4373
-4263
-4146
-4026
-3900
-3771
-3637
-3501
-3360
-3218
-3074
-2926
-2778
-2628
-2478
-2328
-2176
-2026
-1876
-1727
-1579
-1433
-1289
-1146
-1006
-868
-733
-601
-474
-348
-225
-107
4
115
222
325
424
518
609
696
778
857
932
1002
1069
1133
1191
1247
1300
1349
1394
1438
1478
1515
1550
1582
1612
1639
1664
1687
1710
1730
1749
1767
1783
1798
1813
1826
1840
1852
1864
1875
1886
1897
1908
1918
1928
1939
1949
1959
1969
1979
1989
1999
2009
2019
2027
2037
2046
2055
2063
2071
2078
2085
2091
2097
2101
2104
2108
2109
2111
2111
2109
2107
2103
2098
2092
2086
2077
2067
2055
2042
2029
2014
1998
1980
1962
1942
1921
1900
1877
1854
1830
1805
1780
1754
1730
1704
1679
1654
1628
1604
1579
1557
1535
1514
1494
1475
1458
1442
1428
1416
1406
1397
1392
1388
1386
1387
1391
1396
1404
1416
1429
1445
1463
1484
1507
1533
1562
1593
1625
1660
1697
1736
1775
1818
1860
1905
1950
1996
2042
2089
2137
2184
2230
2277
2322
2366
2408
2451
2489
2528
2562
2595
2624
2652
2675
2695
2711
2725
2732
2737
2737
2732
2724
2710
2690
2667
2638
2605
2565
2520
2471
2417
2356
2292
2222
2148
2068
1984
1896
1803
1706
1605
1500
1392
1280
1166
1048
928
806
682
556
429
301
172
43
-84
-213
-342
-470
-596
-721
-843
-965
-1083
-1198
-1311
-1421
-1526
-1628
-1726
-1820
-1910
-1994
-2075
-2149
-2220
-2284
-2344
-2399
-2448
-2492
-2530
-2562
-2590
-2612
-2629
-2641
-2647
-2648
-2644
-2637
-2624
-2607
-2586
-2560
-2531
-2498
-2462
-2422
-2381
-2336
-2289
-2240
-2189
-2137
-2083
-2029
-1973
-1917
-1861
-1805
-1749
-1695
-1640
-1588
-1536
-1485
-1437
-1390
-1345
-1301
-1262
-1223
-1187
-1155
-1125
-1098
-1073
-1051
-1032
-1016
-1004
-994
-986
-981
-979
-980
-982
-989
-996
-1006
-1018
-1032
-1047
-1064
-1082
-1102
-1123
-1144
-1166
-1188
-1211
-1234
-1257
-1279
-1301
-1323
-1344
-1363
-1383
-1401
-1417
-1432
-1445
-1458
-1468
-1476
-1483
-1488
-1491
-1491
-1491
-1488
-1484
-1476
-1469
-1459
-1447
-1434
-1419
-1403
-1386
-1367
-1347
-1327
-1306
-1284
-1263
-1241
-1218
-1196
-1174
-1152
-1131
-1112
-1092
-1074
-1057
-1042
-1028
-1016
-1006
-997
-991
-987
-985
-985
-989
-994
-1001
-1010
-1022
-1037
-1054
-1073
-1094
-1118
-1144
-1171
-1201
-1232
-1264
-1298
-1332
-1368
-1404
-1442
-1479
-1516
-1553
-1591
-1627
-1661
-1695
-1726
-1757
-1784
-1810
-1834
-1854
-1870
-1883
-1893
-1900
-1901
-1898
-1892
-1880
-1862
-1841
-1814
-1782
-1744
-1701
-1651
-1597
-1537
-1471
-1399
-1323
-1239
-1151
-1058
-960
-856
-748
-634
-516
-394
-268
-139
-6
129
269
410
554
699
847
995
1144
1293
1442
1591
1738
1885
2030
2173
2313
2449
2583
2714
2840
2963
3081
3193
3301
3403
3498
3589
3673
3750
3821
3884
3941
3991
4034
4070
4098
4119
4132
4140
4139
4131
4116
4095
4067
4032
3992
3945
3892
3833
3770
3700
3627
3549
3467
3381
3292
3200
3106
3009
2910
2809
2708
2606
2503
2400
2297
2195
2094
1995
1897
1802
1707
1617
1529
1443
1361
1282
1207
1136
1068
1005
946
892
841
794
753
714
681
652
626
605
588
574
564
558
554
554
556
560
568
577
588
600
614
627
642
659
673
688
703
717
729
740
750
758
763
766
766
765
760
752
740
727
708
687
661
632
600
564
524
481
435
384
331
275
215
152
88
19
-48
-120
-194
-269
-346
-423
-501
-579
-659
-737
-814
-891
-966
-1041
-1113
-1182
-1251
-1315
-1377
-1435
-1490
-1541
-1588
-1630
-1669
-1702
-1732
-1756
-1774
-1788
-1797
-1800
-1798
-1790
-1778
-1761
-1737
-1710
-1676
-1639
-1597
-1550
-1499
-1444
-1386
-1324
-1259
-1191
-1121
-1049
-975
-899
-822
-745
-668
-591
-515
-439
-364
-292
-222
-153
-89
-27
28
83
132
177
217
251
281
305
323
335
341
340
332
318
299
271
238
198
152
99
40
-23
-94
-170
-251
-338
-430
-526
-626
-729
-837
-946
-1059
-1174
-1290
-1407
-1525
-1643
-1761
-1877
-1991
-2104
-2216
-2323
-2428
-2528
-2624
-2715
-2801
-2881
-2955
-3023
-3082
-3136
-3182
-3219
-3249
-3270
-3281
-3285
-3280
-3265
-3241
-3209
-3167
-3116
-3055
-2987
-2909
-2822
-2726
-2623
-2511
-2392
-2266
-2132
-1991
-1845
-1694
-1536
-1373
-1207
-1037
-863
-688
-510
-330
-150
29
210
390
569
745
919
1090
1257
1421
1578
1731
1877
2019
2153
2279
2399
2509
2612
2708
2793
2869
2936
2994
3043
3080
3108
3128
3137
3136
3125
3105
3075
3036
2988
2932
2866
2793
2713
2623
2528
2425
2317
2201
2082
1958
1829
1696
1560
1422
1280
1139
995
851
708
565
423
282
145
9
-120
-249
-373
-492
-606
-717
-820
-918
-1009
-1093
-1171
-1242
-1305
-1361
-1409
-1450
-1484
-1510
-1527
-1538
-1541
-1536
-1525
-1505
-1479
-1447
-1407
-1362
-1310
-1254
-1192
-1125
-1053
-977
-898
-815
-729
-641
-551
-459
-367
-273
-178
-84
7
100
191
280
368
452
534
614
690
762
830
893
953
1007
1058
1103
1144
1179
1208
1233
1253
1268
1278
1282
1282
1277
1267
1252
1233
1211
1185
1155
1121
1084
1046
1004
960
914
867
819
770
721
671
621
572
523
476
431
387
345
305
268
233
202
173
147
126
107
93
81
74
70
71
75
84
95
110
129
151
176
204
234
268
304
341
381
420
462
505
548
590
634
676
717
757
794
830
863
894
922
946
966
982
995
1001
1004
1001
992
979
959
933
902
863
820
769
713
651
582
507
426
340
248
150
47
-59
-172
-289
-409
-534
-662
-793
-925
-1061
-1197
-1335
-1473
-1612
-1749
-1886
-2021
-2154
-2284
-2412
-2535
-2655
-2770
-2880
-2984
-3082
-3173
-3257
-3334
-3404
-3465
-3516
-3559
-3594
-3617
-3632
-3637
-3632
-3617
-3592
-3556
-3509
-3453
-3386
-3309
-3223
-3126
-3019
-2904
-2778
-2644
-2503
-2351
-2194
-2029
-1856
-1677
-1493
-1304
-1109
-910
-709
-505
-297
-89
119
328
538
747
954
1159
1361
1560
1753
1943
2127
2305
2477
2642
2799
2948
3090
3221
3344
3457
3560
3653
3736
3808
3869
3920
3959
3987
4003
4009
4003
3987
3960
3923
3874
3815
3746
3668
3581
3484
3379
3266
3146
3018
2884
2744
2597
2446
2291
2130
1968
1803
1635
1466
1298
1128
958
789
623
457
295
135
-18
-170
-316
-457
-593
-723
-846
-963
-1072
-1175
-1269
-1356
-1435
-1505
-1567
-1622
-1666
-1704
-1732
-1752
-1763
-1766
-1761
-1748
-1727
-1699
-1663
-1620
-1571
-1514
-1452
-1385
-1311
-1233
-1150
-1064
-974
-879
-784
-685
-584
-482
-381
-276
-173
-70
29
130
229
326
420
511
599
685
765
842
914
981
1044
1102
1154
1201
1242
1278
1308
1331
1350
1362
1370
1371
1366
1356
1340
1320
1294
1263
1228
1187
1144
1095
1043
987
929
868
804
737
668
598
527
454
381
306
233
158
85
12
-58
-129
-198
-265
-331
-394
-456
-515
-570
-625
-675
-723
-768
-810
-848
-883
-915
-945
-971
-994
-1015
-1032
-1046
-1058
-1067
-1073
-1078
-1080
-1082
-1080
-1077
-1073
-1068
-1062
-1054
-1047
-1040
-1031
-1023
-1016
-1009
-1002
-996
-992
-989
-986
-986
-987
-990
-995
-1001
-1010
-1021
-1033
-1048
-1066
-1084
-1105
-1129
-1154
-1181
-1211
-1241
-1273
-1308
-1342
-1378
-1416
-1453
-1491
-1531
-1569
-1608
-1646
-1684
-1721
-1756
-1790
-1823
-1854
-1881
-1907
-1931
-1950
-1968
-1980
-1990
-1996
-1998
-1995
-1989
-1977
-1960
-1939
-1913
-1881
-1845
-1803
-1756
-1702
-1645
-1582
-1514
-1439
-1361
-1278
-1188
-1095
-999
-896
-790
-680
-567
-449
-330
-207
-81
44
173
304
436
568
701
834
966
1098
1228
1357
1484
1608
1730
1847
1963
2073
2180
2282
2380
2472
2557
2639
2714
2782
2843
2899
2947
2988
3022
3048
3066
3077
3081
3077
3066
3046
3020
2986
2945
2896
2840
2777
2708
2631
2549
2461
2366
2266
2160
2051
1937
1818
1695
1569
1440
1308
1174
1038
901
762
623
484
345
206
68
-67
-202
-333
-464
-590
-714
-835
-951
-1063
-1171
-1274
-1371
-1464
-1551
-1632
-1707
-1777
-1839
-1896
-1946
-1990
-2026
-2057
-2081
-2098
-2108
-2112
-2109
-2101
-2085
-2063
-2036
-2003
-1963
-1918
-1867
-1813
-1752
-1687
-1618
-1545
-1468
-1386
-1301
-1215
-1125
-1032
-938
-841
-744
-645
-544
-444
-343
-243
-142
-43
54
152
249
345
438
528
618
703
786
867
945
1018
1090
1157
1221
1282
1337
1390
1438
1483
1522
1558
1591
1618
1641
1661
1677
1689
1696
1700
1700
1696
1689
1677
1663
1645
1624
1599
1572
1542
1509
1474
1435
1396
1354
1309
1263
1215
1165
1114
1062
1009
954
898
842
786
729
671
614
557
498
441
383
327
270
214
158
104
50
0
-52
-103
-152
-202
-249
-295
-340
-383
-425
-465
-505
-542
-578
-613
-645
-676
-706
-733
-759
-784
-806
-827
-846
-863
-879
-893
-905
-915
-924
-930
-935
-938
-939
-939
-937
-933
-927
-919
-910
-899
-886
-872
-856
-837
-819
-796
-774
-750
-724
-697
-667
-637
-606
-573
-538
-502
-466
-428
-388
-348
-306
-264
-222
-177
-132
-86
-40
4
52
99
147
194
243
292
341
389
436
485
532
580
626
672
718
763
806
850
892
933
973
1011
1048
1083
1118
1151
1182
1212
1239
1265
1290
1313
1334
1352
1368
1383
1396
1407
1416
1422
1426
1428
1428
1427
1422
1416
1407
1396
1383
1368
1351
1331
1310
1287
1262
1234
1205
1174
1141
1105
1069
1031
990
949
904
860
812
764
714
663
611
558
502
446
389
331
271
210
148
86
23
-38
-103
-168
-234
-300
-367
-434
-501
-569
-637
-704
-773
-841
-909
-977
-1044
-1112
-1179
-1244
-1310
-1376
-1440
-1504
-1566
-1628
-1689
-1747
-1805
-1862
-1917
-1970
-2022
-2072
-2121
-2166
-2211
-2252
-2292
-2329
-2364
-2396
-2426
-2452
-2475
-2497
-2515
-2530
-2541
-2550
-2555
-2557
-2556
-2551
-2542
-2531
-2516
-2498
-2475
-2449
-2421
-2387
-2351
-2313
-2269
-2224
-2174
-2122
-2067
-2009
-1948
-1883
-1818
-1748
-1677
-1604
-1530
-1453
-1375
-1294
-1213
-1131
-1048
-965
-882
-798
-714
-631
-548
-466
-385
-306
-228
-151
-76
-4
63
130
193
254
312
366
417
462
505
543
578
608
632
652
668
680
685
686
682
673
660
641
619
590
558
521
480
434
383
330
271
210
146
79
8
-63
-139
-215
-295
-376
-456
-539
-621
-704
-786
-868
-950
-1030
-1107
-1182
-1257
-1327
-1394
-1459
-1520
-1576
-1628
-1675
-1718
-1756
-1787
-1813
-1834
-1847
-1855
-1856
-1851
-1839
-1819
-1793
-1761
-1720
-1672
-1618
-1557
-1489
-1413
-1331
-1242
-1146
-1044
-937
-822
-702
-577
-445
-310
-170
-24
122
274
430
589
750
913
1079
1246
1413
1581
1749
1917
2083
2250
2415
2576
2736
2894
3048
3199
3345
3488
3626
3759
3888
4009
4126
4238
4342
4440
4532
4618
4696
4767
4831
4887
4937
4979
5015
5042
5063
5077
5083
5083
5076
5062
5041
5015
4981
4943
4898
4848
4794
4734
4668
4600
4527
4450
4369
4286
4199
4111
4019
3926
3832
3736
3638
3542
3442
3344
3245
3147
3050
2952
2856
2762
2668
2576
2485
2396
2309
2225
2142
2061
1982
1905
1830
1758
1687
1619
1552
1488
1424
1363
1304
1246
1188
1133
1078
1023
970
917
863
811
758
704
651
595
541
484
425
367
305
243
178
111
43
-26
-99
-174
-253
-333
-417
-502
-590
-682
-775
-871
-968
-1068
-1170
-1274
-1380
-1488
-1597
-1707
-1818
-1929
-2042
-2155
-2268
-2381
-2493
-2605
-2715
-2824
-2931
-3036
-3139
-3239
-3337
-3431
-3522
-3609
-3690
-3770
-3843
-3913
-3976
-4036
-4088
-4136
-4177
-4213
-4243
-4266
-4284
-4295
-4300
-4297
-4290
-4275
-4255
-4229
-4196
-4157
-4114
-4064
-4009
-3950
-3885
-3816
-3743
-3666
-3585
-3501
-3414
-3324
-3234
-3141
-3048
-2952
-2858
-2762
-2668
-2575
-2483
-2392
-2304
-2219
-2137
-2058
-1983
-1913
-1846
-1785
-1730
-1680
-1635
-1597
-1566
-1540
-1521
-1510
-1505
-1506
-1516
-1532
-1556
-1586
-1623
-1668
-1718
-1775
-1839
-1910
-1985
-2066
-2152
-2243
-2339
-2438
-2541
-2648
-2757
-2868
-2981
-3095
-3209
-3323
-3437
-3550
-3661
-3770
-3875
-3978
-4076
-4171
-4259
-4342
-4419
-4489
-4552
-4606
-4654
-4691
-4721
-4740
-4749
-4749
-4738
-4717
-4685
-4641
-4587
-4520
-4443
-4353
-4253
-4140
-4017
-3882
-3736
-3579
-3411
-3234
-3045
-2848
-2641
-2425
-2200
-1967
-1727
-1480
-1226
-966
-702
-433
-158
116
395
677
960
1243
1526
1809
2089
2369
2644
2917
3185
3450
3708
3960
4204
4443
4673
4896
5109
5314
5509
5692
5867
6030
6183
6324
6454
6572
6678
6773
6855
6926
6986
7032
7068
7091
7103
7105
7095
7074
7043
7002
6951
6890
6822
6745
6659
6566
6467
6360
6248
6130
6009
5882
5752
5618
5481
5344
5205
5064
4923
4783
4642
4503
4366
4230
4098
3967
3841
3718
3600
3484
3375
3270
3169
3075
2986
2901
2823
2751
2684
2623
2567
2518
2474
2435
2402
2374
2350
2332
2318
2308
2302
2299
2300
2304
2310
2319
2329
2341
2355
2369
2382
2397
2411
2423
2436
2446
2454
2461
2464
2464
2462
2457
2447
2433
2416
2394
2366
2335
2299
2258
2212
2161
2106
2045
1979
1908
1833
1752
1668
1578
1484
1386
1285
1180
1072
960
846
729
611
491
369
246
122
0
