172
-2
-85
-105
-56
-46
-54
-166
-304
-349
-395
-366
-300
-195
-48
149
269
274
205
134
142
123
79
37
70
121
135
74
-67
-229
-332
-316
-279
-274
-301
-313
-327
-405
-401
-392
-437
-388
-211
-32
94
157
109
19
-41
-68
-87
-47
-19
-6
5
-44
-158
-252
-314
-386
-472
-472
-437
-406
-385
-416
-427
-470
-504
-423
-362
-356
-351
-330
-322
-344
-272
-231
-267
-270
-196
-146
-168
-192
-145
-175
-279
-287
-356
-440
-495
-505
-537
-494
-350
-323
-258
-214
-299
-332
-279
-264
-232
-84
9
68
123
94
39
-9
-69
-23
49
17
65
147
46
-94
-134
-169
-185
-8
146
186
182
164
177
213
163
122
193
322
555
821
897
791
706
628
654
708
690
633
738
910
1056
1186
1153
914
816
962
1126
1181
1215
1293
1385
1475
1637
1709
1590
1468
1493
1677
1666
1632
1634
1560
1527
1579
1674
1715
1788
1843
1853
1892
1912
1907
1847
1818
1720
1727
1927
2088
2157
2164
2155
2183
2173
2167
2219
2167
2062
2132
2303
2374
2423
2415
2251
2163
2200
2343
2413
2336
2361
2508
2652
2804
2922
2864
2877
3064
3200
3264
3254
3272
3251
3220
3172
3084
3067
3133
3192
3124
3188
3233
3107
2981
2950
2841
2739
2817
2883
3020
3035
2956
3013
2934
2745
2707
2741
2641
2685
2863
2885
2894
2916
2820
2813
2720
2469
2377
2338
2363
2415
2320
2138
2039
1970
1923
1968
1780
1646
1751
1834
1910
1972
1894
1767
1744
1818
1982
1989
1881
1860
1812
1686
1673
1635
1450
1346
1261
1375
1499
1374
1235
1045
851
702
725
632
554
558
455
539
642
505
424
406
248
225
285
356
293
225
273
239
195
36
-15
-141
-292
-328
-396
-433
-503
-466
-467
-615
-729
-635
-588
-674
-701
-724
-744
-684
-698
-692
-734
-805
-741
-608
-495
-538
-577
-549
-588
-624
-671
-786
-918
-939
-867
-841
-985
-1154
-1207
-1170
-1196
-1252
-1321
-1468
-1508
-1389
-1312
-1414
-1539
-1546
-1450
-1390
-1386
-1465
-1563
-1647
-1655
-1558
-1524
-1626
-1698
-1728
-1723
-1694
-1749
-1817
-1923
-1979
-1977
-1922
-1850
-1896
-1875
-1876
-1888
-1823
-1697
-1633
-1644
-1674
-1649
-1566
-1469
-1399
-1425
-1479
-1570
-1534
-1436
-1417
-1480
-1569
-1603
-1619
-1557
-1513
-1565
-1657
-1711
-1672
-1581
-1541
-1612
-1705
-1740
-1749
-1664
-1589
-1550
-1550
-1550
-1524
-1481
-1428
-1411
-1423
-1435
-1427
-1365
-1278
-1221
-1242
-1311
-1363
-1355
-1301
-1227
-1193
-1159
-1103
-1025
-873
-742
-703
-673
-641
-566
-438
-361
-350
-342
-235
-139
-51
58
83
59
104
135
168
196
250
358
451
461
461
587
636
629
732
850
928
1090
1150
1197
1289
1339
1437
1584
1697
1792
2010
2196
2195
2188
2273
2260
2279
2391
2448
2565
2633
2660
2868
2986
2965
3107
3303
3334
3520
3744
3793
3756
3806
3956
3998
3935
3818
3986
4214
4282
4364
4409
4336
4378
4466
4475
4569
4702
5028
5485
5640
5685
5855
5874
5746
5691
5768
6109
6525
6748
6986
7221
7434
7744
8104
8140
8237
8718
9124
9426
9482
9293
8958
8579
8321
8169
8026
7669
7635
7828
8137
8471
8570
8720
8732
8866
9035
9105
8840
8458
8331
8117
7899
7727
7504
7271
7301
7282
7122
7029
6852
6668
6649
6436
6063
5634
5132
4770
4218
3390
2941
2609
2276
2314
2525
2360
2213
2274
2135
2009
1852
1374
1172
1301
1110
1102
1038
641
356
101
-223
-632
-1071
-1467
-1576
-1535
-1642
-1602
-1579
-1497
-1373
-1287
-1306
-1648
-1894
-1814
-1704
-2005
-2129
-1978
-2048
-1902
-1660
-1692
-1746
-1819
-1736
-1643
-1750
-1978
-2175
-2351
-2634
-2624
-2624
-2854
-3060
-3173
-3232
-3376
-3557
-3781
-3738
-3648
-3664
-3419
-3225
-3215
-3207
-3303
-3509
-3771
-3996
-4117
-4202
-4436
-4627
-4592
-4621
-4695
-4668
-4692
-4831
-4862
-4764
-4743
-4771
-4825
-4855
-4844
-4800
-4585
-4412
-4350
-4244
-4145
-3953
-3818
-3849
-3886
-3813
-3731
-3666
-3466
-3404
-3396
-3406
-3501
-3611
-3740
-3824
-3908
-3911
-3848
-3748
-3579
-3465
-3379
-3292
-3261
-3245
-3217
-3193
-3149
-3133
-3163
-3176
-3181
-3190
-3176
-3179
-3207
-3250
-3261
-3262
-3318
-3356
-3366
-3373
-3334
-3282
-3255
-3202
-3163
-3143
-3103
-3083
-3062
-2998
-2884
-2791
-2685
-2555
-2409
-2256
-2133
-2056
-2029
-1982
-1965
-1917
-1849
-1784
-1718
-1621
-1497
-1347
-1226
-1157
-1079
-958
-858
-754
-575
-396
-236
-63
87
181
239
324
416
524
630
721
832
998
1156
1281
1378
1481
1648
1866
2007
2097
2281
2456
2568
2718
2920
3138
3482
3930
4203
4517
5037
5442
5778
6142
6344
6468
6708
6864
6787
6824
7026
7262
7661
8219
8831
9363
9834
9997
10180
10415
10564
10816
11208
11924
12566
12978
13164
13179
13021
12647
12225
11865
12125
12835
13516
14162
14781
15317
15825
16277
15934
15280
15092
15165
15213
15119
14820
14699
15037
15326
14815
13879
12917
11657
10516
9269
7615
5844
4809
4662
4600
4427
3844
3558
3750
3990
3878
3127
2323
1715
1787
2260
2199
1687
1437
1705
1910
1806
701
-920
-2106
-2879
-3331
-3863
-4695
-4938
-4564
-4130
-4122
-4492
-4751
-4952
-4792
-4476
-4113
-3649
-3101
-1998
-1086
-825
-814
-746
-531
-354
-299
-547
-560
-272
131
600
647
197
-73
-77
-186
-580
-1199
-1870
-2272
-2375
-2353
-2372
-2673
-2749
-2384
-1965
-1662
-1635
-1687
-1656
-1622
-1696
-1847
-2050
-2388
-2496
-2624
-2921
-3251
-3586
-3962
-4387
-4754
-5152
-5469
-5653
-5764
-5729
-5649
-5532
-5407
-5200
-4971
-4901
-4915
-4934
-4813
-4599
-4344
-4041
-3746
-3423
-3100
-2891
-2900
-3018
-3164
-3370
-3575
-3655
-3785
-3830
-3866
-3925
-3878
-3828
-3787
-3682
-3608
-3500
-3299
-3040
-2797
-2624
-2391
-2157
-1933
-1837
-1877
-1978
-2137
-2351
-2591
-2844
-3093
-3353
-3555
-3674
-3813
-4009
-4234
-4466
-4670
-4811
-4908
-5030
-5135
-5136
-5022
-4899
-4791
-4692
-4567
-4408
-4230
-4099
-4000
-3916
-3827
-3744
-3686
-3639
-3608
-3587
-3560
-3551
-3599
-3631
-3657
-3649
-3639
-3523
-3238
-2922
-2587
-2265
-2042
-1769
-1552
-1327
-1075
-828
-635
-375
-95
164
408
571
706
830
1073
1258
1422
1479
1515
1640
1768
1919
2053
2173
2339
2614
2905
3157
3350
3459
3618
3825
4011
4202
4422
4735
5116
5495
5719
5764
5792
5905
6104
6360
6557
6796
7369
7976
8560
8981
9333
9694
10116
10858
11405
11865
12383
12977
13697
14505
15076
15299
15593
16114
16696
17136
17445
17270
16864
17170
17598
17501
17427
17278
17165
17649
18087
17783
16803
16025
15628
15226
15168
14576
13938
13647
13031
12310
11433
9570
7305
5769
4883
4431
4229
4099
4318
4610
4802
4957
4496
3801
2990
2653
2398
1555
866
366
59
-431
-969
-1380
-2011
-2536
-3228
-4174
-5468
-6564
-6951
-6990
-6891
-6745
-6275
-5909
-5743
-5324
-5167
-5303
-5361
-5010
-3831
-2517
-1599
-778
21
540
976
1372
1164
715
509
593
937
1034
1055
1218
1327
1268
1188
1068
759
593
549
774
1164
1342
1513
1614
1431
1291
1342
1144
1150
1407
1579
1789
1730
1544
1377
1071
733
481
301
97
-47
-282
-726
-1202
-1836
-2561
-3080
-3590
-4005
-4312
-4606
-4799
-4934
-4935
-4937
-4981
-4975
-4903
-4781
-4766
-4847
-5037
-5140
-5144
-5190
-5122
-5056
-4953
-4770
-4636
-4568
-4601
-4623
-4550
-4350
-4035
-3703
-3321
-3021
-2813
-2554
-2394
-2440
-2473
-2365
-2098
-1762
-1557
-1411
-1352
-1441
-1575
-1717
-1969
-2274
-2522
-2706
-2943
-3250
-3663
-4089
-4504
-4827
-4979
-5088
-5185
-5236
-5300
-5369
-5464
-5649
-5785
-5832
-5822
-5742
-5597
-5604
-5682
-5668
-5720
-5804
-5858
-5900
-5834
-5732
-5620
-5528
-5501
-5479
-5391
-5281
-5153
-5041
-4847
-4657
-4435
-4150
-3889
-3606
-3301
-2937
-2556
-2218
-1963
-1698
-1416
-1176
-955
-729
-508
-275
-7
302
656
999
1299
1587
1816
2038
2246
2401
2557
2760
2994
3193
3346
3482
3663
3827
3976
4169
4397
4628
4886
5246
5582
5805
5869
5956
6061
6164
6278
6426
6595
6904
7412
7988
8329
8569
8802
9223
9706
9897
10191
10652
11162
11655
12427
13051
13434
13818
14354
14860
15278
15578
15847
16066
16122
16406
16607
16301
15842
16000
16619
17058
17078
16982
17191
17371
17051
16270
15230
14232
13766
13482
13072
12529
12325
12378
12129
11586
11134
10704
10258
9853
9471
9286
8441
7556
6643
5621
4585
3501
2524
1781
786
-128
-830
-1954
-2908
-3667
-4364
-5285
-6602
-7702
-8419
-9085
-9761
-10118
-9789
-8578
-6886
-5561
-4510
-3878
-3424
-3134
-3322
-3851
-4238
-4026
-3501
-2801
-2010
-1232
-711
-578
-347
-260
-486
-688
-797
-726
-355
248
892
1559
2203
2806
3172
3150
2990
3035
3192
3428
3592
3842
4402
4862
4960
4696
4111
3547
3002
2304
1649
932
310
-18
-351
-556
-642
-737
-714
-718
-613
-656
-938
-1389
-1865
-2323
-2842
-3339
-3800
-4176
-4508
-4771
-5169
-5619
-6028
-6454
-6815
-7193
-7428
-7633
-7624
-7582
-7584
-7599
-7556
-7507
-7506
-7381
-7145
-6745
-6205
-5571
-4804
-4000
-3193
-2476
-1947
-1642
-1586
-1601
-1763
-1900
-2059
-2169
-2207
-2161
-2081
-2062
-2113
-2296
-2506
-2602
-2603
-2580
-2561
-2482
-2454
-2484
-2563
-2736
-3021
-3295
-3451
-3572
-3701
-3852
-3987
-4222
-4511
-4834
-5138
-5461
-5729
-5953
-6269
-6673
-7058
-7391
-7739
-7905
-7896
-7726
-7386
-6918
-6482
-6101
-5724
-5505
-5283
-5014
-4710
-4421
-4162
-3884
-3743
-3615
-3521
-3473
-3381
-3246
-3013
-2683
-2287
-1906
-1588
-1287
-1003
-728
-423
-61
286
657
1022
1467
1872
2165
2481
2802
3122
3416
3718
3934
4101
4243
4268
4302
4358
4341
4278
4340
4398
4504
4765
5018
5324
5712
6105
6516
6910
7228
7523
7897
8272
8540
8776
8964
9031
9100
9055
8958
9053
9186
9644
10185
10562
10887
11181
11461
11646
11748
11784
11867
12489
13704
14603
14795
15034
15595
16168
15986
15381
15039
14589
14397
14609
14628
13806
13015
12472
12008
11632
10649
9567
9253
9179
9401
9956
9910
9594
9682
9963
9784
8813
8365
8620
8598
9000
9488
9984
10448
10780
11148
10519
9089
7845
6966
5837
4174
1612
-995
-3520
-6003
-7882
-10269
-12557
-13196
-12023
-10000
-7741
-6224
-5162
-4189
-3971
-3858
-4540
-5963
-6474
-5922
-4356
-2651
-1293
-307
487
893
564
-28
-1139
-2208
-2703
-2847
-2776
-2578
-2011
-1632
-1564
-1710
-2032
-2392
-2645
-2149
-1445
-637
721
2430
4349
5709
6343
6300
5816
5120
4423
3531
2360
1583
1193
1216
1111
741
603
281
-83
-401
-886
-1344
-1810
-2187
-2450
-2695
-2917
-3020
-3060
-3227
-3384
-3580
-3882
-4107
-4207
-4168
-4409
-4824
-5006
-5184
-5583
-6277
-7103
-7815
-8518
-9031
-9406
-9884
-10066
-9894
-9386
-8676
-7962
-7122
-6220
-5280
-4507
-4018
-3745
-3551
-3365
-3175
-2866
-2594
-2274
-1925
-1699
-1594
-1665
-1874
-2191
-2561
-2792
-2892
-3134
-3342
-3553
-3782
-3977
-4334
-4535
-4513
-4472
-4256
-4033
-3752
-3351
-3150
-3071
-3108
-3262
-3464
-3703
-4120
-4620
-5111
-5643
-6022
-6351
-6597
-6678
-6654
-6519
-6295
-6116
-6000
-5928
-5849
-5722
-5642
-5522
-5365
-5137
-4865
-4619
-4325
-4066
-3741
-3315
-2893
-2462
-2105
-1803
-1562
-1372
-1222
-1228
-1291
-1250
-1137
-946
-659
-377
-98
342
923
1461
1981
2446
2882
3210
3530
3890
4090
4111
4002
4012
4229
4303
4186
4154
4424
4858
5224
5537
6093
6565
6795
7204
7500
7549
7746
8107
8285
8475
8836
9404
9771
9834
10134
10542
11175
11708
11793
11983
12292
12469
12548
12426
12264
12472
13070
13524
13576
13647
13423
13451
13560
13416
13018
13039
13147
13048
13190
12927
11968
11359
11434
10930
10672
10877
10028
9859
10291
10566
10619
10448
10667
10885
11144
11162
10032
8612
8109
7167
7164
7262
6698
7615
8431
8717
9461
8609
7655
6872
4996
2875
759
-1893
-4184
-6053
-7703
-8598
-8864
-8092
-7293
-6713
-5593
-5227
-5164
-4824
-5340
-5776
-5944
-6149
-5390
-4258
-3934
-2921
-2349
-2078
-1167
-1173
-1362
-1679
-2033
-1641
-1383
-1085
-904
-1018
-883
-856
-1208
-1659
-2331
-2534
-2292
-1997
-1143
-73
1117
2424
3531
4221
4608
4795
4438
3830
3172
2181
1484
1066
807
654
519
658
876
963
891
626
-82
-871
-1346
-2138
-2879
-3393
-3861
-4068
-4014
-3983
-4109
-4181
-4445
-4900
-5298
-5835
-6507
-7120
-7589
-8069
-8608
-8752
-9046
-9456
-9588
-9922
-10049
-9843
-9758
-9311
-8708
-8042
-6978
-6028
-5265
-4712
-4510
-4435
-4564
-4672
-4702
-4642
-4349
-3856
-3138
-2568
-2218
-2145
-2211
-2419
-2852
-3094
-3361
-3615
-3653
-3738
-3742
-3724
-3740
-3659
-3662
-3542
-3336
-3168
-2908
-2917
-3005
-3084
-3350
-3581
-3897
-4348
-4832
-5419
-5853
-6325
-6826
-7128
-7302
-7279
-7040
-6751
-6528
-6360
-6248
-6324
-6426
-6559
-6718
-6737
-6696
-6554
-6337
-6025
-5719
-5448
-5112
-4801
-4570
-4290
-3983
-3741
-3655
-3557
-3358
-3186
-2987
-2814
-2551
-2208
-1913
-1645
-1335
-863
-291
209
745
1280
1800
2302
2506
2468
2359
2246
2189
2305
2519
2615
2773
3091
3416
3682
3803
3842
3977
4251
4469
4718
5028
5250
5351
5655
5971
6230
6530
6775
7115
7642
8280
8590
8955
9405
9756
10037
10085
10125
10288
10603
11012
11268
11422
11888
12351
11998
11753
11583
11593
12142
12594
12776
12577
12992
13284
13056
12716
11976
11539
11624
11751
11730
11397
9701
8471
8339
7687
7533
7554
7636
8869
10041
10571
10405
9142
7911
7172
7321
7407
7921
9195
10859
12029
13636
13657
12786
12311
10860
9522
7530
4533
1864
-857
-4016
-7162
-9346
-10745
-10826
-9320
-7374
-5826
-4750
-3653
-3448
-4073
-5343
-6981
-7856
-7763
-6773
-5230
-3870
-2504
-852
228
743
667
-215
-1164
-2138
-3076
-3783
-4496
-4623
-4811
-4478
-4199
-4813
-5099
-5466
-5763
-5826
-5640
-4754
-3137
-993
1368
3169
4163
4856
5129
4728
3772
2626
1702
1412
1533
1975
2511
2917
3103
3114
2650
1591
184
-1287
-2487
-3475
-4073
-4345
-4495
-4309
-4088
-4092
-4121
-4031
-3990
-3651
-3512
-3876
-4128
-4954
-5811
-6951
-8607
-10036
-11315
-12123
-12570
-12742
-12683
-12693
-12391
-11879
-11268
-10553
-10124
-9537
-8749
-8068
-7570
-7178
-6880
-6589
-6193
-5625
-4970
-4171
-3235
-2420
-1835
-1468
-1272
-1545
-2074
-2688
-3579
-4348
-5064
-5449
-5533
-5720
-5569
-5211
-4645
-3869
-3372
-2877
-2379
-2125
-1960
-1958
-2157
-2519
-2978
-3515
-4065
-4541
-5088
-5561
-5889
-6104
-6164
-6235
-6331
-6351
-6494
-6727
-7088
-7471
-7820
-8272
-8597
-8749
-8669
-8364
-7894
-7269
-6561
-5754
-5101
-4572
-4271
-4273
-4338
-4438
-4665
-4801
-4945
-5076
-5123
-5055
-4857
-4593
-4143
-3516
-2706
-1740
-885
-169
327
584
752
719
680
811
989
1183
1442
1870
2281
2654
2947
3070
3331
3740
3986
4030
3965
3796
3628
3436
3299
3179
3297
3851
4510
5358
6336
7399
8308
9023
9891
10673
11246
11674
11984
12164
12282
12230
11813
11830
11988
12019
12574
13226
13477
13669
13699
13365
13208
13046
12908
12808
12501
12022
11506
10525
9252
8542
8507
8794
9682
10745
11704
11957
12515
11753
10568
10118
9508
9786
9925
9416
8913
9312
8658
8149
8210
8660
9965
11884
14120
15149
15313
14207
11247
6872
3138
-1866
-7091
-10061
-12068
-11339
-9076
-6831
-4517
-2390
-1694
-1975
-4058
-6469
-9163
-11345
-11360
-10746
-8992
-6313
-4130
-2355
-1466
-1371
-1743
-2564
-3767
-4469
-5059
-5230
-4204
-3710
-3596
-3345
-3952
-4871
-5936
-7051
-7834
-8519
-8050
-6902
-4655
-1855
349
1992
3361
4021
4020
3800
2972
2071
1420
1425
1385
1798
2331
2841
3541
4050
4732
4851
4761
4279
3161
1891
402
-1183
-2402
-3223
-3576
-3176
-2160
-920
-22
693
456
-243
-1090
-2298
-3082
-3810
-3771
-3409
-3048
-2733
-3322
-4325
-5697
-7230
-8581
-9721
-10460
-10506
-10238
-9812
-9553
-9717
-9979
-10566
-11287
-12098
-12575
-12853
-12641
-11744
-10631
-8966
-7365
-6073
-4991
-4533
-4545
-5241
-6254
-6835
-7407
-7605
-7520
-7197
-6422
-5971
-5778
-5763
-5907
-5929
-5992
-5873
-5514
-5088
-4636
-4255
-3924
-3813
-3892
-4217
-4499
-4559
-4754
-4922
-4957
-4889
-4730
-4727
-4850
-5113
-5525
-6185
-7169
-8119
-8976
-9871
-10399
-10585
-10476
-10109
-9669
-9131
-8618
-8114
-7885
-7826
-7580
-7369
-7181
-7041
-6976
-6869
-6805
-6792
-6751
-6596
-6385
-6138
-5799
-5313
-4798
-4382
-4097
-3806
-3552
-3360
-3177
-3103
-2899
-2647
-2364
-1879
-1286
-598
19
720
1470
2002
2381
2665
2829
2909
2915
2827
2727
2689
2778
2830
2975
3065
3182
3463
3880
4318
4524
4848
5133
5317
5751
6197
6256
6423
6770
7057
7726
8424
8928
9285
9953
10614
10982
11552
11862
11707
11315
11211
10982
10961
11354
11208
11109
11353
12531
13380
13532
13933
13933
13985
14893
15615
15035
14331
13433
12808
12465
11116
9558
9218
8695
9181
10227
9907
10353
9757
10332
9349
8100
7241
6143
7184
7839
8796
9891
11713
12015
12402
11191
7050
3667
24
-3001
-4982
-5924
-5737
-4679
-2757
-1965
-1947
-4354
-6975
-9465
-12263
-13595
-15037
-13821
-11787
-9258
-5947
-4590
-3338
-2651
-3033
-3874
-5253
-6523
-7070
-6267
-5199
-4265
-3414
-2623
-1978
-2103
-3033
-4491
-6075
-6832
-6878
-6856
-6131
-5387
-4141
-2789
-2007
-1338
-964
-688
-238
425
616
1122
1774
2524
3256
3770
4136
4512
5096
5326
5339
4557
3917
3074
1842
1033
-105
-984
-1092
-816
-177
391
829
1076
864
349
-547
-1612
-2462
-2845
-2764
-2164
-1327
-843
-1207
-2248
-3973
-5743
-7925
-9679
-10592
-10810
-10037
-8997
-8284
-8451
-9295
-10963
-12769
-14127
-15234
-15864
-15415
-14132
-12391
-10531
-9084
-8034
-7204
-7012
-6940
-7073
-7239
-7304
-7353
-7164
-6901
-6347
-6070
-5937
-5987
-6330
-6799
-7245
-7104
-6818
-6621
-6301
-6113
-5615
-5255
-5514
-5889
-6351
-6512
-6363
-6248
-5858
-5413
-5078
-4666
-4293
-4093
-4246
-4657
-5378
-6143
-6980
-7867
-8539
-8980
-9045
-9092
-9134
-8973
-8713
-8611
-8759
-8959
-8947
-8717
-8408
-8192
-8087
-8029
-8062
-8078
-8085
-8053
-7932
-7707
-7196
-6491
-5879
-5407
-5156
-5040
-4975
-5045
-5064
-5011
-4773
-4366
-3993
-3526
-2883
-2212
-1690
-1261
-782
-384
42
437
716
850
852
907
937
1021
1095
1070
1074
1265
1581
1806
2100
2456
2958
3483
4013
4426
4794
5120
5195
5366
5501
5910
6454
7025
7834
8523
8896
9269
9909
9853
9638
9791
10080
10575
10673
11052
11318
11266
11767
12082
12127
12373
12567
13181
14493
14464
14673
15157
15441
15492
15531
15790
15670
15039
14912
15165
13937
12454
11640
10367
9617
9540
8378
8872
9455
10033
10881
9585
10395
10612
9959
10776
10577
11319
12838
12877
12479
11308
8445
4788
951
-2775
-6031
-9250
-10440
-9325
-8390
-6986
-5976
-6315
-6777
-7277
-9951
-11910
-13106
-14486
-13535
-12542
-10272
-8076
-6872
-4196
-3100
-2873
-2814
-3847
-4312
-4652
-5194
-5744
-5760
-5482
-5284
-5512
-6407
-7083
-7585
-7987
-7938
-7993
-7458
-6266
-5251
-3553
-2352
-1777
-998
-36
840
1626
2162
2535
3265
3810
4269
4649
5088
5635
6118
6522
6890
6561
5850
4997
3437
1368
-508
-2090
-3208
-3510
-3187
-2581
-1362
337
1542
2182
2113
1623
709
-252
-793
-1392
-1397
-693
-28
853
1437
1253
511
-608
-2012
-3603
-4901
-5784
-6213
-6632
-7508
-8734
-10112
-11594
-13089
-14925
-16024
-15965
-15124
-13121
-11325
-9848
-8729
-8036
-7222
-7064
-7594
-8300
-8698
-8569
-8283
-8040
-7922
-7715
-7340
-7006
-6936
-7163
-7464
-7772
-8258
-8697
-8886
-9154
-9244
-9149
-8938
-8798
-8869
-8311
-7364
-6388
-5541
-4993
-4184
-3309
-2810
-2892
-3428
-4031
-4753
-5450
-6115
-6992
-7778
-8360
-8710
-8822
-8891
-8980
-9183
-9279
-9374
-9665
-9992
-10072
-9934
-9847
-9725
-9613
-9207
-8548
-8145
-7783
-7421
-6903
-6259
-5635
-5212
-5093
-5161
-5382
-5692
-6046
-6446
-7016
-7323
-7216
-6868
-6404
-5852
-5194
-4563
-3947
-3505
-3186
-2807
-2498
-2250
-1984
-1634
-1185
-685
-162
244
589
1048
1385
1734
2011
2134
2169
2057
2123
2148
1958
1724
1603
1672
1680
1705
1998
2465
3058
3841
4741
5454
6136
6851
7340
7499
7416
7412
7569
7837
8221
8755
9099
9647
10235
10261
10132
10033
10009
10561
11116
11519
12019
12563
12462
12029
11732
11136
10919
11561
13196
14007
15316
15768
15857
15918
14578
13076
11303
11514
10921
11246
11920
11683
12478
12578
13102
12531
11948
11467
10891
11267
11119
11007
11457
12468
12705
11955
9943
6740
3190
-955
-4238
-7200
-8176
-6657
-5184
-2681
-1208
-942
-1976
-3623
-5574
-8646
-10715
-11796
-11693
-10471
-8816
-7455
-6237
-4554
-3310
-3411
-3581
-4275
-5648
-6323
-6990
-7484
-7873
-7817
-7174
-7203
-7404
-8034
-8710
-8893
-8620
-8422
-8081
-6885
-5774
-4745
-4042
-3810
-3837
-3206
-2352
-1525
-595
15
699
1097
1547
1678
1783
2221
2977
3907
4750
5305
5093
4753
3682
1902
227
-1405
-2461
-2767
-2309
-1357
83
1944
3575
4396
4414
3679
2325
1058
-63
-765
-960
-225
1068
2223
3350
3588
3043
1940
524
-1178
-3155
-4726
-5564
-6041
-6136
-6160
-6428
-6719
-7113
-8047
-9515
-10913
-12072
-12342
-11690
-10475
-8987
-7608
-6270
-5636
-6349
-7756
-9692
-11172
-11485
-11245
-10307
-8954
-7522
-6387
-6344
-7158
-8456
-9900
-10814
-11228
-11232
-10774
-10293
-9604
-8972
-8729
-8729
-8851
-8740
-8249
-7499
-7002
-6520
-5785
-5177
-4615
-4513
-4848
-5214
-5815
-6567
-7286
-7805
-7993
-7875
-7455
-7117
-6902
-6922
-7361
-7934
-8676
-9430
-9843
-9708
-9142
-8438
-7752
-7167
-6696
-6334
-6180
-6362
-6401
-6091
-5672
-5100
-4525
-4102
-3909
-4037
-4333
-4841
-5516
-6033
-6326
-6295
-5883
-5368
-4803
-4178
-3668
-3457
-3550
-3791
-4023
-4075
-3999
-3808
-3359
-2677
-1868
-1063
-384
109
400
393
379
411
315
120
140
456
824
1152
1310
1224
1046
895
690
412
424
839
1534
2364
3090
3687
4040
4142
4140
4069
3901
4004
4520
5209
5978
6715
7363
7948
8248
8342
8157
7770
7643
7747
8078
8660
9206
9795
10121
10123
10022
9544
9150
8866
9184
9725
11188
12065
12582
12573
11517
11491
10776
10776
10984
11391
12510
13727
14217
14179
13547
13039
13045
12531
12972
12981
12966
13136
12615
11960
11516
11590
12121
12946
12942
12651
11313
9508
6670
3858
772
-1606
-2586
-2866
-2404
-1764
-1019
-622
-706
-730
-989
-2538
-3885
-5085
-6082
-6524
-6583
-5812
-4852
-3683
-2564
-2345
-2785
-3339
-4698
-6120
-7231
-7722
-7559
-7160
-6878
-7079
-7252
-7959
-8900
-9509
-10308
-10417
-10119
-9423
-8205
-7342
-6407
-5478
-4999
-4558
-4376
-4472
-4386
-4501
-4102
-3627
-3166
-2316
-1507
-587
-93
200
276
154
141
-41
-283
-592
-971
-1226
-1684
-2007
-1881
-1570
-772
287
1353
2327
2885
3248
2975
2515
2139
1810
1813
1783
1851
1595
1272
831
-41
-960
-1580
-2107
-2805
-3372
-4068
-4908
-5923
-6608
-7314
-8043
-8374
-8513
-8302
-8237
-8280
-8510
-8530
-7883
-7247
-6781
-6474
-6225
-6131
-6511
-7327
-8177
-8938
-9457
-9673
-9677
-9810
-9956
-10024
-10068
-10056
-10128
-10223
-10159
-9936
-9692
-9850
-10176
-10114
-9898
-9503
-8890
-8417
-7894
-7242
-6810
-6527
-6345
-6322
-6350
-6445
-6480
-6718
-7165
-7589
-8020
-8357
-8636
-8750
-8699
-8563
-8389
-8306
-8112
-7760
-7189
-6788
-6646
-6401
-6170
-5959
-5772
-5646
-5502
-5131
-4697
-4170
-3713
-3396
-3264
-3180
-3101
-3044
-3097
-3332
-3507
-3591
-3734
-3915
-3970
-3879
-3595
-3250
-2906
-2564
-2186
-1710
-1362
-1115
-817
-414
-107
46
98
76
-1
-104
-27
156
347
619
875
1122
1324
1244
1048
1038
1122
1143
1236
1398
1726
2177
2601
3048
3580
4226
4852
5408
6044
6631
7005
7287
7586
7905
8195
8487
8619
8697
8740
8989
9169
9340
9810
10436
11003
11320
11734
11815
11838
11748
11983
12281
12548
13074
13539
13824
13479
13184
12954
13237
13966
14642
15431
15746
16168
15729
15152
14069
13922
14142
14277
14758
15940
16423
16133
15992
15514
14934
14911
14970
14548
13315
10826
7831
5096
2330
432
-554
-518
428
1971
2676
2588
1795
760
-319
-1721
-3080
-3807
-4174
-4709
-4542
-4461
-4124
-3316
-2281
-1732
-1980
-3033
-4691
-5822
-6562
-7416
-8024
-8284
-8429
-8328
-8562
-9519
-10939
-11948
-12014
-11669
-11031
-10248
-9963
-9556
-9170
-8851
-8292
-7692
-6888
-6196
-5704
-5334
-5331
-5216
-4972
-4628
-4211
-3311
-1980
-1034
-447
-386
-807
-1081
-1284
-1709
-2368
-3061
-3625
-3763
-3444
-2662
-1671
-275
1293
2679
3555
3684
3316
2823
2470
2425
2565
3225
4166
5154
5797
5807
5554
5160
4798
4315
3880
3560
3148
2830
2676
2190
1191
-28
-1003
-1745
-2406
-3043
-3587
-3726
-3426
-3258
-3486
-4012
-4722
-5403
-5907
-6359
-6941
-7358
-7257
-7085
-7074
-7490
-8186
-8458
-8396
-8369
-8570
-8832
-8895
-8713
-8883
-9313
-9875
-10448
-10734
-10731
-10669
-10611
-10532
-10351
-9823
-9170
-8738
-8584
-8557
-8276
-8200
-8485
-8636
-8683
-8616
-8467
-8465
-8381
-8126
-7927
-7872
-8007
-7998
-7800
-7625
-7321
-7241
-7486
-7563
-7556
-7379
-7119
-7068
-7037
-6688
-6039
-5515
-5254
-5034
-4723
-4187
-3608
-3370
-3309
-3247
-3182
-3170
-3247
-3321
-3300
-3121
-2784
-2442
-2257
-2156
-2058
-1922
-1728
-1701
-1835
-1787
-1529
-1370
-1347
-1406
-1336
-1057
-761
-565
-438
-180
141
335
475
554
627
684
722
813
817
676
569
621
755
859
911
1021
1362
1653
1687
1609
1611
1692
1820
1868
1939
2116
2344
2502
2591
2757
2942
3114
3401
3809
4079
4313
4649
4991
5193
5204
5275
5537
5958
6251
6326
6356
6756
7393
7900
8061
8060
8127
8246
8324
8179
8052
8182
8501
9028
9527
9513
9290
9144
9027
9046
9052
9388
9745
10274
10729
10577
10254
10168
10067
10336
11026
11361
11834
12440
12859
13161
13279
13249
13779
14720
15218
15601
15532
14439
12659
10742
8138
5540
3448
2086
1530
1628
1848
2542
3381
3547
3281
2284
834
-242
-1116
-1957
-2102
-1873
-1331
-270
463
825
919
510
-59
-376
-636
-974
-1437
-1931
-2571
-3496
-4669
-6049
-7143
-7937
-8660
-8793
-8568
-8229
-7801
-7595
-7734
-7973
-8212
-8248
-8150
-7904
-7512
-6803
-5818
-4919
-4248
-3920
-3812
-3742
-3632
-3366
-2925
-2489
-1843
-1168
-822
-919
-1455
-2404
-3638
-4698
-5487
-5813
-5439
-4428
-3059
-1689
-606
88
260
97
-270
-750
-949
-659
76
1016
1860
2442
2664
2515
1937
958
-11
-595
-800
-921
-1021
-1172
-1533
-2419
-3836
-5278
-6688
-7850
-8188
-7603
-6551
-5509
-4593
-3865
-3692
-4099
-5054
-5997
-6441
-6507
-6253
-5785
-5290
-4904
-4965
-5449
-6124
-7035
-7742
-8161
-8289
-8099
-7835
-7688
-7663
-7759
-8246
-9025
-9862
-10376
-10266
-9979
-9338
-8098
-6911
-5941
-5342
-5254
-5460
-6050
-6793
-7348
-7570
-7446
-7227
-6929
-6539
-6475
-6705
-7074
-7502
-7817
-8042
-8143
-7984
-7549
-6989
-6573
-6386
-6338
-6290
-6313
-6372
-6234
-5797
-5117
-4235
-3277
-2314
-1596
-1280
-1350
-1666
-2081
-2614
-3013
-3119
-2899
-2463
-2028
-1602
-1203
-1024
-1085
-1273
-1437
-1414
-1280
-991
-559
-59
375
599
658
656
586
458
407
637
1121
1612
2008
2399
2625
2559
2237
1795
1349
1119
1013
1062
1424
1951
2496
3002
3445
3721
3858
3953
4041
4209
4465
4743
5044
5483
6000
6274
6272
6366
6665
6948
7133
7387
7945
8638
9252
9647
9892
10089
10265
10351
10082
9665
9385
9398
9757
10384
11112
11790
12568
13181
13437
13217
12738
12366
12446
13050
13934
14774
15489
15692
15738
15451
14773
14364
14363
14802
15342
15846
16221
16302
16054
15721
15368
14476
13171
11723
10704
9321
7650
6248
5737
5730
5987
6261
6205
5536
4790
3939
3136
2497
2127
2164
1992
1835
1405
756
51
-517
-695
-738
-604
-604
-751
-1101
-2018
-3376
-4233
-5040
-6090
-6971
-7803
-8537
-9239
-9537
-9259
-8949
-8600
-8296
-8203
-8420
-8945
-9407
-9686
-9677
-9278
-8556
-7660
-6980
-6554
-6466
-6708
-6921
-6835
-6475
-5964
-5536
-5109
-4681
-4468
-4445
-4597
-4848
-5263
-5626
-5788
-5760
-5584
-5237
-4519
-3500
-2467
-1492
-707
-257
26
255
369
477
980
1701
2381
3012
3462
3820
4094
4283
4381
4389
4403
4435
4461
4441
4298
4007
3551
3099
2741
2149
1433
783
175
-86
-168
-216
-100
104
192
10
-429
-1023
-1774
-2410
-2707
-2798
-2779
-2628
-2282
-2116
-2219
-2694
-3581
-4436
-5248
-6029
-6646
-7066
-7186
-6997
-6874
-6970
-7329
-7999
-8837
-9642
-10194
-10348
-9997
-9242
-8236
-7322
-6697
-6608
-7144
-7919
-8790
-9643
-9874
-9556
-9007
-8274
-7655
-7282
-7209
-7577
-8243
-9097
-9775
-10055
-10059
-9737
-9245
-8801
-8304
-7926
-7810
-7850
-7983
-8085
-7933
-7439
-6665
-5712
-4771
-3883
-3218
-3008
-3147
-3475
-3819
-4028
-3978
-3648
-3067
-2376
-1753
-1330
-1131
-1306
-1682
-2119
-2523
-2733
-2674
-2402
-1869
-1216
-688
-339
-148
-130
-230
-345
-367
-135
341
1005
1643
2089
2304
2298
2022
1592
1184
868
708
858
1289
1713
2092
2355
2341
2165
1892
1449
1075
916
983
1196
1598
2111
2563
2907
3106
3124
3054
3087
3231
3460
3777
4155
4515
4860
5095
5077
4886
4867
5073
5367
5705
6037
6499
6958
7195
7306
7466
7647
7840
8031
8167
8361
8552
8768
8934
8938
9014
9425
9946
10475
10856
11193
11650
12088
12405
12720
13014
13024
13135
13090
12980
12940
13208
13686
14215
14499
14660
14967
15154
14872
14356
14236
14228
14689
15315
15388
14749
13909
12549
10877
9149
7335
6169
5978
6151
6495
7063
7159
6728
6275
5196
3615
2532
1786
1503
1572
1598
1739
2291
2470
2416
1858
683
-399
-1195
-1649
-1645
-1619
-1661
-1564
-1926
-2807
-4079
-5691
-7349
-8586
-9051
-8837
-8166
-7245
-6601
-6483
-6789
-7469
-8272
-9120
-9824
-10047
-9714
-8791
-7577
-6478
-5695
-5314
-5249
-5330
-5551
-5954
-6164
-5993
-5483
-4741
-3964
-3457
-3349
-3565
-4167
-4985
-5680
-6001
-5782
-4961
-3848
-2650
-1517
-665
-226
-136
-311
-542
-627
-285
438
1327
2344
3334
4070
4530
4741
4606
4358
4190
4101
4170
4411
4623
4728
4491
3921
3080
2083
1158
430
33
99
435
807
1181
1460
1375
846
121
-678
-1451
-1992
-2194
-2236
-2116
-1941
-1768
-1693
-1869
-2388
-3174
-4076
-4927
-5539
-5978
-6141
-6141
-6137
-6147
-6432
-6941
-7592
-8369
-9084
-9499
-9482
-8983
-8354
-7758
-7274
-7084
-7254
-7690
-8316
-8982
-9578
-9830
-9583
-9156
-8630
-8140
-7873
-7827
-7974
-8390
-8913
-9410
-9710
-9684
-9464
-9069
-8624
-8224
-7863
-7685
-7651
-7656
-7582
-7336
-6865
-6201
-5488
-4851
-4279
-3829
-3710
-3749
-3832
-3944
-3953
-3796
-3451
-2963
-2452
-1915
-1573
-1393
-1351
-1480
-1615
-1747
-1811
-1730
-1489
-1136
-751
-438
-256
-136
-87
-16
62
186
398
723
1052
1343
1529
1551
1446
1183
917
721
640
691
899
1172
1443
1667
1811
1782
1589
1392
1186
1059
1109
1250
1435
1671
1876
2001
2090
2153
2209
2344
2573
2839
3123
3391
3616
3724
3754
3747
3731
3745
3950
4254
4505
4888
5322
5635
5872
6082
6223
6363
6487
6717
6985
7249
7585
7936
8128
8253
8471
8671
8877
9107
9373
9580
9704
9888
10075
10414
10680
10900
11271
11552
11682
11948
12070
12062
12460
13237
13775
14387
14969
15010
15015
14845
14220
14098
14319
14397
14900
15467
15418
15672
15938
15660
15266
14439
13223
11950
10777
9272
7729
6670
6214
6380
6804
6888
6609
6047
5068
4173
3353
2604
2537
2801
2955
3319
3370
2932
2724
2279
1424
905
510
74
61
-146
-605
-852
-1297
-1946
-2827
-4225
-5747
-7074
-8110
-8631
-8545
-8183
-7698
-7255
-7254
-7576
-8154
-8873
-9229
-9288
-9104
-8347
-7301
-6352
-5496
-5056
-5037
-4990
-4944
-5040
-5032
-4976
-4982
-4699
-4285
-4034
-3910
-4009
-4285
-4742
-5258
-5631
-5909
-5821
-5209
-4403
-3504
-2635
-1830
-1232
-881
-464
-104
267
1078
1882
2646
3455
3945
4286
4588
4749
4803
4806
4871
4947
5100
5177
5104
4931
4535
3954
3157
2063
1062
337
3
72
437
1128
1929
2555
2761
2459
1722
571
-318
-667
-928
-865
-449
-37
383
467
-153
-1096
-2107
-3222
-4287
-4952
-5476
-5570
-5246
-5062
-4931
-5155
-5898
-6654
-7659
-8653
-9160
-9416
-9029
-7974
-6907
-6072
-5573
-5657
-6119
-6959
-7958
-8670
-8965
-8986
-8661
-8083
-7474
-7046
-6936
-7199
-7750
-8282
-8760
-9109
-9151
-9102
-8952
-8461
-7879
-7438
-7202
-7285
-7426
-7405
-7227
-6895
-6409
-5736
-4941
-4147
-3623
-3368
-3361
-3619
-3930
-4071
-4158
-4030
-3661
-3259
-2715
-2224
-1997
-1842
-1807
-1935
-2115
-2331
-2399
-2253
-1999
-1722
-1431
-1152
-982
-919
-904
-896
-843
-677
-384
-1
350
592
693
693
569
381
202
80
187
427
649
945
1201
1334
1448
1416
1300
1229
1166
1120
1168
1331
1477
1553
1578
1600
1562
1431
1358
1431
1562
1839
2197
2493
2737
2856
2759
2630
2505
2374
2387
2606
2918
3240
3553
3782
3927
3985
3929
3892
3909
3901
4007
4236
4409
4562
4735
4935
5175
5380
5371
5418
5608
5829
6141
6526
6863
7291
7793
8068
8021
7911
7961
8115
8401
8750
9139
9497
9823
10137
10381
10352
10186
10325
10809
11202
11382
11698
12064
12323
12613
12708
12840
13193
13456
13788
14123
14269
14309
14500
14713
14736
14753
14879
14939
14824
14367
13430
12260
11103
9949
8799
7658
7181
7246
7287
7349
7429
7242
6780
6174
5321
4285
3663
3488
3584
3832
4066
4097
4063
4021
3369
2296
1191
356
-11
-34
-8
-64
-185
-397
-924
-2166
-3620
-5042
-6424
-7177
-7303
-7021
-6570
-6112
-5631
-5454
-5717
-6252
-6872
-7520
-8054
-8179
-7810
-7172
-6348
-5666
-5239
-4885
-4748
-4896
-5236
-5597
-5818
-5800
-5453
-4988
-4562
-4214
-4097
-4116
-4353
-4638
-4885
-5098
-4920
-4354
-3712
-3003
-2146
-1423
-995
-698
-419
-246
-14
322
685
1168
1708
2261
2659
2872
3076
3157
3197
3300
3422
3489
3599
3726
3711
3564
3336
2912
2405
1914
1504
1386
1459
1696
2042
2429
2767
2733
2234
1433
456
-509
-1133
-1400
-1361
-1036
-550
-190
-234
-862
-1938
-3176
-4335
-5140
-5439
-5331
-4797
-4039
-3552
-3526
-4131
-5241
-6514
-7780
-8605
-8717
-8236
-7301
-6075
-5183
-4755
-4978
-5922
-7153
-8443
-9557
-10002
-9789
-9125
-8248
-7483
-7028
-7021
-7542
-8400
-9420
-10231
-10575
-10401
-9789
-8948
-8060
-7375
-7108
-7158
-7514
-8013
-8372
-8489
-8176
-7448
-6464
-5409
-4498
-3933
-3781
-3988
-4340
-4735
-5039
-5109
-4911
-4411
-3694
-2989
-2441
-2116
-2087
-2230
-2463
-2750
-2880
-2828
-2537
-1979
-1375
-852
-479
-354
-404
-563
-731
-789
-608
-223
266
791
1213
1405
1407
1192
882
600
404
405
587
898
1253
1512
1653
1617
1431
1171
947
793
768
961
1266
1575
1827
1896
1766
1536
1291
1151
1159
1366
1726
2147
2552
2810
2848
2760
2532
2251
2102
2111
2281
2577
2927
3295
3605
3738
3719
3593
3419
3265
3224
3363
3670
4112
4558
4917
5134
5182
5153
5111
5086
5175
5406
5795
6433
7057
7400
7577
7664
7622
7661
7805
7937
8209
8569
9009
9495
9836
9899
10137
10579
10916
11210
11490
11685
11951
12178
12337
12713
13179
13458
14022
14774
15075
15189
15568
15812
15658
15705
15757
15588
15614
15653
16039
16536
16505
16503
16445
15637
14140
12918
11471
9981
8969
8385
8464
8742
8652
8486
8441
7649
6620
6001
4967
4230
4131
4210
4773
5022
4879
4989
4671
3655
2819
1876
654
-21
-197
-226
-223
-275
-484
-965
-2015
-3534
-4844
-6318
-7718
-8246
-8454
-8352
-7810
-7559
-7365
-7308
-7753
-8198
-8454
-8926
-9178
-8789
-8175
-7470
-6667
-6105
-5754
-5607
-5684
-5757
-5992
-6235
-6112
-5821
-5527
-5182
-4878
-4863
-5059
-5350
-5695
-6029
-6145
-6066
-5734
-5219
-4606
-3842
-3113
-2541
-2104
-1683
-1197
-617
31
680
1341
2027
2664
3210
3619
3830
3913
4061
4196
4273
4431
4543
4527
4537
4428
4206
3872
3460
3059
2665
2259
2061
2040
2041
2097
2261
2495
2768
2989
3071
3092
3052
2841
2491
1941
1260
678
260
44
22
55
122
45
-438
-1327
-2541
-3974
-5184
-5964
-6329
-6205
-5767
-5273
-4928
-5097
-5796
-6735
-7693
-8510
-8819
-8596
-7821
-6697
-5673
-4972
-4817
-5285
-6201
-7360
-8448
-9228
-9465
-9141
-8440
-7573
-6886
-6616
-6853
-7527
-8437
-9335
-9996
-10198
-9909
-9254
-8420
-7617
-6937
-6611
-6656
-6844
-6957
-6920
-6723
-6336
-5752
-5092
-4429
-3925
-3670
-3636
-3804
-4065
-4314
-4514
-4607
-4525
-4263
-3857
-3411
-3031
-2785
-2685
-2654
-2732
-2864
-2912
-2780
-2494
-2102
-1700
-1273
-849
-525
-352
-308
-309
-288
-236
-115
37
184
308
371
325
171
-64
-304
-450
-415
-300
-157
60
267
382
345
162
-9
-112
-86
30
250
540
779
929
882
716
490
286
202
308
481
692
941
1110
1157
1077
866
557
297
136
88
216
440
786
1126
1431
1603
1575
1419
1229
1007
854
865
976
1191
1450
1654
1779
1837
1794
1690
1587
1513
1557
1725
2003
2347
2714
3027
3288
3473
3533
3488
3403
3481
3819
4274
4602
4893
5237
5464
5585
5651
5508
5391
5686
6076
6308
6551
6632
6671
6911
7077
7061
7359
7831
8139
8721
9372
9608
9746
9831
9742
9967
10301
10259
10723
11577
12008
12472
13073
13322
13363
13317
13097
13259
13573
13535
14015
14717
15133
15627
15843
15516
15237
14866
14313
14147
14017
13959
14071
13970
13681
13094
12095
10520
8921
7707
6785
6097
5592
5535
5602
5403
5120
4836
4200
3467
3134
2772
2881
3007
2923
3044
3139
2837
2460
2097
1343
708
213
-351
-650
-815
-1185
-1530
-1937
-2719
-3485
-4649
-5894
-6736
-7428
-7844
-8035
-8238
-8287
-8281
-8464
-8608
-8847
-9005
-8817
-8281
-7698
-7282
-6854
-6395
-5967
-5631
-5493
-5440
-5278
-5047
-4765
-4627
-4558
-4419
-4271
-4188
-4164
-4389
-4669
-4786
-4853
-4912
-4926
-4778
-4411
-3772
-3255
-2982
-2781
-2424
-1916
-1326
-745
-151
638
1500
2345
2948
3270
3404
3535
3748
3927
4014
4104
4352
4604
4695
4436
3994
3556
3156
2753
2209
1795
1675
1704
1682
1561
1200
673
349
232
75
14
94
333
842
1225
1028
585
67
-574
-999
-1407
-1796
-1863
-1836
-1792
-1865
-2365
-3164
-4108
-4958
-5722
-6337
-6601
-6962
-6837
-6663
-6769
-6948
-7356
-7768
-8170
-8457
-8613
-8554
-8264
-7914
-7495
-7164
-7016
-7044
-7325
-7699
-8160
-8397
-8597
-8608
-8396
-8418
-8264
-8142
-8137
-8038
-8290
-8510
-8554
-8540
-8318
-8144
-7808
-7724
-7220
-7059
-6491
-6530
-5557
-6109
-5986
-4442
-5825
-4061
-4534
-4061
-3780
-3469
-3392
-3407
-3425
-3496
-3521
-3282
-3161
-3087
-2502
-2832
-2459
-2435
-2309
-2174
-2061
-1889
-1600
-1476
-1145
-862
-797
-674
-662
-490
-356
-176
-15
90
268
422
582
624
568
476
323
256
215
161
139
140
190
224
268
185
78
33
-42
-49
-58
-58
-13
84
98
131
171
172
212
238
235
266
360
479
638
794
898
945
1014
973
783
645
589
494
550
680
787
888
982
1060
1067
962
850
802
721
747
927
1130
1340
1490
1534
1494
1441
1410
1478
1729
2061
2429
2870
3212
3387
3427
3372
3376
3547
3816
4054
4229
4388
4454
4543
4730
4944
5170
5525
5949
6329
6531
6536
6511
6622
6856
7162
7684
8329
8853
9047
9075
9149
9413
9563
9888
10570
11289
12273
12601
12594
12377
12212
12220
12506
12987
13508
14096
14981
15715
15596
15311
15303
15169
15145
15457
15870
16167
16410
16917
17235
16690
16348
15661
14551
13462
12590
11331
10446
9492
8509
8007
7568
6792
6336
5789
5017
4599
4301
4166
3849
3512
3323
3164
2942
2243
1688
1416
1111
1236
1064
872
700
227
41
-612
-1525
-2248
-3337
-3944
-4851
-5973
-6707
-7594
-7980
-8345
-8910
-9115
-9644
-9989
-9984
-10484
-10503
-10481
-10336
-11374
-11496
-10357
-10561
-10091
-9110
-8736
-8170
-7851
-7952
-7088
-6757
-6687
-6296
-5584
-5369
-5410
-4974
-5257
-5128
-5143
-5180
-4638
-4760
-4892
-4837
-4749
-4228
-3555
-2856
-1942
-568
456
1028
2038
2970
3281
3763
4201
4592
4821
5117
5724
6167
6700
7372
7865
8044
7756
7305
6678
5938
5472
4972
4587
4227
3933
3779
3422
3133
2948
2721
2477
2256
1929
1728
1560
1341
1339
1238
824
491
22
-621
-1231
-1717
-1648
-1632
-1722
-1739
-2036
-2613
-3422
-4278
-5072
-5900
-6662
-7431
-8080
-8501
-9122
-9645
-9947
-10058
-9903
-9775
-9807
-9850
-9879
-10105
-10341
-10144
-9972
-9638
-9238
-9109
-8848
-8953
-9298
-9460
-9467
-9181
-8781
-8288
-7689
-7279
-6984
-7020
-7294
-7479
-7843
-8032
-8104
-7983
-7379
-6832
-6199
-5583
-5125
-4728
-4652
-4585
-4475
-4434
-4220
-3914
-3448
-2996
-2845
-2819
-2963
-3166
-3326
-3513
-3509
-3316
-3124
-2943
-2826
-2796
-2890
-3114
-3511
-3915
-4203
-4427
-4567
-4499
-4307
-4062
-3785
-3547
-3353
-3278
-3297
-3381
-3427
-3357
-3344
-3308
-3228
-3180
-3120
-3114
-3130
-3178
-3212
-3271
-3247
-3106
-2986
-2845
-2680
-2538
-2434
-2406
-2538
-2683
-2829
-2908
-2897
-2792
-2516
-2166
-1798
-1482
-1184
-926
-829
-874
-982
-1104
-1205
-1297
-1330
-1267
-1227
-1218
-1151
-1108
-1109
-1179
-1241
-1228
-1099
-925
-831
-769
-814
-868
-922
-1076
-1258
-1345
-1368
-1343
-1246
-1136
-998
-848
-749
-607
-516
-595
-743
-906
-1131
-1277
-1318
-1348
-1321
-1265
-1255
-1220
-1109
-1028
-1012
-947
-811
-619
-385
-229
-154
-38
84
201
374
544
710
937
1218
1672
2141
2468
2854
3163
3353
3793
4256
4613
5022
5518
6100
6922
7411
7582
7949
8236
8576
8870
9055
9301
9809
10274
10923
11803
12488
12825
12970
13161
13006
12581
12274
11957
12181
12930
13839
14614
15285
15822
16066
15856
15451
15060
14545
15092
15407
16060
16881
17614
18035
18266
18007
17651
17172
17357
16909
15694
15085
14074
13166
11673
10303
9315
8847
8378
8072
7445
6571
4886
3475
2109
214
-1363
-3251
-3999
-4383
-4599
-4290
-4098
-3657
-3092
-2666
-2514
-3439
-4006
-4490
-5332
-5810
-6326
-6507
-6311
-6495
-6198
-6375
-6494
-6668
-7199
-7519
-8450
-9182
-9493
-9956
-10104
-10190
-9846
-9199
-8899
-8014
-7298
-6779
-6095
-5566
-4599
-3772
-3144
-2337
-1554
-554
308
1219
1931
2391
3115
3665
3752
3760
3372
3201
2798
2439
2406
2382
2605
2866
3306
3649
3676
3594
3444
3111
2823
2482
2470
2586
2943
3509
4048
4679
5143
5572
5884
5719
5347
4888
4316
3625
2809
2063
1343
918
665
239
-181
-671
-1118
-1588
-2237
-2853
-3461
-3823
-3977
-4140
-4137
-4102
-4022
-3783
-3673
-3860
-4094
-4392
-4797
-5347
-5894
-6219
-6374
-6289
-6244
-6193
-6231
-6427
-6690
-7041
-7455
-7972
-8156
-8054
-7670
-7264
-6906
-6440
-5986
-5485
-5116
-4892
-4726
-4399
-3970
-3796
-3681
-3583
-3668
-3748
-3958
-4270
-4444
-4664
-4947
-5187
-5467
-5875
-6264
-6502
-6674
-6888
-6981
-7020
-6903
-6800
-6890
-6916
-6911
-6732
-6405
-6110
-5803
-5516
-5241
-5108
-5156
-5237
-5497
-5759
-6017
-6314
-6450
-6690
-6976
-7163
-7405
-7541
-7744
-7915
-8008
-8119
-8118
-8079
-7975
-7813
-7705
-7499
-7271
-6988
-6665
-6451
-6261
-6115
-6050
-5935
-5801
-5671
-5520
-5376
-5286
-5241
-5213
-5364
-5667
-5854
-6041
-6083
-5957
-5772
-5483
-5178
-4810
-4498
-4255
-4091
-3983
-3796
-3490
-3182
-2874
-2595
-2287
-2053
-1966
-1949
-2010
-2100
-2088
-2046
-2053
-2070
-2107
-2190
-2274
-2382
-2607
-2763
-2854
-2903
-2898
-2926
-2939
-2913
-2799
-2618
-2469
-2382
-2314
-2306
-2372
-2498
-2640
-2855
-3079
-3186
-3272
-3332
-3359
-3455
-3582
-3708
-3840
-3943
-3962
-3965
-3966
-3829
-3576
-3355
-3133
-3009
-2973
-2876
-2737
-2631
-2473
-2222
-1953
-1612
-1170
-831
-542
-304
-162
-28
181
360
521
714
1008
1365
1715
2068
2439
2852
3207
3454
3677
3934
4293
4728
5165
5774
6569
7459
8276
8861
9169
9360
9598
9776
9855
10005
10251
10781
11544
12127
12558
13122
13952
14164
13829
13765
13447
12847
12358
12331
13127
14403
15486
16460
17406
18103
18009
16878
15668
15088
14513
14757
15656
16065
16737
17647
18033
17551
17456
16356
15468
16160
16470
17019
17821
17913
18237
18353
17375
17205
15296
14006
13431
12700
12630
11155
9615
7288
4283
985
-3425
-7204
-10187
-13411
-14103
-13402
-12734
-10905
-9927
-8677
-8101
-7536
-7748
-8927
-9796
-11138
-10799
-10346
-10038
-8271
-7102
-5213
-3180
-2538
-1414
-1978
-3310
-4095
-5746
-6495
-7918
-8749
-9106
-10058
-9557
-9527
-9473
-8814
-8983
-7730
-6543
-5408
-3363
-2235
-423
880
2289
3995
4833
6107
6866
8031
9162
9862
10970
10934
10770
10917
10030
9768
8800
7643
7246
5904
5404
4707
3678
2969
1433
323
-741
-1764
-2379
-2690
-2261
-1545
-119
1674
2906
4100
4595
4448
4022
2777
1594
168
-948
-1503
-1981
-1856
-1883
-2079
-2430
-3263
-4237
-5694
-7142
-8552
-9958
-10582
-11044
-11167
-10834
-10568
-9885
-9249
-8389
-7358
-6535
-5286
-4118
-2884
-1521
-517
430
1080
1516
1748
1631
1432
785
-261
-1204
-2292
-3243
-3971
-4484
-4510
-4282
-3820
-3337
-3205
-3331
-3758
-4171
-4291
-4273
-4054
-3544
-2760
-1792
-788
152
761
1075
1379
1470
1299
804
7
-915
-1844
-2736
-3635
-4762
-6095
-7403
-8810
-10060
-11125
-11960
-12352
-12255
-11931
-11431
-10827
-10547
-10484
-10499
-10523
-10416
-10030
-9427
-8689
-7869
-7101
-6447
-6053
-5858
-5890
-5998
-6085
-6131
-6169
-6362
-6828
-7384
-7927
-8420
-8746
-8957
-8915
-8634
-8169
-7475
-6789
-6148
-5529
-4830
-3983
-3145
-2405
-1839
-1512
-1347
-1332
-1343
-1439
-1540
-1466
-1377
-1241
-1232
-1425
-1805
-2343
-2949
-3552
-4049
-4434
-4768
-4936
-5007
-5008
-4909
-4838
-4644
-4462
-4224
-3809
-3421
-2984
-2649
-2503
-2464
-2627
-2836
-3217
-3753
-4258
-4735
-5122
-5388
-5710
-6055
-6364
-6616
-6828
-6965
-7129
-7388
-7545
-7671
-7720
-7721
-7681
-7580
-7458
-7160
-6797
-6466
-6098
-5817
-5535
-5204
-4968
-4841
-4788
-4829
-4906
-5078
-5281
-5510
-5675
-5743
-5786
-5710
-5572
-5328
-5033
-4770
-4428
-4050
-3627
-3109
-2670
-2308
-1965
-1716
-1512
-1302
-1142
-1014
-817
-528
-277
-28
200
268
302
305
317
295
211
235
391
622
874
1100
1293
1485
1667
1811
1977
2145
2385
2797
3262
3659
4061
4363
4514
4552
4404
4391
4438
4338
4429
4739
4863
4878
4936
4828
4738
4751
4764
4875
5197
5299
5709
5843
5817
6213
6693
7101
7417
7900
8334
8771
8924
8496
8180
8367
8640
9613
10575
10770
11521
12654
12624
11919
10825
9441
8920
8864
9377
10167
10474
11323
12563
13004
12703
11684
11160
11389
11749
12778
13424
14255
14699
14713
15565
14984
13964
13308
12642
12729
12500
12298
12841
12712
13046
13254
13541
12953
11245
10657
8651
7157
5563
3250
1539
-1530
-4676
-7071
-9759
-11534
-13288
-13725
-12737
-12191
-9724
-7850
-6670
-5753
-5978
-5446
-6316
-7488
-8059
-9194
-8913
-7989
-6361
-4498
-3555
-2199
-1308
-753
-810
-2133
-2803
-4027
-4989
-5301
-5981
-5998
-6256
-6070
-5449
-5539
-4882
-4262
-3475
-2374
-1527
525
2071
3760
5373
6208
7246
7549
8031
8336
7868
7726
7504
7532
7853
7618
7572
7290
6876
6637
5984
5150
3754
2520
1510
341
-630
-1943
-2799
-3393
-3983
-3948
-3938
-3570
-2845
-2047
-1099
-376
160
422
276
-223
-1237
-2191
-3247
-4337
-5031
-5722
-5972
-5987
-6015
-5841
-6005
-6326
-6714
-7221
-7635
-8163
-8556
-8686
-8642
-8188
-7609
-6982
-6502
-6332
-5744
-5265
-5035
-4444
-3871
-2836
-1694
-753
-75
49
-169
-614
-1116
-1541
-2156
-2502
-2473
-2378
-2012
-1724
-1429
-1241
-1086
-829
-827
-917
-1269
-1625
-1867
-2258
-2318
-2310
-2395
-2172
-2115
-1893
-1728
-1913
-2079
-2645
-3275
-3960
-4610
-5171
-6059
-6972
-7966
-9073
-10050
-11214
-12245
-12908
-13277
-13066
-12704
-12233
-11881
-11594
-11255
-11060
-10879
-10709
-10653
-10492
-10230
-9901
-9563
-9243
-8737
-8245
-7569
-7038
-6591
-6200
-6169
-6204
-6342
-6563
-6746
-6992
-7212
-7318
-7460
-7432
-7286
-7149
-6913
-6692
-6344
-5882
-5322
-4733
-4250
-3870
-3591
-3377
-3348
-3557
-3851
-4095
-4353
-4475
-4506
-4578
-4720
-4841
-4862
-4891
-4996
-5133
-5374
-5694
-6011
-6340
-6658
-6893
-7072
-7158
-6974
-6703
-6402
-6061
-5729
-5388
-4972
-4563
-4293
-4099
-3951
-3898
-3973
-4080
-4271
-4530
-4783
-5028
-5181
-5229
-5262
-5216
-5097
-4947
-4830
-4716
-4623
-4608
-4552
-4441
-4336
-4207
-4081
-3962
-3816
-3630
-3365
-3047
-2774
-2506
-2230
-1993
-1805
-1717
-1765
-1814
-1923
-2019
-2046
-2168
-2375
-2418
-2342
-2244
-2093
-1884
-1581
-1268
-890
-395
24
365
676
931
1173
1324
1427
1549
1729
1892
2108
2479
2785
2952
3171
3307
3324
3266
3081
2994
2810
2452
2202
2207
2388
2394
2419
2714
3043
3324
3686
4253
4577
4796
5256
5859
6311
6678
6965
7237
7659
8168
8828
8956
8631
8488
8721
8903
8513
8454
8590
9192
9943
10513
11604
12324
12447
12964
13544
13237
12904
12504
12018
11760
12318
12831
13246
13641
13606
14534
14422
14339
13988
13237
13350
13271
13065
13321
13415
13311
13476
14097
14161
13549
14043
13350
12728
12821
12146
11685
11187
10433
9599
9095
8501
7412
6830
6010
4253
2980
957
-1380
-4212
-8007
-10435
-12712
-14353
-14598
-15065
-14204
-12649
-10754
-8959
-7882
-7390
-7364
-7258
-7639
-8388
-8369
-8809
-8406
-7239
-6291
-4524
-3556
-2673
-1623
-1517
-1397
-1814
-2741
-3559
-4579
-5002
-5337
-5309
-5188
-4843
-4105
-3834
-2893
-1997
-1447
-329
397
1518
3165
4398
5641
6729
7603
8512
9332
9658
9451
9216
8743
8221
7711
6725
5811
5012
4118
3576
2980
2311
1662
844
225
-752
-1740
-2826
-3942
-4639
-5322
-5578
-5527
-5199
-4506
-3692
-2816
-2068
-1390
-987
-1016
-1393
-2116
-3031
-3861
-4839
-5774
-6397
-6876
-7030
-7081
-7201
-7366
-7538
-7655
-7808
-7983
-8147
-8099
-7664
-7050
-6257
-5431
-4587
-3577
-2619
-1722
-895
-227
487
1303
2087
2893
3575
4015
4153
4188
3880
3078
2199
952
-287
-1431
-2449
-3167
-3820
-4125
-4153
-3834
-3185
-2559
-1953
-1426
-1226
-1113
-1117
-1272
-1471
-1760
-1977
-1785
-1731
-1770
-2089
-2787
-3551
-4558
-5815
-7051
-8315
-9532
-10400
-11173
-11816
-12524
-13162
-13653
-14426
-14939
-14759
-14442
-13721
-12744
-11373
-9990
-8625
-7423
-6601
-6044
-5477
-5212
-5005
-4823
-4901
-4834
-4917
-5096
-5323
-5428
-5535
-5739
-5798
-5869
-6031
-6151
-6396
-6500
-6625
-6494
-6205
-5897
-5292
-4694
-4098
-3551
-3142
-2760
-2365
-1965
-1494
-969
-590
-427
-387
-596
-1143
-1834
-2791
-3776
-4642
-5433
-6024
-6495
-6849
-7053
-7080
-6974
-6842
-6685
-6504
-6300
-6096
-5770
-5489
-5290
-5056
-4809
-4524
-4174
-3883
-3751
-3654
-3649
-3727
-3874
-4135
-4514
-4866
-5097
-5410
-5765
-6022
-6414
-6865
-7203
-7460
-7626
-7568
-7275
-6855
-6243
-5515
-4831
-4182
-3638
-3334
-3042
-2787
-2687
-2608
-2462
-2437
-2536
-2553
-2660
-2831
-2969
-3125
-3258
-3378
-3465
-3490
-3611
-3706
-3763
-3802
-3672
-3447
-3169
-2828
-2414
-2051
-1618
-1089
-674
-394
-19
422
751
1011
1061
907
750
460
79
-289
-652
-1014
-1167
-1106
-1092
-975
-753
-615
-527
-309
-152
-71
-58
-70
-69
3
74
132
278
388
674
1119
1660
2233
2687
2995
3223
3308
3219
3169
2950
2496
2453
2837
3268
3457
3619
3925
4283
4687
5142
5554
5741
5868
6181
6569
6815
7013
7077
7560
8388
8393
8611
8728
7769
7114
7378
7366
7601
8161
8671
9457
10095
10106
9583
9353
8518
8588
9118
9576
9535
10010
10616
10382
10115
9434
8534
8331
8256
8161
9217
9072
9210
9401
9191
8737
8560
8276
8384
8260
8774
9448
9148
9129
9070
8855
9011
9848
9632
10213
10393
10049
9785
9746
8970
8332
8078
8154
8138
8485
8523
6470
4805
2620
-844
-4179
-7733
-11374
-13078
-14057
-14041
-13059
-11868
-10139
-8321
-6569
-5425
-4748
-4664
-4589
-4921
-5236
-5034
-5086
-4631
-3656
-2466
-1199
-193
224
733
417
-356
-997
-1915
-2637
-3091
-3475
-4020
-4053
-4192
-4530
-4917
-5457
-5633
-5056
-4448
-3537
-2122
-585
1527
3347
4838
6066
6959
7607
8071
8072
7725
7287
6560
5898
5312
4664
4031
3586
3059
2738
2272
1445
618
-380
-1377
-2214
-3106
-3988
-4471
-4808
-4973
-4977
-4786
-4390
-3725
-2999
-2228
-1400
-474
216
534
652
385
-8
-505
-1335
-2264
-3094
-3911
-4614
-5235
-5930
-6468
-6803
-6898
-6839
-6663
-6398
-6091
-5723
-5348
-5176
-5202
-5111
-5068
-4922
-4562
-4375
-3993
-3517
-3051
-2436
-2091
-1666
-1164
-735
-336
-334
-527
-888
-1538
-2230
-3021
-3877
-4498
-4894
-5150
-5288
-5403
-5426
-5283
-5093
-4871
-4629
-4440
-4177
-4038
-4016
-4092
-4425
-4746
-5046
-5509
-5981
-6376
-6745
-6889
-7072
-7231
-7357
-7596
-7718
-8018
-8431
-8875
-9392
-9793
-10208
-10518
-10670
-10709
-10456
-10112
-9638
-9065
-8549
-7946
-7436
-6979
-6595
-6383
-6112
-5950
-5923
-5938
-6087
-6294
-6437
-6611
-6810
-6929
-6959
-6845
-6672
-6472
-6241
-5970
-5681
-5446
-5217
-5071
-4948
-4818
-4714
-4603
-4487
-4300
-4011
-3654
-3270
-2872
-2486
-2138
-1896
-1823
-1861
-2058
-2322
-2643
-3031
-3404
-3764
-4087
-4321
-4480
-4656
-4773
-4805
-4750
-4637
-4483
-4305
-4066
-3821
-3612
-3446
-3363
-3316
-3335
-3328
-3369
-3418
-3393
-3337
-3234
-3080
-2913
-2764
-2653
-2526
-2454
-2501
-2579
-2700
-2917
-3098
-3272
-3453
-3537
-3542
-3459
-3321
-3093
-2835
-2592
-2331
-2081
-1777
-1463
-1212
-1048
-995
-923
-833
-836
-927
-1008
-997
-890
-765
-700
-657
-536
-343
-92
218
539
746
997
1300
1333
1163
1119
1142
1108
1149
1337
1514
1826
2128
2181
2251
2275
2124
2172
2288
2310
2538
2887
3068
3253
3502
3656
3841
4176
4590
5261
6028
6501
7020
7442
7614
7619
7518
7750
7984
8195
8386
8573
8587
8380
8338
7838
7036
6976
7716
8660
9419
10241
11417
12104
11991
12126
11244
10461
10819
11293
12180
13359
14218
14496
14758
14708
13852
13578
13775
13155
13619
14850
14400
13704
13367
12259
10597
10340
10166
9530
10379
11006
10822
10815
10625
9774
8953
8268
7345
7120
7721
7238
6638
7041
6534
6292
6752
6276
5697
4821
3019
438
-3304
-7201
-10811
-13931
-15604
-15848
-14576
-12467
-10456
-8303
-6741
-6299
-6736
-7118
-8094
-8986
-8770
-8806
-8076
-6726
-5718
-4233
-3095
-2118
-693
71
369
418
3
-405
-1178
-1936
-2454
-2743
-2387
-1940
-1519
-1295
-1253
-1549
-2086
-2300
-2341
-1759
-385
977
3024
5124
6486
8008
8886
9110
9471
9443
9223
8952
8495
7710
6720
5716
4659
3904
3319
2744
2599
2582
2251
1647
651
-710
-2234
-3531
-4745
-5783
-6132
-6128
-5891
-5168
-4499
-3768
-2837
-2078
-1418
-813
-463
-493
-738
-1173
-1883
-2552
-3085
-3560
-3866
-4042
-4291
-4716
-5163
-5803
-6509
-6945
-7258
-7066
-6348
-5554
-4516
-3413
-2594
-1909
-1483
-1290
-1088
-771
-206
512
1450
2545
3581
4646
5529
6137
6596
6722
6439
5514
3957
1997
-183
-2361
-4190
-5477
-5942
-5646
-4761
-3708
-3108
-2988
-3359
-3925
-4500
-5027
-5152
-4838
-4147
-3173
-2583
-2496
-3082
-4197
-5391
-6622
-7682
-8258
-8269
-7984
-7466
-6933
-6815
-7077
-7757
-8800
-9921
-11037
-11890
-12398
-12634
-12465
-12053
-11371
-10346
-9184
-7975
-6823
-5750
-4806
-4086
-3702
-3585
-3653
-3697
-3651
-3561
-3382
-3305
-3323
-3479
-3814
-4321
-4952
-5427
-5744
-5768
-5398
-4894
-4288
-3744
-3392
-3299
-3603
-3998
-4416
-4724
-4803
-4649
-4052
-3108
-2178
-1364
-702
-305
-281
-468
-926
-1667
-2439
-3124
-3775
-4321
-4820
-5232
-5488
-5620
-5707
-5805
-5914
-6055
-6103
-5983
-5746
-5434
-4991
-4437
-3873
-3429
-3204
-3317
-3632
-4094
-4563
-4895
-5048
-4956
-4692
-4308
-3942
-3656
-3593
-3728
-4096
-4731
-5335
-5785
-6137
-6419
-6529
-6421
-6165
-5736
-5274
-4891
-4525
-4202
-3823
-3401
-3055
-2807
-2481
-2142
-1882
-1659
-1583
-1676
-1865
-2072
-2292
-2537
-2755
-2832
-2664
-2358
-2023
-1632
-1260
-986
-850
-892
-1057
-1268
-1444
-1529
-1519
-1373
-1098
-705
-291
88
435
692
918
1152
1322
1477
1535
1610
1758
1798
1745
1698
1611
1601
1673
1669
1599
1524
1529
1593
1717
1833
1989
2245
2481
2580
2588
2397
1996
1723
1566
1413
1543
1973
2486
3129
3732
4023
4317
4393
4075
3987
4110
4216
4726
5549
6075
6329
6221
6110
5942
5286
4863
4971
5415
5824
6608
7184
7243
7237
7651
7531
7473
7768
8108
8805
8712
8898
9481
9455
9314
9488
9794
10150
10483
10794
10540
10288
10363
10137
10160
9748
9385
9590
9673
9579
9096
9021
8553
8304
8846
8693
8769
9145
9365
9761
10262
9917
9660
9219
9117
8807
8404
8470
8109
8456
8631
8761
9116
9356
9501
10105
9941
9427
8879
7169
4887
1986
-1342
-4537
-7370
-9808
-11222
-11909
-11786
-10918
-9554
-8261
-7099
-6056
-5459
-4919
-4871
-4895
-5010
-5325
-4907
-4499
-3896
-2915
-2213
-1217
-397
157
321
255
48
-443
-715
-1053
-1334
-1296
-1489
-1803
-2068
-2630
-3212
-3852
-4461
-4723
-4561
-3731
-2568
-1042
750
2497
4364
5953
7164
8068
8472
8578
8507
8091
7537
6767
6055
5449
4957
4646
4199
3815
3471
2943
2263
1484
529
-460
-1393
-2287
-3095
-3728
-4141
-4499
-4538
-4468
-4200
-3552
-2924
-2165
-1298
-582
137
653
913
975
775
437
-57
-648
-1390
-2287
-3170
-4055
-4923
-5648
-6275
-6619
-6695
-6515
-6201
-5853
-5468
-5246
-5087
-5019
-5229
-5758
-6264
-6662
-6991
-6863
-6539
-5892
-4848
-3593
-2344
-1358
-806
-574
-481
-351
-362
-379
-247
-337
-322
-543
-995
-1617
-2327
-2788
-3028
-2954
-2599
-1991
-1459
-949
-615
-608
-790
-1094
-1665
-2200
-2774
-3184
-3444
-3724
-3943
-4277
-4489
-4564
-4581
-4483
-4430
-4492
-4489
-4654
-5054
-5683
-6567
-7465
-8280
-8781
-9091
-9208
-9164
-9058
-8973
-8876
-8788
-8710
-8565
-8286
-7880
-7279
-6735
-6268
-6014
-6089
-6298
-6657
-6947
-7212
-7295
-7139
-6875
-6282
-5637
-5021
-4576
-4337
-4140
-4010
-3916
-3961
-4057
-4143
-4222
-4246
-4220
-4154
-4072
-3836
-3462
-3010
-2479
-2014
-1688
-1505
-1396
-1344
-1338
-1356
-1459
-1621
-1866
-2177
-2593
-3094
-3566
-4020
-4273
-4262
-4092
-3871
-3632
-3438
-3418
-3453
-3596
-3860
-4181
-4441
-4646
-4732
-4693
-4628
-4522
-4327
-4089
-3820
-3436
-3025
-2690
-2399
-2164
-2043
-2002
-2097
-2277
-2568
-2836
-3024
-3162
-3272
-3376
-3398
-3290
-3141
-2957
-2676
-2348
-1987
-1618
-1204
-922
-814
-749
-746
-808
-866
-896
-854
-687
-377
22
419
763
1107
1494
1767
1900
1992
2025
2007
1903
1821
1688
1481
1358
1355
1359
1426
1631
1748
1854
2016
2092
2175
2355
2535
2756
3099
3450
3791
4231
4460
4482
4663
4859
5061
5230
5298
5505
5786
5911
6020
6083
5843
5764
5899
5782
5523
5290
5097
5199
5474
5544
5967
6334
6731
7551
8115
8323
8654
9195
9746
10381
10807
10886
11046
11228
10948
11023
10910
10425
10870
11194
11053
11086
11505
11430
11021
10973
10773
10386
10154
9852
9629
9274
8741
8693
8782
8459
8089
8550
8768
8541
8935
9188
9454
9516
9940
10075
9906
10092
10063
10724
10648
10449
10945
11154
10871
9933
8763
6255
3588
612
-3071
-6292
-9664
-11635
-12414
-12404
-11525
-10126
-8338
-7127
-5914
-5578
-5870
-6321
-7150
-7482
-7609
-7143
-6172
-4947
-3339
-2120
-906
112
676
808
423
-140
-873
-1228
-1735
-2081
-2289
-2654
-2673
-2792
-3220
-4070
-4827
-5630
-6099
-6097
-5818
-4919
-3645
-1785
230
2302
4118
5477
6721
7294
7621
7795
7721
7566
7354
7229
6937
6773
6585
6234
5821
5298
4790
4231
3485
2542
1463
293
-852
-1869
-2754
-3523
-4036
-4037
-3805
-3402
-2827
-2223
-1521
-817
-89
507
1005
1335
1617
1865
1838
1680
1394
901
222
-578
-1479
-2476
-3459
-4365
-5100
-5654
-5938
-5916
-5741
-5446
-5145
-4805
-4582
-4591
-4771
-4979
-5158
-5148
-4789
-4382
-3941
-3231
-2438
-1859
-1605
-1580
-1774
-1967
-2082
-2339
-2536
-2758
-2868
-2853
-2983
-3315
-3748
-4162
-4498
-4766
-4877
-4879
-4774
-4377
-3804
-3199
-2677
-2136
-1665
-1436
-1317
-1367
-1460
-1608
-1805
-2021
-2276
-2350
-2355
-2440
-2741
-3303
-4010
-4709
-5530
-6446
-7316
-7983
-8308
-8305
-8172
-8147
-8181
-8199
-8176
-8092
-8005
-7879
-7550
-6998
-6282
-5592
-5026
-4610
-4326
-4134
-4193
-4360
-4578
-4950
-5343
-5723
-5999
-6198
-6273
-6293
-6285
-6258
-6266
-6363
-6479
-6654
-6855
-6953
-6801
-6483
-6046
-5484
-4866
-4276
-3650
-3017
-2594
-2299
-2087
-1911
-1698
-1541
-1445
-1367
-1272
-1244
-1331
-1533
-1934
-2464
-2987
-3437
-3820
-4093
-4129
-4067
-3932
-3754
-3592
-3458
-3401
-3371
-3363
-3290
-3197
-3105
-2932
-2739
-2548
-2308
-2030
-1843
-1752
-1742
-1802
-1982
-2227
-2507
-2856
-3158
-3340
-3453
-3569
-3680
-3761
-3859
-3970
-4122
-4241
-4249
-4111
-3808
-3427
-2950
-2432
-1955
-1584
-1380
-1260
-1159
-1079
-1012
-895
-702
-452
-236
-83
-49
-19
-11
-62
-98
-193
-239
-189
-156
-124
-3
106
284
598
1027
1318
1544
1843
2063
2216
2403
2697
2929
3290
3745
4095
4373
4535
4594
4462
4099
3821
3711
3626
3539
3602
3606
3573
3807
3986
3793
3616
3599
3790
4174
4248
4364
4759
4905
5129
5648
5768
5745
6484
7136
7225
7520
7742
7852
8216
8174
8134
8270
8837
9502
9865
9831
9277
9136
9097
8932
8271
8083
8465
9115
10181
10712
10697
10206
10195
10185
9967
9406
9135
9607
10346
11034
11269
11041
10828
11066
10616
9707
9092
8857
8760
8989
8752
8006
8173
8653
8551
8261
7864
7694
7946
8688
8796
8609
9234
9812
10630
10937
10076
8565
6780
4943
1800
-1622
-4630
-7088
-8193
-8492
-8489
-8159
-7147
-5788
-5106
-5257
-6072
-6867
-7401
-7692
-8073
-8360
-7830
-6624
-5364
-4273
-3447
-3050
-2202
-1353
-1125
-1186
-1143
-776
-526
-201
-299
-715
-674
-874
-1438
-2404
-3546
-4417
-5146
-5514
-5951
-6067
-5304
-3988
-2373
-950
349
1654
2918
4016
4646
4834
5046
5588
6125
6453
6566
6637
6755
7036
7078
6726
6502
6375
6174
5691
4938
3844
2774
1798
555
-721
-1758
-2402
-2679
-2790
-2872
-2925
-2660
-2116
-1585
-1136
-664
-48
734
1473
1894
2043
2014
1994
1768
1217
469
-343
-978
-1547
-2171
-2833
-3343
-3601
-3762
-3922
-4157
-4441
-4657
-4811
-5134
-5577
-5915
-6217
-6793
-7217
-7357
-7454
-7147
-6550
-5923
-5143
-4393
-3768
-3458
-3705
-3976
-4293
-4232
-3983
-3740
-3336
-3153
-2893
-2955
-3352
-4067
-5078
-5335
-5284
-4900
-4211
-3464
-2560
-2126
-1821
-1862
-2295
-2567
-2917
-2919
-2809
-2592
-2176
-2009
-1819
-1908
-2095
-2020
-2135
-2168
-2269
-2594
-2796
-3160
-3498
-4127
-4933
-5313
-5576
-5558
-5510
-5696
-5733
-5969
-6071
-6280
-6577
-6506
-6411
-5828
-5195
-4717
-4393
-4452
-4470
-4873
-5454
-5895
-6222
-6073
-5834
-5494
-5206
-5035
-4791
-4968
-5323
-5676
-5960
-5915
-5812
-5723
-5626
-5503
-5288
-5186
-5148
-5054
-4960
-4641
-4217
-3821
-3459
-3241
-2852
-2522
-2270
-2014
-1891
-1676
-1489
-1472
-1627
-1962
-2181
-2462
-2670
-2721
-2681
-2384
-2074
-1857
-1810
-1931
-2125
-2433
-2791
-3166
-3418
-3428
-3296
-3103
-2987
-2911
-2853
-2839
-2879
-2937
-3041
-3020
-2795
-2576
-2386
-2287
-2251
-2290
-2386
-2534
-2757
-2911
-2999
-3036
-3030
-3021
-2973
-2907
-2802
-2715
-2662
-2588
-2458
-2315
-2274
-2322
-2423
-2507
-2451
-2316
-2143
-1859
-1422
-974
-595
-288
-125
30
173
318
528
788
1106
1481
1656
1673
1594
1496
1345
1192
1067
1076
1418
1852
2259
2729
3155
3536
3917
4286
4427
4380
4475
4687
4687
4650
4599
4501
4577
4876
4987
4890
5118
5466
5776
6072
6043
5997
6077
6009
5958
5851
5676
5630
5836
6227
6418
6467
6987
7464
7665
8320
8941
8882
9058
9422
9142
9096
9121
8945
9270
9510
9673
10059
10207
10154
9908
9880
9490
9335
9789
9927
9608
9699
10151
9579
9145
8822
8084
7979
7898
7970
8360
8320
8212
8506
8624
8137
8448
8616
8227
8680
9406
9873
10135
10190
10127
10380
10371
10102
10127
9838
9284
9186
8982
7935
6569
5096
2978
890
-1318
-3211
-5079
-6806
-7540
-7703
-7350
-7052
-6348
-5701
-5485
-5069
-4951
-5065
-5406
-5743
-5760
-5556
-4641
-3816
-2763
-1760
-1117
-225
290
-12
-474
-1022
-1744
-2117
-2150
-2377
-2600
-2632
-2865
-3160
-3528
-4354
-5178
-5862
-6401
-6380
-6024
-5370
-4490
-3146
-1655
-231
1321
2420
3367
4083
4528
5095
5403
5626
5905
6144
6416
6658
6856
6723
6339
5943
5432
4764
4050
3130
2198
1395
658
-24
-652
-1260
-1858
-2147
-2241
-2301
-2163
-1969
-1532
-901
-236
496
1123
1645
2075
2465
2710
2774
2725
2497
2140
1731
1205
566
-145
-972
-1734
-2342
-3037
-3854
-4501
-5209
-6072
-6850
-7607
-8235
-8576
-8829
-8830
-8782
-8521
-8100
-7763
-7442
-7354
-7033
-6591
-6003
-5241
-4282
-3272
-2829
-2286
-1778
-1462
-1738
-2355
-2608
-3039
-3145
-3060
-3276
-3430
-3540
-3762
-4048
-4530
-4966
-5164
-5254
-5188
-5054
-4619
-4175
-4197
-4168
-4088
-3956
-3759
-3372
-3062
-2852
-2276
-1972
-1777
-1660
-1855
-1974
-2156
-2267
-2417
-2713
-2745
-3039
-3576
-4176
-4894
-5437
-5992
-6425
-6725
-6937
-6956
-6936
-6813
-6853
-7107
-7204
-7177
-6973
-6795
-6616
-6217
-5744
-5229
-4853
-4754
-4749
-4764
-4689
-4588
-4555
-4446
-4281
-4144
-4141
-4326
-4485
-4682
-4847
-4881
-4895
-4834
-4756
-4568
-4395
-4324
-4228
-4090
-3846
-3508
-3154
-2741
-2343
-1940
-1589
-1402
-1233
-1138
-987
-810
-657
-478
-349
-243
-215
-389
-610
-847
-1079
-1285
-1498
-1674
-1824
-1872
-1908
-1988
-2133
-2349
-2504
-2529
-2508
-2416
-2256
-2065
-1845
-1592
-1456
-1397
-1360
-1334
-1328
-1232
-1109
-1044
-939
-921
-925
-940
-969
-1025
-1078
-1070
-1068
-1011
-968
-1003
-1073
-1126
-1254
-1310
-1220
-1073
-885
-644
-408
-159
34
182
292
398
527
788
1150
1568
2052
2439
2817
3291
3674
3857
3970
4017
4071
4366
4561
4529
4679
4890
5143
5372
5382
5195
5161
5143
5060
4985
4957
5127
5324
5502
5841
6018
6081
6453
6605
6627
6966
7357
7835
8280
8579
8879
9400
9522
9436
9543
9514
9458
9334
9570
9961
10130
10471
10758
10582
10700
10805
10735
10325
9943
9643
9696
9770
9562
9231
8922
8917
8975
9046
8852
8781
8788
9523
9868
9909
9755
9778
9994
10009
9903
9851
9962
10241
10433
10814
10662
10777
11132
11284
11218
11292
11289
11052
10671
9370
7757
5816
3621
877
-1785
-4068
-5820
-6816
-7073
-6818
-6640
-5945
-4952
-4489
-4509
-5043
-5630
-6024
-6247
-6340
-6214
-5863
-5018
-3827
-2812
-2100
-1794
-1505
-1404
-1429
-1860
-2184
-2435
-2558
-2620
-2793
-2904
-3009
-3345
-3953
-4704
-5724
-6532
-7060
-7443
-7772
-7476
-6534
-5208
-3604
-2130
-774
517
1804
2813
3360
3638
3873
4272
4855
5392
5700
6088
6562
7040
7149
7012
6781
6387
5975
5400
4754
3937
3249
2674
1935
1146
533
53
-214
-443
-681
-720
-505
-143
149
472
841
1370
2062
2653
3056
3249
3422
3511
3339
2833
2147
1490
964
459
-57
-568
-1002
-1327
-1853
-2406
-3124
-3981
-4755
-5500
-6277
-6976
-7658
-8181
-8554
-8924
-9101
-9119
-8881
-8519
-8048
-7523
-6976
-6385
-5822
-5262
-4816
-4411
-3872
-3493
-3210
-3060
-3016
-2963
-3108
-3288
-3466
-3604
-3647
-3588
-3450
-3340
-3318
-3335
-3460
-3669
-3982
-4316
-4566
-4753
-4812
-4753
-4602
-4387
-4125
-3802
-3565
-3270
-2968
-2656
-2341
-2099
-1812
-1550
-1405
-1373
-1509
-1677
-1844
-2114
-2367
-2673
-2984
-3345
-3706
-4042
-4416
-4785
-5063
-5267
-5351
-5469
-5632
-5811
-5995
-6254
-6592
-6804
-6974
-6944
-6743
-6478
-6074
-5674
-5218
-4837
-4611
-4479
-4365
-4262
-4163
-4101
-4024
-3949
-3857
-3817
-3855
-3955
-4116
-4251
-4299
-4402
-4457
-4350
-4152
-3963
-3813
-3692
-3608
-3486
-3383
-3320
-3255
-3114
-2917
-2664
-2373
-2120
-1866
-1517
-1101
-735
-429
-181
-37
93
138
59
-105
-321
-496
-621
-709
-832
-972
-1020
-1093
-1244
-1386
-1477
-1536
-1563
-1471
-1373
-1229
-1037
-941
-911
-898
-965
-998
-972
-915
-856
-666
-354
-86
158
341
355
335
311
229
12
-204
-353
-466
-475
-564
-728
-803
-768
-755
-759
-673
-569
-383
-20
284
639
1036
1393
1767
2197
2625
2944
3183
3460
3692
3891
4133
4192
4164
4502
5011
5184
5314
5463
5397
5499
5518
5233
5030
5020
4889
4986
5396
5740
6049
6285
6424
6736
7207
7498
7671
7800
8183
9023
9797
9933
10158
10448
10668
11002
11180
11143
11153
11109
11129
11190
11408
11159
11204
11377
11249
11073
11239
11137
10783
10219
9545
8888
8714
8724
8232
8266
8010
8594
9709
9568
9343
8944
9046
9302
9529
9591
9345
10316
10649
11515
12175
11797
11564
11452
11138
10570
10326
10125
9946
9555
9186
8251
6939
5018
2774
591
-2059
-3753
-4907
-5616
-5864
-6172
-5557
-5064
-4358
-4365
-4942
-5231
-5558
-5443
-5357
-5290
-5167
-4342
-3088
-2203
-1577
-1076
-859
-515
-503
-850
-1114
-1638
-1908
-1892
-2060
-2278
-2429
-2658
-3247
-3781
-4561
-5403
-5924
-6555
-6974
-7028
-6534
-5611
-4473
-3256
-2201
-990
332
1391
2160
2459
2951
3699
4469
5132
5556
6081
6577
7048
7349
7135
6821
6508
6111
5800
5265
4665
4086
3461
2787
1981
1341
675
184
-153
-467
-459
-301
-49
236
502
822
1332
1986
2548
2929
3290
3689
4051
4235
4056
3726
3314
2970
2651
2199
1731
1231
848
280
-434
-1206
-2176
-3074
-3944
-4806
-5498
-5936
-6455
-6923
-7287
-7601
-7876
-7959
-7984
-8003
-7765
-7378
-6794
-6368
-5909
-5515
-5165
-4796
-4453
-4270
-4163
-3983
-3801
-3678
-3673
-3813
-3938
-4154
-4314
-4538
-4775
-4876
-5027
-5098
-5196
-5274
-5401
-5475
-5586
-5713
-5689
-5585
-5321
-4967
-4577
-4074
-3537
-3012
-2551
-2195
-1950
-1731
-1442
-1143
-939
-778
-672
-604
-567
-740
-1002
-1361
-1735
-2108
-2490
-2874
-3196
-3552
-3866
-4217
-4515
-4722
-4891
-5065
-5247
-5351
-5388
-5401
-5447
-5480
-5418
-5320
-5048
-4694
-4379
-4033
-3801
-3557
-3362
-3250
-3233
-3269
-3337
-3399
-3391
-3432
-3494
-3558
-3655
-3765
-3918
-4075
-4256
-4417
-4548
-4623
-4579
-4464
-4282
-4123
-3956
-3770
-3556
-3270
-3021
-2772
-2507
-2132
-1687
-1251
-903
-593
-364
-196
-11
79
99
47
25
23
-27
-134
-287
-460
-623
-758
-889
-989
-1049
-1089
-1122
-1101
-1022
-955
-872
-790
-677
-510
-313
-140
32
175
319
523
697
839
1011
1135
1224
1320
1368
1368
1283
1153
1034
932
916
781
566
460
424
463
526
500
466
598
883
1122
1378
1704
1950
2322
2831
3205
3351
3502
3732
3889
4226
4550
4648
4713
4936
5168
5381
5548
5661
5900
6134
6542
6788
6752
6747
6800
6739
7048
7444
7632
7984
8623
8987
9241
9562
9632
10221
10610
11011
11399
11701
12214
12458
12482
12405
11945
12033
12193
12290
12080
11980
11872
11664
12295
11903
11164
11027
10660
10519
10488
9898
9234
9133
9729
9733
9883
10192
10066
10160
10331
10314
10045
9790
10714
11029
10868
11585
11740
11419
11449
11249
10591
10116
10406
10311
10092
9819
8924
8310
7115
5930
3890
1260
-221
-1875
-3208
-4072
-5024
-5241
-4810
-4046
-3570
-3606
-3569
-3570
-3861
-4440
-4906
-5375
-5301
-4544
-3648
-2782
-1782
-849
-282
-59
-363
-740
-1184
-1565
-1901
-2187
-2342
-2321
-2217
-2281
-2706
-3376
-3960
-4566
-5276
-6056
-6816
-6990
-6657
-6005
-5233
-4454
-3261
-2103
-1001
13
496
992
1591
2312
2863
3381
4158
4788
5469
6069
6487
6712
6856
7091
6870
6514
6280
5721
5177
4578
3825
3134
2645
2354
1915
1404
1142
1020
930
1046
1126
1174
1511
2076
2553
2914
3256
3616
3976
4268
4521
4532
4481
4552
4427
4116
3760
3365
2945
2527
2154
1655
974
230
-474
-1509
-2663
-3795
-4937
-5892
-6695
-7285
-7795
-8104
-8128
-8076
-7935
-7890
-7718
-7553
-7525
-7318
-7349
-7181
-6854
-6571
-6060
-5721
-5226
-4757
-4584
-4393
-4495
-4648
-4641
-4691
-4707
-4767
-4796
-4803
-4924
-5073
-5364
-5758
-6066
-6317
-6372
-6452
-6465
-6267
-6062
-5570
-5097
-4548
-3929
-3404
-2782
-2410
-2087
-1777
-1622
-1362
-1163
-972
-695
-437
-150
-21
-87
-130
-279
-545
-883
-1339
-1773
-2165
-2506
-2861
-3283
-3573
-3845
-4055
-4254
-4559
-4757
-4991
-5084
-4999
-4883
-4610
-4249
-3806
-3316
-2991
-2771
-2692
-2703
-2705
-2784
-2815
-2768
-2628
-2448
-2360
-2300
-2305
-2428
-2590
-2879
-3239
-3524
-3708
-3912
-4101
-4267
-4390
-4396
-4353
-4290
-4240
-4117
-3924
-3723
-3507
-3231
-2866
-2452
-1948
-1427
-989
-547
-239
-28
87
93
91
144
192
229
265
314
406
472
463
408
270
142
-17
-238
-446
-589
-628
-611
-534
-406
-228
26
233
333
458
583
798
1072
1321
1581
1923
2257
2505
2689
2735
2632
2596
2535
2401
2358
2330
2299
2357
2418
2428
2428
2466
2433
2362
2298
2288
2369
2469
2662
2800
2931
3183
3445
3611
3750
3870
4105
4348
4854
5256
5420
5881
6316
6529
6728
6950
7150
7140
7487
7725
7794
8216
8453
8645
8683
8842
9010
8962
9288
9593
9607
10047
10320
10685
11115
11117
11013
11110
11372
11733
12199
12319
12569
12939
13166
13266
13269
12822
12746
12634
12504
12592
12499
12529
12707
12897
12981
12749
12920
12757
12224
12012
11476
11181
11296
11478
11531
11301
11634
11866
11879
11895
11238
10603
10683
10714
10524
10007
9281
8620
7865
6778
5157
3215
1579
371
-541
-1461
-2227
-2647
-2843
-2555
-2719
-3104
-3396
-3860
-4223
-4857
-5427
-5821
-5894
-5478
-5127
-4656
-3942
-3118
-2437
-2098
-2098
-2244
-2247
-1999
-2075
-2344
-2355
-2220
-1968
-1957
-2407
-3030
-3621
-4003
-4409
-4998
-5458
-5767
-5588
-5146
-4713
-4286
-3697
-2862
-2150
-1549
-1137
-710
-218
367
897
1457
2322
3297
4238
5052
5612
6119
6625
6971
6985
6731
6545
6468
6285
5947
5429
4825
4382
4049
3617
3091
2577
2302
2113
1991
1846
1681
1751
1991
2296
2485
2683
2935
3171
3397
3494
3559
3734
3973
4171
4246
4307
4355
4327
4010
3649
3075
2443
1914
1165
362
-597
-1484
-2616
-3969
-5043
-6250
-7039
-7507
-7892
-7888
-7916
-7626
-7517
-7775
-7754
-8037
-8003
-7760
-7602
-7220
-6926
-6244
-5666
-5198
-4633
-4372
-3896
-3510
-3266
-3114
-3222
-3165
-3297
-3583
-3729
-4048
-4211
-4414
-4784
-5226
-5753
-6104
-6453
-6652
-6671
-6522
-6077
-5550
-5059
-4744
-4540
-4270
-4043
-3707
-3355
-3012
-2515
-1937
-1465
-1117
-783
-475
-106
199
397
460
418
326
-29
-552
-1055
-1544
-1920
-2233
-2576
-2966
-3308
-3595
-4105
-4579
-4965
-5209
-5157
-4932
-4659
-4439
-4067
-3709
-3531
-3404
-3384
-3338
-3187
-2907
-2660
-2479
-2177
-1796
-1491
-1184
-977
-935
-976
-1054
-1322
-1771
-2143
-2501
-2823
-3032
-3208
-3321
-3394
-3464
-3652
-3914
-4075
-4154
-4135
-4019
-3799
-3515
-3110
-2659
-2301
-1996
-1726
-1448
-1170
-868
-568
-317
24
353
674
981
1246
1536
1733
1873
1861
1724
1524
1244
921
558
271
78
5
46
31
46
71
83
77
35
-7
49
209
418
660
918
1225
1603
1963
2282
2550
2774
3017
3216
3314
3384
3464
3518
3661
3737
3729
3701
3735
3732
3627
3482
3194
2933
2799
2587
2460
2370
2349
2537
2795
3073
3411
3841
4204
4596
4995
5264
5433
5690
5938
6091
6484
6814
7131
7686
8134
8515
8940
9254
9442
9716
9744
9525
9524
9463
9768
9991
10021
10367
10458
10656
10914
10756
10711
10766
11179
11368
11701
12078
12241
12568
12641
12568
12488
12381
12512
12547
12254
12359
12648
12746
13237
13122
12931
13192
13156
13347
12907
12445
12090
11591
11639
11167
11168
11167
11183
12072
12009
12394
12492
12299
12569
12053
11651
10946
10059
9155
7697
6398
4658
3421
2623
1602
965
174
-142
-285
-574
-1044
-1919
-2576
-3079
-3634
-4254
-4881
-5217
-5232
-5017
-4849
-4622
-4254
-3694
-3124
-2765
-2552
-2463
-2348
-2195
-2187
-2271
-2239
-2054
-1935
-1964
-2255
-2830
-3285
-3790
-4331
-4943
-5401
-5522
-5389
-5129
-4873
-4633
-4180
-3539
-3059
-2753
-2540
-2212
-1733
-1226
-812
-343
320
1211
2247
3146
3979
4778
5447
6020
6300
6250
6279
6236
6162
6029
5718
5475
5229
5009
4680
4233
3865
3706
3571
3347
3081
2786
2668
2705
2627
2565
2493
2594
2843
2995
3086
3106
3256
3451
3656
3811
3953
4222
4506
4747
4785
4656
4470
4141
3462
2534
1330
-118
-1259
-2517
-3564
-4451
-5041
-5000
-5218
-5192
-5562
-6391
-6716
-7699
-8250
-8934
-9544
-9220
-9191
-8534
-8028
-7677
-6921
-6517
-5981
-5634
-5223
-4781
-4250
-3718
-3493
-3088
-2956
-2735
-2575
-2810
-2884
-3215
-3536
-3916
-4519
-5069
-5412
-5529
-5475
-5272
-5232
-5054
-4945
-4992
-5165
-5507
-5712
-5720
-5470
-5174
-4669
-4086
-3472
-2692
-2134
-1578
-999
-562
-38
304
460
555
572
440
353
109
0
64
-109
-143
-498
-1015
-1454
-2025
-2517
-2942
-3156
-3174
-3011
-2898
-2902
-2982
-3259
-3409
-3657
-3860
-3760
-3588
-3119
-2549
-2021
-1379
-837
-346
-26
192
289
332
310
180
3
-242
-353
-415
-469
-469
-576
-707
-934
-1243
-1680
-2149
-2491
-2747
-2805
-2769
-2747
-2666
-2676
-2687
-2796
-2902
-2861
-2737
-2455
-2064
-1600
-1110
-607
-155
170
456
687
888
1069
1161
1163
1129
1075
1008
980
960
978
1109
1267
1317
1240
1019
730
454
151
-89
-257
-272
-153
-32
68
136
183
299
423
574
762
1078
1426
1773
2138
2493
2824
3126
3386
3590
3706
3804
3817
3760
3726
3668
3628
3657
3689
3793
3892
3850
3736
3651
3531
3264
3054
2908
2963
3203
3393
3599
3774
4001
4324
4545
4719
4991
5423
5881
6296
6704
6949
7167
7473
7837
8068
8226
8591
8935
9404
9618
9633
9619
9466
9526
9570
9452
9196
9106
9158
8946
8926
8557
8260
8204
8163
8278
8229
8341
8365
8362
8557
8743
8919
9007
9517
9777
10039
10494
10422
10809
10973
11062
11265
11119
11181
10889
10578
10193
9785
9521
9238
9331
9273
9320
9440
9207
9039
8538
8261
8122
7782
7875
7794
7890
8311
8337
8510
8380
8110
7809
7358
6894
6245
5576
5076
4569
4119
3862
3696
3549
3607
3345
2780
2367
1662
992
303
-389
-848
-1089
-1064
-1006
-1047
-1169
-1228
-1368
-1447
-1512
-1743
-1655
-1543
-1423
-1235
-1092
-996
-882
-783
-831
-866
-958
-1155
-1265
-1486
-1813
-2000
-2098
-2099
-1961
-1933
-1912
-1800
-1760
-1798
-1887
-2008
-1957
-1825
-1608
-1338
-1071
-770
-374
-70
195
475
784
1196
1579
1857
2165
2398
2646
2857
2999
3142
3265
3421
3581
3678
3695
3664
3577
3457
3337
3151
3017
2954
2850
2710
2533
2282
1927
1403
886
438
-25
-420
-719
-965
-1046
-1035
-1099
-1255
-1545
-1770
-2079
-2346
-2681
-3128
-3444
-3690
-3762
-3900
-4063
-4073
-4219
-4246
-4286
-4487
-4600
-4824
-5000
-5186
-5370
-5412
-5483
-5492
-5506
-5543
-5585
-5571
-5550
-5622
-5618
-5617
-5531
-5285
-5085
-4893
-4765
-4668
-4513
-4444
-4392
-4393
-4376
-4272
-4136
-4020
-3913
-3816
-3665
-3560
-3461
-3371
-3346
-3320
-3314
-3375
-3419
-3478
-3539
-3554
-3531
-3443
-3310
-3158
-2945
-2825
-2759
-2679
-2617
-2549
-2451
-2409
-2311
-2191
-2020
-1875
-1789
-1722
-1689
-1660
-1616
-1600
-1620
-1601
-1565
-1538
-1456
-1367
-1294
-1236
-1236
-1271
-1370
-1477
-1596
-1759
-1873
-1936
-1939
-1844
-1775
-1664
-1607
-1586
-1581
-1634
-1713
-1814
-1914
-1926
-1900
-1826
-1747
-1678
-1601
-1551
-1505
-1480
-1460
-1435
-1381
-1323
-1261
-1158
-999
-840
-732
-586
-451
-322
-178
-78
-22
77
208
328
472
635
803
940
1083
1218
1284
1286
1278
1249
1259
1300
1345
1401
1500
1638
1764
1884
2008
2103
2209
2369
2476
2508
2570
2652
2736
2800
2888
2946
2998
3092
3131
3163
3235
3300
3313
3342
3489
3626
3757
3889
4006
4155
4339
4534
4639
4709
4756
4795
4925
5001
5027
5115
5235
5385
5544
5586
5651
5739
5888
6108
6177
6360
6460
6687
6821
6878
6969
6919
7079
7190
7396
7605
7643
7798
7907
8002
8207
8227
8296
8617
8871
9126
9319
9440
9680
9847
10108
10236
10393
10803
11058
11269
11200
11329
11512
11565
11873
11746
11919
12191
12148
12255
12114
12144
12053
11983
12309
12133
12461
12705
12448
12752
12683
12702
12695
12675
12936
13052
13380
13443
13515
13445
13216
12658
11690
10970
10068
9050
8186
7150
6368
5975
5447
4937
4479
4014
3622
2953
2160
1222
287
-499
-1350
-1876
-2253
-2485
-2319
-2201
-2052
-1864
-1891
-2025
-2077
-2304
-2531
-2677
-2835
-2751
-2617
-2540
-2451
-2422
-2398
-2460
-2714
-3152
-3531
-3950
-4378
-4817
-5231
-5462
-5521
-5529
-5628
-5658
-5648
-5734
-5791
-5866
-5946
-5891
-5695
-5416
-5000
-4500
-3954
-3395
-2846
-2283
-1780
-1355
-864
-380
123
656
1112
1612
2197
2712
3179
3539
3914
4260
4507
4591
4517
4467
4399
4287
4108
3927
3832
3776
3710
3570
3452
3341
3249
3171
3057
2866
2684
2653
2507
2405
2270
2026
1811
1555
1446
1162
906
764
603
669
605
540
366
142
-28
-414
-863
-1325
-1836
-2368
-2829
-3318
-3795
-4048
-4359
-4655
-4921
-5154
-5368
-5575
-5774
-6005
-6190
-6414
-6512
-6612
-6643
-6583
-6598
-6537
-6434
-6321
-6243
-6171
-6045
-5904
-5720
-5519
-5361
-5146
-4981
-4875
-4804
-4790
-4772
-4803
-4838
-4878
-4932
-4921
-4881
-4887
-4865
-4816
-4779
-4710
-4703
-4670
-4658
-4629
-4564
-4565
-4509
-4433
-4276
-4074
-3850
-3613
-3436
-3171
-2955
-2744
-2559
-2401
-2236
-2075
-1892
-1735
-1608
-1467
-1316
-1229
-1171
-1104
-1086
-1062
-1110
-1186
-1265
-1329
-1357
-1400
-1443
-1486
-1514
-1534
-1582
-1642
-1721
-1789
-1825
-1867
-1884
-1840
-1785
-1765
-1713
-1669
-1637
-1619
-1617
-1570
-1528
-1429
-1286
-1143
-977
-769
-594
-406
-224
-75
55
156
252
304
329
352
341
308
334
359
375
402
390
367
334
294
273
229
200
190
207
272
347
379
391
410
492
596
656
691
789
916
1045
1150
1248
1311
1423
1549
1551
1559
1582
1667
1808
1893
1985
2075
2166
2181
2238
2260
2207
2151
2082
2036
1994
1981
1962
1946
1986
2069
2109
2115
2190
2311
2466
2675
2821
2975
3219
3384
3457
3528
3623
3790
4022
4252
4335
4382
4596
4761
4843
4859
4883
5099
5386
5765
5926
6084
6326
6455
6707
6811
6796
6936
7184
7481
7710
7863
7937
8012
8120
8173
8149
8189
8284
8408
8466
8550
8577
8433
8541
8577
8561
8784
8798
8857
9013
9101
9045
9057
9038
8953
9200
9446
9632
9811
10031
10361
10625
10878
11032
11181
11476
11821
12110
12311
12413
12512
12685
12713
12696
12692
12705
12752
12711
12717
12543
12314
12110
11694
11262
10734
10186
9518
8836
8164
7154
6440
5679
4951
4463
3819
3340
2882
2507
2038
1397
838
208
-232
-653
-1054
-1346
-1586
-1605
-1647
-1806
-1880
-1955
-2072
-2138
-2274
-2434
-2610
-2637
-2750
-2913
-2922
-2979
-2957
-2922
-2979
-3120
-3342
-3593
-3912
-4219
-4579
-4926
-5131
-5244
-5335
-5448
-5615
-5723
-5835
-5911
-6038
-6190
-6145
-6061
-5870
-5687
-5550
-5312
-5011
-4725
-4478
-4156
-3846
-3404
-2952
-2569
-2147
-1677
-1160
-649
-174
293
776
1151
1503
1747
1845
1946
2019
2105
2196
2227
2262
2303
2352
2352
2240
2043
1705
1421
1248
978
694
235
-83
-255
-481
-656
-1073
-1240
-1358
-1406
-1467
-1824
-1954
-2161
-2182
-2125
-2341
-2317
-2248
-2228
-2140
-2250
-2415
-2550
-2663
-2803
-2988
-3147
-3256
-3215
-3222
-3348
-3447
-3613
-3729
-3855
-4119
-4322
-4565
-4766
-4956
-5226
-5463
-5654
-5756
-5813
-5902
-6001
-6093
-6167
-6248
-6341
-6451
-6575
-6566
-6515
-6460
-6375
-6330
-6214
-6105
-6013
-5989
-5942
-5827
-5668
-5472
-5319
-5111
-4898
-4662
-4436
-4298
-4156
-4029
-3821
-3681
-3606
-3543
-3533
-3405
-3308
-3274
-3253
-3207
-3099
-3001
-3006
-3055
-3109
-3099
-3037
-3034
-3007
-2898
-2758
-2564
-2368
-2308
-2229
-2133
-2057
-1951
-1909
-1819
-1692
-1538
-1413
-1309
-1189
-1062
-913
-793
-726
-643
-567
-469
-402
-414
-399
-358
-343
-322
-347
-388
-392
-415
-440
-518
-614
-673
-668
-674
-647
-662
-631
-570
-546
-498
-456
-412
-309
-201
-78
46
139
272
447
619
782
893
946
1082
1204
1261
1315
1328
1360
1437
1477
1491
1515
1504
1519
1528
1444
1308
1238
1165
1096
1067
987
979
1016
1012
968
896
852
821
826
832
822
882
929
1026
1140
1220
1304
1368
1483
1574
1679
1770
1831
1899
2022
2123
2217
2298
2385
2540
2639
2731
2831
2932
3004
3134
3231
3300
3414
3486
3527
3574
3644
3752
3838
3886
3976
4099
4097
4094
4189
4222
4282
4331
4368
4504
4708
4897
5016
5148
5232
5395
5595
5659
5709
5822
6046
6264
6376
6524
6591
6657
6689
6775
6814
6715
6755
6856
6881
6879
6892
6817
6790
6883
6797
6687
6585
6545
6635
6586
6457
6397
6473
6568
6560
6595
6652
6782
6992
7040
7146
7264
7316
7475
7614
7702
7897
8158
8405
8605
8890
9106
9261
9443
9522
9619
9512
9180
8949
8704
8497
8214
7795
7555
7458
7387
7050
6521
6003
5477
4984
4286
3592
3009
2669
2550
2070
1835
1683
1378
1167
740
301
39
-199
-477
-695
-831
-883
-819
-827
-808
-611
-505
-471
-470
-588
-602
-695
-953
-1065
-1156
-1186
-1267
-1297
-1333
-1412
-1523
-1798
-2050
-2278
-2516
-2729
-2995
-3224
-3281
-3362
-3601
-3876
-4085
-4223
-4380
-4602
-4864
-4961
-4921
-4911
-4934
-4894
-4717
-4496
-4222
-4033
-3892
-3736
-3565
-3398
-3286
-3101
-2903
-2682
-2393
-2100
-1819
-1636
-1604
-1534
-1502
-1562
-1667
-1811
-1924
-1895
-1934
-2089
-2191
-2346
-2499
-2628
-2899
-3168
-3342
-3527
-3734
-3960
-4120
-4197
-4232
-4306
-4371
-4327
-4296
-4298
-4350
-4410
-4436
-4388
-4301
-4262
-4126
-3963
-3810
-3624
-3512
-3453
-3414
-3429
-3453
-3430
-3407
-3419
-3402
-3367
-3302
-3299
-3364
-3450
-3526
-3650
-3787
-3983
-4201
-4354
-4475
-4599
-4739
-4815
-4833
-4828
-4853
-4922
-5018
-5066
-5096
-5176
-5227
-5222
-5152
-5024
-4901
-4763
-4645
-4521
-4377
-4283
-4164
-4056
-3923
-3771
-3607
-3444
-3284
-3138
-2995
-2848
-2740
-2670
-2605
-2553
-2489
-2436
-2411
-2381
-2329
-2262
-2201
-2165
-2163
-2152
-2137
-2200
-2294
-2418
-2529
-2585
-2634
-2710
-2715
-2682
-2671
-2635
-2637
-2632
-2607
-2584
-2566
-2524
-2460
-2385
-2286
-2159
-2019
-1894
-1749
-1626
-1488
-1336
-1211
-1122
-1044
-973
-829
-681
-592
-482
-344
-177
-81
-57
-71
-98
-109
-116
-135
-190
-225
-259
-314
-395
-453
-497
-556
-602
-611
-612
-593
-598
-584
-487
-381
-289
-177
-30
67
72
153
275
325
359
432
482
572
648
744
876
936
940
954
949
947
883
877
857
835
881
943
983
990
971
940
956
934
870
839
818
844
894
957
1028
1039
1138
1310
1408
1411
1422
1442
1487
1495
1451
1460
1529
1644
1771
1875
1928
1971
2087
2254
2315
2336
2407
2502
2681
2845
2891
2975
3144
3311
3436
3453
3448
3528
3618
3646
3640
3616
3660
3800
3864
3809
3803
3860
3870
3855
3744
3649
3620
3690
3673
3630
3625
3672
3800
3895
3937
3910
3937
4007
4056
4067
4010
4011
4117
4232
4350
4394
4405
4430
4505
4572
4615
4646
4607
4633
4758
4796
4767
4704
4700
4672
4665
4659
4522
4443
4444
4461
4448
4307
4239
4244
4279
4269
4250
4237
4242
4333
4374
4242
4211
4238
4347
4453
4453
4531
4658
4781
4817
4860
4941
5018
5093
5103
5160
5269
5388
5465
5485
5574
5671
5795
5878
5811
5906
6007
5998
5993
5970
5948
5958
5939
5892
5840
5743
5574
5340
5087
4879
4646
4334
4027
3767
3585
3400
3014
2600
2258
1943
1658
1274
862
621
461
247
58
-165
-350
-436
-611
-829
-954
-1082
-1196
-1309
-1393
-1455
-1491
-1509
-1567
-1568
-1524
-1512
-1647
-1775
-1876
-2043
-2206
-2410
-2659
-2769
-2893
-3122
-3267
-3498
-3701
-3861
-4122
-4344
-4516
-4720
-4922
-5132
-5326
-5421
-5593
-5813
-5991
-6136
-6182
-6300
-6480
-6588
-6632
-6627
-6617
-6680
-6663
-6560
-6457
-6344
-6326
-6285
-6152
-6101
-6043
-5969
-5860
-5710
-5577
-5488
-5328
-5165
-5060
-5004
-4994
-4927
-4840
-4802
-4787
-4731
-4667
-4556
-4509
-4518
-4448
-4400
-4411
-4434
-4483
-4505
-4524
-4569
-4614
-4574
-4541
-4507
-4447
-4401
-4307
-4200
-4163
-4166
-4131
-4085
-4027
-3962
-3969
-3897
-3815
-3732
-3677
-3635
-3570
-3508
-3423
-3383
-3305
-3228
-3154
-3109
-3071
-3052
-3026
-3006
-3041
-3059
-3090
-3128
-3150
-3188
-3215
-3210
-3197
-3185
-3161
-3123
-3094
-3081
-3126
-3150
-3176
-3201
-3231
-3206
-3166
-3117
-3063
-3024
-3012
-2985
-2955
-2948
-2939
-2929
-2870
-2801
-2761
-2743
-2717
-2675
-2630
-2585
-2538
-2503
-2475
-2445
-2402
-2401
-2400
-2397
-2385
-2369
-2323
-2281
-2294
-2283
-2255
-2225
-2187
-2205
-2225
-2212
-2175
-2172
-2186
-2201
-2165
-2079
-2089
-2120
-2120
-2071
-2022
-1992
-1940
-1863
-1776
-1686
-1586
-1487
-1408
-1306
-1191
-1093
-980
-881
-780
-652
-544
-447
-311
-209
-127
-56
0
35
35
34
27
14
24
39
56
92
150
225
302
349
410
451
479
481
492
546
564
548
553
553
603
661
697
723
694
765
886
915
937
972
1019
1066
1159
1259
1257
1239
1273
1293
1312
1324
1350
1395
1378
1438
1533
1617
1612
1597
1588
1599
1621
1620
1594
1548
1513
1489
1476
1426
1402
1385
1385
1446
1481
1477
1501
1497
1495
1543
1534
1519
1539
1602
1681
1750
1800
1849
1912
1932
2024
2098
2159
2217
2299
2397
2477
2567
2589
2546
2483
2488
2485
2444
2395
2359
2361
2386
2387
2358
2336
2356
2380
2385
2387
2404
2449
2464
2428
2391
2379
2414
2435
2426
2422
2428
2426
2455
2485
2458
2452
2453
2460
2459
2468
2473
2428
2387
2371
2379
2395
2349
2272
2205
2197
2241
2250
2182
2126
2146
2222
2276
2263
2206
2178
2228
2282
2289
2251
2174
2172
2240
2325
2331
2299
2303
2398
2461
2488
2456
2402
2389
2399
2420
2361
2306
2300
2368
2363
2330
2361
2336
2406
2523
2543
2551
2642
2673
2731
2824
2825
2824
2892
2927
2959
2983
2959
2973
3006
3010
3051
3001
2953
2928
2919
2840
2732
2597
2463
2350
2229
2110
1939
1798
1734
1593
1400
1260
1112
948
810
657
500
361
205
79
-128
-329
-472
-660
-858
-1026
-1226
-1402
-1526
-1693
-1895
-2052
-2242
-2408
-2584
-2794
-2994
-3172
-3348
-3529
-3722
-3866
-4018
-4151
-4274
-4375
-4491
-4581
-4693
-4814
-4878
-5017
-5129
-5185
-5312
-5413
-5475
-5611
-5733
-5803
-5918
-6037
-6120
-6230
-6306
-6376
-6446
-6520
-6540
-6565
-6571
-6575
-6613
-6611
-6613
-6631
-6654
-6644
-6629
-6577
-6490
-6397
-6305
-6195
-6053
-5948
-5841
-5715
-5631
-5544
-5439
-5340
-5264
-5170
-5071
-4987
-4890
-4791
-4702
-4597
-4479
-4391
-4295
-4207
-4120
-4009
-3936
-3843
-3753
-3699
-3609
-3520
-3477
-3445
-3407
-3363
-3313
-3242
-3220
-3186
-3155
-3098
-3072
-3035
-3011
-2982
-2944
-2897
-2847
-2788
-2744
-2691
-2628
-2542
-2488
-2415
-2356
-2337
-2269
-2207
-2189
-2138
-2107
-2063
-1999
-1950
-1930
-1890
-1861
-1847
-1841
-1859
-1865
-1874
-1883
-1902
-1916
-1951
-1968
-1982
-2025
-2066
-2077
-2100
-2135
-2179
-2232
-2280
-2340
-2385
-2443
-2477
-2502
-2532
-2557
-2552
-2543
-2537
-2508
-2484
-2475
-2477
-2484
-2491
-2495
-2510
-2510
-2502
-2477
-2418
-2379
-2362
-2342
-2295
-2273
-2272
-2272
-2264
-2219
-2163
-2100
-2057
-2014
-1967
-1930
-1908
-1882
-1837
-1787
-1716
-1657
-1603
-1575
-1545
-1527
-1528
-1498
-1481
-1455
-1395
-1325
-1239
-1177
-1094
-1038
-965
-897
-841
-755
-692
-628
-566
-500
-449
-404
-369
-313
-258
-171
-112
-52
16
71
128
183
232
277
314
338
346
358
373
396
425
457
521
558
578
596
617
667
730
768
811
833
844
851
878
886
883
879
862
850
851
837
803
782
743
752
784
774
762
694
671
667
665
642
598
558
563
564
568
552
515
504
504
530
516
482
463
461
518
550
570
574
571
638
700
707
699
718
722
758
788
777
751
735
718
668
641
613
596
595
558
529
524
493
439
347
288
255
230
212
212
191
207
256
304
332
371
426
482
543
591
651
680
719
757
823
901
968
1045
1059
1069
1116
1151
1180
1162
1161
1189
1225
1256
1259
1235
1218
1221
1253
1286
1278
1273
1265
1270
1300
1314
1348
1334
1297
1324
1373
1421
1416
1384
1360
1400
1423
1412
1381
1349
1326
1309
1331
1277
1169
1103
1076
1069
1056
1018
945
883
898
908
893
836
767
738
730
743
723
686
648
644
657
675
647
579
549
544
552
522
478
423
361
333
325
263
185
95
46
3
-98
-165
-213
-228
-259
-302
-373
-423
-460
-463
-481
-516
-540
-530
-527
-531
-540
-567
-536
-510
-488
-503
-537
-556
-573
-568
-580
-632
-712
-808
-831
-861
-924
-1032
-1133
-1202
-1222
-1262
-1380
-1473
-1559
-1582
-1570
-1620
-1700
-1741
-1739
-1704
-1700
-1764
-1820
-1879
-1909
-1907
-1935
-1989
-2040
-2051
-2057
-2075
-2123
-2219
-2303
-2331
-2372
-2415
-2478
-2553
-2597
-2596
-2620
-2679
-2775
-2828
-2854
-2853
-2864
-2918
-2951
-2906
-2875
-2855
-2868
-2871
-2845
-2806
-2796
-2809
-2831
-2829
-2792
-2786
-2782
-2789
-2778
-2769
-2708
-2710
-2719
-2736
-2755
-2753
-2754
-2778
-2823
-2838
-2836
-2810
-2818
-2818
-2803
-2800
-2753
-2719
-2723
-2709
-2696
-2670
-2653
-2658
-2671
-2676
-2675
-2657
-2638
-2640
-2647
-2636
-2620
-2584
-2557
-2533
-2518
-2489
-2464
-2447
-2427
-2424
-2418
-2394
-2390
-2363
-2356
-2338
-2319
-2324
-2323
-2318
-2341
-2321
-2333
-2344
-2344
-2359
-2369
-2370
-2365
-2367
-2383
-2357
-2370
-2361
-2352
-2349
-2331
-2323
-2312
-2290
-2265
-2235
-2186
-2169
-2131
-2110
-2105
-2094
-2071
-2073
-2080
-2074
-2076
-2099
-2093
-2096
-2079
-2064
-2067
-2049
-2046
-2019
-2001
-1964
-1902
-1850
-1804
-1755
-1701
-1663
-1597
-1533
-1478
-1419
-1370
-1309
-1240
-1209
-1168
-1148
-1136
-1106
-1088
-1070
-1057
-1057
-1053
-1039
-1051
-1073
-1103
-1114
-1120
-1111
-1099
-1087
-1089
-1079
-1059
-1032
-1016
-979
-920
-873
-803
-738
-704
-652
-599
-538
-503
-448
-413
-383
-373
-350
-353
-354
-321
-313
-296
-297
-309
-341
-358
-385
-408
-417
-440
-463
-461
-475
-489
-498
-492
-471
-457
-431
-417
-407
-392
-364
-389
-383
-369
-360
-327
-293
-259
-224
-203
-184
-184
-184
-200
-187
-178
-157
-129
-136
-106
-81
-57
1
53
70
124
192
227
233
219
182
168
165
164
162
157
181
237
266
270
260
247
295
355
383
406
420
448
486
492
494
493
529
607
672
674
699
725
763
767
760
746
758
796
790
767
734
690
677
655
644
599
576
602
607
600
563
507
497
530
552
559
573
594
600
641
630
609
598
607
612
617
604
587
552
495
464
417
374
377
380
388
354
359
346
304
272
229
203
199
223
261
273
277
297
322
339
328
308
324
373
394
394
380
355
356
345
293
253
213
237
250
237
225
255
292
312
311
333
356
356
377
391
407
402
413
432
444
433
441
443
454
467
456
452
450
447
448
438
409
395
414
452
477
487
480
490
480
447
409
387
373
370
381
403
399
394
388
364
330
284
223
197
143
130
103
52
32
20
17
47
69
88
93
92
84
72
52
31
-3
-31
-19
-18
-20
-42
-105
-144
-175
-205
-254
-326
-439
-525
-559
-616
-692
-776
-874
-949
-977
-1037
-1108
-1190
-1238
-1242
-1255
-1281
-1296
-1315
-1302
-1265
-1274
-1280
-1290
-1302
-1307
-1295
-1308
-1322
-1323
-1346
-1362
-1382
-1402
-1430
-1467
-1507
-1530
-1573
-1624
-1683
-1737
-1768
-1783
-1809
-1837
-1876
-1895
-1887
-1881
-1893
-1921
-1935
-1935
-1922
-1941
-1955
-1974
-1976
-1956
-1957
-1974
-1988
-1995
-1996
-1994
-1978
-1980
-1971
-1975
-2004
-2039
-2068
-2067
-2058
-2061
-2084
-2093
-2096
-2080
-2073
-2077
-2090
-2080
-2083
-2050
-2040
-2047
-2026
-2002
-1961
-1922
-1894
-1897
-1908
-1898
-1884
-1890
-1898
-1929
-1977
-1982
-1963
-1952
-1929
-1916
-1911
-1902
-1904
-1899
-1893
-1901
-1890
-1875
-1871
-1847
-1835
-1836
-1833
-1810
-1798
-1784
-1776
-1782
-1761
-1739
-1705
-1676
-1654
-1645
-1605
-1598
-1580
-1552
-1559
-1550
-1515
-1495
-1457
-1424
-1404
-1405
-1386
-1368
-1366
-1369
-1364
-1346
-1334
-1308
-1291
-1287
-1293
-1271
-1271
-1264
-1233
-1230
-1201
-1178
-1158
-1142
-1132
-1099
-1068
-1027
-995
-983
-964
-940
-913
-893
-862
-824
-799
-770
-736
-713
-699
-695
-673
-666
-646
-632
-623
-581
-573
-549
-522
-510
-486
-457
-426
-388
-349
-323
-281
-251
-241
-218
-192
-163
-151
-143
-124
-102
-105
-114
-133
-138
-137
-150
-166
-192
-232
-285
-306
-332
-321
-336
-319
-299
-264
-209
-154
-130
-95
-63
-41
0
41
59
80
109
144
178
188
192
174
193
207
214
203
191
174
164
165
144
139
151
185
218
249
280
333
361
376
396
398
408
430
470
505
531
541
545
528
504
471
437
403
353
328
278
232
189
174
129
96
91
100
121
114
117
104
115
124
120
120
85
124
175
219
223
192
190
208
200
183
135
113
111
105
100
36
-41
-79
-98
-111
-142
-182
-210
-184
-151
-131
-117
-123
-80
-14
17
46
62
61
78
91
113
141
139
182
248
309
353
358
372
408
455
454
434
435
444
481
511
517
501
522
529
526
520
498
468
444
457
468
472
459
456
455
447
450
457
456
468
492
521
519
545
550
546
562
598
639
673
702
745
774
825
850
844
850
859
885
902
908
904
894
864
864
836
815
805
772
759
767
736
729
736
723
720
722
713
738
735
726
723
710
731
760
780
784
777
780
793
786
758
718
686
657
628
608
581
546
499
445
392
324
286
263
198
149
116
92
80
46
13
-15
-14
-4
-38
-64
-129
-191
-191
-223
-243
-264
-311
-301
-314
-337
-359
-401
-434
-438
-460
-466
-494
-541
-578
-595
-631
-659
-691
-702
-708
-721
-721
-730
-747
-784
-797
-810
-831
-848
-842
-830
-843
-907
-939
-971
-1008
-1044
-1065
-1092
-1099
-1096
-1087
-1095
-1107
-1094
-1100
-1114
-1108
-1121
-1121
-1138
-1170
-1183
-1199
-1214
-1229
-1229
-1253
-1236
-1225
-1229
-1240
-1271
-1253
-1222
-1230
-1252
-1254
-1245
-1251
-1254
-1288
-1285
-1270
-1252
-1216
-1216
-1198
-1190
-1180
-1182
-1163
-1149
-1132
-1104
-1086
-1084
-1059
-1050
-1054
-1074
-1101
-1115
-1114
-1117
-1106
-1104
-1100
-1083
-1075
-1046
-1028
-1025
-988
-940
-886
-832
-807
-779
-748
-714
-688
-680
-656
-641
-623
-618
-648
-679
-695
-691
-687
-679
-694
-715
-708
-721
-747
-776
-792
-819
-840
-833
-833
-824
-806
-786
-751
-725
-701
-671
-650
-634
-587
-555
-526
-513
-504
-477
-468
-446
-429
-435
-432
-453
-479
-511
-518
-535
-543
-547
-565
-559
-538
-534
-512
-485
-489
-440
-416
-371
-353
-349
-342
-319
-290
-280
-281
-278
-262
-234
-210
-209
-193
-185
-181
-153
-136
-141
-158
-156
-173
-191
-202
-207
-202
-187
-167
-150
-138
-104
-76
-34
4
34
43
59
73
77
48
41
30
47
45
40
36
20
-2
-38
-50
-46
-33
-28
-22
2
12
17
30
15
8
16
20
29
36
39
44
46
73
67
61
70
73
71
71
57
27
15
1
-10
-3
-5
0
15
-1
8
23
42
68
91
137
166
197
221
241
261
278
299
299
297
305
312
323
338
360
353
357
349
331
318
309
320
321
303
310
308
306
285
284
291
284
300
321
305
314
323
330
322
308
322
343
371
381
412
441
490
520
541
549
558
554
555
555
527
534
519
521
518
498
475
489
485
494
465
446
414
398
417
419
404
406
420
440
450
442
434
411
410
431
423
404
393
422
454
475
510
526
556
568
601
627
646
656
693
706
718
747
787
790
775
756
730
691
685
658
631
606
616
644
655
630
607
635
677
701
682
670
665
673
659
656
645
656
640
648
633
642
631
582
552
536
534
558
573
549
537
540
540
525
483
453
443
474
495
507
509
504
496
486
486
471
455
464
488
496
492
480
467
468
455
455
426
414
421
416
398
383
352
319
318
332
331
309
293
286
309
301
273
207
165
144
126
97
72
30
-14
-13
2
-9
-28
-54
-92
-94
-105
-145
-185
-215
-231
-262
-291
-336
-384
-411
-419
-406
-424
-463
-478
-471
-437
-387
-374
-373
-373
-360
-370
-384
-431
-485
-507
-500
-493
-477
-485
-466
-427
-386
-375
-368
-356
-377
-363
-358
-373
-395
-400
-393
-395
-392
-391
-397
-402
-370
-382
-396
-398
-402
-387
-339
-302
-292
-274
-251
-225
-195
-203
-215
-236
-222
-220
-217
-232
-276
-300
-296
-287
-298
-312
-314
-308
-303
-299
-299
-322
-336
-336
-351
-365
-376
-373
-385
-391
-397
-392
-390
-377
-366
-359
-323
-315
-308
-295
-304
-339
-353
-389
-414
-423
-408
-405
-409
-410
-409
-410
-422
-434
-478
-495
-494
-495
-474
-454
-441
-438
-419
-407
-404
-407
-450
-447
-452
-455
-453
-480
-503
-488
-479
-452
-448
-443
-428
-404
-393
-396
-432
-438
-417
-401
-416
-409
-404
-392
-372
-375
-379
-375
-330
-302
-261
-249
-262
-276
-289
-288
-276
-261
-245
-236
-201
-188
-186
-194
-191
-183
-152
-144
-131
-127
-105
-90
-100
-98
-113
-125
-106
-102
-73
-60
-59
-52
-30
-35
-19
-55
-58
-62
-54
-21
-2
29
61
104
132
154
162
166
183
186
182
188
196
186
179
160
163
179
185
200
247
268
271
269
259
249
261
280
277
280
270
286
292
312
322
326
351
397
450
458
464
470
466
469
472
472
476
471
488
453
431
411
407
390
354
329
333
344
331
318
303
309
302
312
292
290
294
293
276
231
195
187
187
186
176
174
221
270
333
350
348
366
397
411
384
369
375
384
402
394
396
366
337
331
346
339
313
317
317
336
350
339
307
304
307
309
291
284
309
321
345
366
396
428
471
513
534
577
624
655
686
735
764
773
772
757
763
755
743
707
684
705
713
734
735
721
749
763
765
782
769
746
752
767
758
745
741
756
749
746
735
718
720
763
802
804
779
758
784
804
791
772
738
730
717
730
704
671
631
613
628
635
647
610
551
529
511
507
487
468
447
443
432
407
376
353
328
296
275
265
258
259
269
247
237
250
265
286
308
329
390
443
457
448
414
421
462
468
462
479
486
509
524
511
501
483
507
513
516
528
503
474
471
473
465
440
462
474
504
531
552
558
545
561
567
554
534
554
574
580
566
537
533
497
494
486
485
483
494
490
489
446
415
399
371
348
326
320
331
302
265
260
244
262
253
243
208
183
166
154
118
89
68
40
34
14
-13
-32
-60
-55
-67
-64
-65
-55
-32
-38
-34
-54
-80
-103
-113
-109
-89
-56
-54
-40
-23
-22
-12
-20
-13
8
20
20
33
59
43
40
62
85
79
50
48
54
54
36
29
8
-19
-20
-38
-53
-54
-52
-71
-81
-71
-81
-105
-118
-117
-113
-115
-123
-123
-129
-112
-106
-113
-126
-119
-101
-71
-65
-78
-82
-69
-77
-101
-129
-136
-114
-107
-131
-153
-144
-148
-154
-170
-207
-215
-190
-176
-191
-216
-239
-242
-228
-247
-254
-273
-281
-275
-255
-258
-270
-244
-212
-170
-142
-112
-106
-90
-56
-23
3
15
43
69
61
48
22
12
37
61
80
60
23
-4
-22
-45
-80
-110
-120
-84
-51
-26
-10
15
49
82
120
131
150
190
229
275
313
344
377
426
460
505
526
568
584
597
602
620
638
629
644
656
647
633
587
538
505
468
446
428
417
424
438
463
484
491
472
470
490
487
491
479
459
427
449
450
445
436
453
500
553
598
588
610
627
641
619
591
591
642
689
685
632
621
619
612
604
566
527
514
524
530
509
485
471
491
509
499
481
465
468
482
487
470
448
431
428
425
400
369
351
362
383
392
398
402
404
412
427
407
391
380
407
419
426
416
386
392
380
364
350
367
381
386
375
363
371
345
321
324
328
344
335
310
278
270
275
287
277
259
262
272
280
257
206
198
232
256
272
291
281
275
317
335
323
293
295
309
339
379
375
353
381
411
445
506
516
541
568
592
618
586
574
569
606
617
608
610
603
620
613
589
582
594
609
601
598
587
564
571
594
592
586
626
662
677
672
650
664
711
735
742
759
778
805
802
796
770
754
769
803
812
818
822
813
789
777
764
732
698
698
681
663
690
681
646
592
547
521
497
452
414
388
369
371
380
384
375
349
341
356
354
352
355
354
388
421
412
365
323
314
311
293
296
298
288
320
342
327
243
174
151
148
126
83
21
9
60
70
65
37
56
133
163
150
111
94
111
123
132
141
145
173
223
238
218
185
193
197
183
161
161
163
174
125
88
96
108
111
119
141
135
153
139
127
102
77
121
159
197
210
200
209
225
229
228
193
168
179
217
198
162
109
87
82
50
36
10
10
16
32
26
-7
-3
-20
-29
-49
-81
-121
-128
-132
-151
-166
-198
-228
-204
-216
-250
-267
-275
-260
-264
-263
-255
-254
-268
-264
-260
-242
-249
-273
-267
-261
-248
-243
-250
-230
-175
-145
-140
-139
-139
-136
-131
-143
-170
-168
-182
-188
-206
-228
-250
-277
-274
-238
-201
-197
-182
-140
-98
-90
-122
-127
-125
-104
-56
-27
-4
31
35
59
70
51
12
0
32
44
55
44
43
30
47
69
49
51
34
54
68
51
32
-8
-9
-8
3
2
-26
-58
-49
20
44
31
27
26
27
4
