0
-11
-22
-35
-47
-60
-71
-85
-96
-110
-121
-134
-145
-157
-170
-181
-193
-204
-217
-229
-240
-251
-262
-273
-285
-296
-307
-318
-330
-341
-350
-361
-370
-381
-392
-401
-410
-422
-431
-440
-449
-458
-466
-475
-484
-493
-500
-509
-516
-525
-532
-541
-547
-554
-561
-568
-574
-579
-585
-592
-597
-603
-608
-612
-617
-621
-626
-630
-635
-639
-642
-646
-648
-651
-653
-655
-657
-660
-662
-664
-664
-666
-666
-666
-666
-666
-666
-666
-666
-664
-664
-662
-662
-660
-657
-655
-653
-651
-646
-644
-639
-637
-633
-628
-624
-619
-615
-610
-606
-599
-594
-588
-583
-577
-570
-563
-556
-550
-543
-534
-527
-518
-511
-502
-493
-487
-478
-469
-460
-449
-440
-431
-422
-410
-401
-390
-379
-370
-359
-347
-336
-325
-314
-303
-291
-280
-269
-258
-244
-233
-220
-208
-195
-184
-170
-159
-145
-132
-121
-107
-94
-83
-69
-56
-42
-29
-15
-2
6
20
33
47
60
74
87
101
114
127
141
154
166
179
193
206
220
233
244
258
271
282
296
309
321
334
345
359
370
383
395
406
419
431
442
453
464
475
487
498
507
518
529
538
550
559
570
579
588
597
606
615
624
633
642
648
657
664
673
680
687
693
700
707
713
718
725
731
736
740
745
749
754
758
763
767
770
774
776
779
781
783
785
788
790
790
792
792
792
792
792
792
792
790
790
788
788
785
783
781
779
774
772
767
765
761
756
752
747
743
736
731
725
720
713
707
700
693
687
680
671
664
655
646
639
630
621
610
601
592
583
572
561
552
541
529
518
507
496
484
471
460
449
435
424
410
397
383
370
356
343
330
316
303
289
273
260
246
231
217
202
186
172
157
141
127
112
96
80
65
49
33
17
2
-11
-26
-42
-58
-74
-89
-105
-121
-136
-152
-168
-184
-199
-217
-233
-249
-264
-280
-296
-309
-325
-341
-356
-372
-388
-401
-417
-433
-449
-462
-478
-491
-507
-520
-534
-550
-563
-577
-590
-603
-617
-630
-644
-655
-669
-682
-693
-704
-718
-729
-740
-752
-763
-774
-785
-797
-806
-817
-826
-835
-846
-855
-864
-873
-880
-889
-898
-904
-911
-918
-927
-933
-938
-945
-951
-956
-963
-967
-972
-976
-981
-983
-987
-990
-994
-996
-999
-1001
-1003
-1003
-1005
-1005
-1008
-1008
-1008
-1008
-1005
-1005
-1003
-1003
-1001
-999
-996
-992
-990
-987
-983
-978
-974
-969
-965
-960
-954
-949
-942
-936
-929
-922
-913
-907
-900
-891
-882
-873
-864
-855
-846
-835
-826
-814
-803
-792
-781
-770
-758
-747
-734
-722
-709
-695
-682
-669
-655
-642
-626
-612
-597
-583
-568
-552
-536
-520
-505
-489
-473
-458
-440
-424
-406
-390
-372
-354
-336
-318
-300
-282
-264
-246
-229
-211
-193
-172
-154
-134
-116
-98
-78
-58
-40
-20
-2
15
35
53
74
94
112
132
152
172
190
211
231
249
269
289
309
327
347
365
386
404
424
442
462
480
500
518
536
554
574
592
610
628
646
662
680
698
713
731
749
765
781
797
814
830
846
862
875
891
907
920
933
949
963
976
990
1003
1014
1028
1039
1052
1064
1075
1086
1097
1106
1118
1127
1138
1147
1156
1165
1174
1180
1189
1196
1203
1210
1216
1223
1228
1234
1239
1243
1248
1252
1255
1259
1261
1264
1266
1268
1270
1270
1273
1273
1273
1273
1270
1270
1268
1266
1264
1261
1259
1257
1252
1248
1243
1239
1234
1228
1223
1216
1210
1203
1196
1187
1180
1171
1162
1154
1145
1133
1124
1113
1102
1091
1079
1068
1055
1043
1030
1017
1003
990
976
960
947
931
916
900
884
868
850
835
817
801
783
765
747
727
709
691
671
653
633
612
592
572
552
532
509
489
469
446
424
404
381
359
336
314
291
269
246
224
202
177
154
132
107
85
60
38
13
-6
-31
-56
-78
-103
-127
-150
-175
-199
-222
-246
-271
-294
-318
-341
-365
-388
-413
-437
-460
-482
-507
-529
-552
-577
-599
-621
-644
-666
-689
-711
-734
-756
-776
-799
-819
-841
-862
-884
-904
-925
-945
-965
-983
-1003
-1023
-1041
-1059
-1079
-1097
-1115
-1133
-1149
-1167
-1183
-1201
-1216
-1232
-1248
-1264
-1277
-1293
-1306
-1320
-1333
-1347
-1360
-1374
-1385
-1396
-1407
-1418
-1430
-1441
-1450
-1459
-1468
-1477
-1486
-1493
-1502
-1508
-1515
-1522
-1526
-1533
-1537
-1542
-1546
-1551
-1553
-1555
-1558
-1560
-1562
-1564
-1564
-1564
-1564
-1564
-1562
-1562
-1560
-1558
-1553
-1551
-1546
-1542
-1537
-1533
-1528
-1522
-1515
-1508
-1502
-1495
-1486
-1477
-1468
-1459
-1450
-1439
-1430
-1418
-1407
-1394
-1383
-1369
-1356
-1342
-1329
-1315
-1299
-1284
-1270
-1252
-1237
-1221
-1203
-1187
-1169
-1151
-1131
-1113
-1093
-1075
-1055
-1035
-1014
-994
-972
-951
-929
-907
-884
-862
-839
-814
-792
-767
-745
-720
-695
-671
-646
-621
-594
-570
-543
-518
-491
-464
-440
-413
-386
-359
-330
-303
-276
-249
-220
-193
-163
-136
-107
-80
-51
-24
2
31
60
87
116
145
175
202
231
260
289
316
345
374
401
431
460
487
516
543
572
599
628
655
682
709
736
763
790
817
844
871
898
922
949
974
999
1023
1050
1073
1097
1122
1147
1169
1194
1216
1239
1261
1284
1304
1326
1347
1369
1389
1409
1427
1448
1466
1486
1504
1522
1540
1555
1573
1589
1605
1621
1636
1650
1663
1677
1690
1704
1717
1728
1739
1751
1762
1771
1782
1791
1798
1807
1816
1823
1829
1836
1841
1845
1852
1856
1858
1863
1865
1867
1870
1870
1870
1872
1870
1870
1867
1867
1863
1861
1858
1854
1850
1845
1838
1834
1827
1820
1811
1805
1796
1787
1775
1766
1755
1744
1733
1722
1708
1695
1681
1668
1652
1638
1623
1607
1589
1573
1555
1537
1519
1502
1481
1463
1443
1423
1400
1380
1358
1335
1313
1290
1268
1243
1219
1194
1169
1145
1120
1093
1066
1041
1014
987
958
931
902
875
846
817
788
758
727
698
669
637
606
574
545
514
482
449
417
386
354
321
289
255
222
190
157
123
92
58
24
-6
-40
-74
-107
-141
-175
-208
-242
-276
-307
-341
-374
-408
-442
-475
-509
-541
-574
-608
-639
-673
-704
-738
-770
-803
-835
-866
-898
-929
-960
-992
-1021
-1052
-1082
-1113
-1142
-1171
-1201
-1230
-1259
-1286
-1315
-1342
-1371
-1398
-1423
-1450
-1477
-1502
-1526
-1553
-1578
-1600
-1625
-1647
-1670
-1692
-1715
-1737
-1757
-1780
-1800
-1818
-1838
-1858
-1876
-1894
-1910
-1928
-1944
-1960
-1975
-1991
-2004
-2020
-2034
-2045
-2058
-2070
-2081
-2092
-2101
-2110
-2119
-2128
-2137
-2144
-2150
-2157
-2162
-2166
-2171
-2175
-2177
-2180
-2182
-2184
-2184
-2184
-2184
-2184
-2182
-2180
-2177
-2175
-2171
-2166
-2162
-2155
-2148
-2141
-2135
-2126
-2117
-2108
-2099
-2087
-2076
-2065
-2054
-2040
-2027
-2013
-1998
-1984
-1968
-1953
-1935
-1919
-1901
-1881
-1863
-1843
-1823
-1802
-1782
-1760
-1739
-1717
-1692
-1670
-1645
-1621
-1596
-1571
-1544
-1519
-1493
-1466
-1436
-1409
-1380
-1351
-1322
-1293
-1261
-1232
-1201
-1169
-1138
-1106
-1073
-1041
-1008
-974
-940
-907
-873
-837
-803
-767
-734
-698
-662
-626
-590
-552
-516
-480
-442
-404
-368
-330
-291
-253
-217
-179
-141
-103
-62
-24
11
49
87
125
163
204
242
280
318
356
397
435
473
511
550
588
626
664
702
738
776
814
850
889
925
960
999
1035
1070
1106
1140
1176
1212
1246
1279
1313
1347
1380
1414
1448
1479
1510
1544
1573
1605
1636
1665
1695
1726
1753
1782
1811
1838
1865
1892
1917
1944
1968
1993
2018
2040
2065
2087
2110
2130
2150
2173
2191
2211
2229
2247
2265
2283
2299
2314
2330
2343
2359
2373
2384
2397
2409
2420
2429
2438
2447
2456
2462
2469
2476
2483
2487
2492
2494
2498
2501
2503
2503
2503
2503
2501
2501
2498
2494
2489
2485
2480
2476
2469
2462
2453
2444
2435
2427
2415
2404
2393
2379
2366
2352
2339
2323
2308
2292
2274
2256
2238
2220
2200
2180
2159
2137
2114
2092
2070
2045
2020
1995
1971
1944
1917
1890
1863
1834
1805
1775
1746
1717
1686
1654
1623
1589
1558
1524
1490
1457
1421
1387
1351
1315
1279
1241
1205
1167
1129
1091
1052
1014
976
936
895
857
817
776
734
693
653
610
570
527
484
442
399
356
314
271
229
186
141
98
56
11
-29
-71
-116
-159
-204
-246
-291
-334
-379
-422
-466
-509
-552
-594
-639
-682
-725
-767
-810
-853
-895
-938
-978
-1021
-1061
-1104
-1145
-1185
-1225
-1266
-1306
-1344
-1385
-1423
-1461
-1499
-1537
-1576
-1612
-1650
-1686
-1722
-1757
-1791
-1827
-1861
-1894
-1928
-1962
-1993
-2025
-2056
-2087
-2117
-2146
-2177
-2204
-2233
-2260
-2287
-2314
-2339
-2364
-2388
-2413
-2435
-2460
-2480
-2503
-2523
-2543
-2563
-2581
-2599
-2617
-2635
-2651
-2667
-2680
-2694
-2707
-2721
-2732
-2743
-2754
-2763
-2772
-2781
-2788
-2795
-2801
-2806
-2810
-2815
-2817
-2819
-2822
-2822
-2822
-2822
-2819
-2817
-2815
-2810
-2806
-2801
-2795
-2788
-2781
-2772
-2763
-2752
-2743
-2732
-2718
-2705
-2691
-2678
-2662
-2647
-2631
-2613
-2595
-2577
-2557
-2537
-2516
-2496
-2474
-2449
-2427
-2402
-2377
-2352
-2325
-2299
-2272
-2242
-2213
-2184
-2155
-2123
-2092
-2061
-2029
-1995
-1962
-1928
-1892
-1856
-1823
-1784
-1748
-1710
-1672
-1634
-1596
-1555
-1517
-1477
-1436
-1394
-1353
-1311
-1268
-1225
-1183
-1140
-1095
-1050
-1008
-963
-918
-871
-826
-779
-734
-687
-639
-592
-545
-498
-451
-404
-356
-307
-260
-211
-163
-114
-65
-17
29
78
125
175
224
273
321
370
419
469
516
565
612
662
709
758
806
853
900
949
996
1041
1088
1136
1183
1228
1273
1320
1365
1409
1452
1497
1540
1585
1627
1670
1713
1753
1796
1836
1876
1917
1955
1995
2034
2072
2110
2146
2182
2218
2254
2290
2323
2357
2391
2422
2453
2485
2516
2546
2575
2604
2633
2660
2687
2712
2736
2761
2786
2808
2831
2853
2873
2894
2914
2932
2950
2968
2983
2999
3012
3028
3042
3053
3064
3075
3084
3096
3102
3111
3118
3123
3127
3131
3136
3138
3140
3140
3140
3140
3138
3136
3131
3127
3123
3118
3111
3102
3096
3084
3075
3064
3053
3039
3026
3012
2997
2981
2965
2947
2929
2909
2891
2869
2849
2826
2804
2779
2754
2730
2703
2676
2649
2622
2593
2561
2532
2501
2469
2435
2402
2368
2334
2299
2263
2227
2189
2153
2112
2074
2034
1995
1953
1912
1870
1827
1784
1742
1697
1654
1609
1562
1517
1470
1423
1376
1329
1281
1232
1183
1133
1084
1035
985
933
884
832
781
729
678
626
572
520
469
415
361
309
255
202
148
94
40
-11
-65
-118
-172
-226
-280
-334
-388
-442
-496
-547
-601
-655
-709
-763
-814
-868
-920
-974
-1026
-1077
-1129
-1180
-1232
-1284
-1333
-1385
-1434
-1484
-1535
-1582
-1632
-1681
-1728
-1775
-1823
-1870
-1915
-1962
-2007
-2052
-2096
-2139
-2182
-2224
-2267
-2310
-2350
-2391
-2431
-2469
-2507
-2546
-2584
-2620
-2656
-2691
-2725
-2759
-2792
-2826
-2858
-2889
-2918
-2947
-2977
-3006
-3033
-3057
-3084
-3109
-3134
-3156
-3179
-3201
-3221
-3242
-3259
-3277
-3295
-3313
-3329
-3343
-3356
-3369
-3383
-3394
-3403
-3412
-3421
-3430
-3437
-3441
-3446
-3450
-3455
-3457
-3457
-3457
-3457
-3455
-3453
-3450
-3446
-3441
-3435
-3428
-3419
-3410
-3401
-3390
-3378
-3365
-3352
-3338
-3322
-3307
-3289
-3271
-3253
-3233
-3212
-3190
-3170
-3145
-3120
-3096
-3071
-3044
-3017
-2988
-2959
-2929
-2898
-2867
-2835
-2801
-2768
-2734
-2698
-2662
-2624
-2586
-2548
-2510
-2469
-2429
-2388
-2346
-2303
-2260
-2218
-2173
-2128
-2081
-2036
-1989
-1942
-1892
-1845
-1796
-1746
-1697
-1645
-1594
-1542
-1490
-1439
-1385
-1333
-1279
-1225
-1169
-1115
-1059
-1005
-949
-893
-837
-779
-722
-666
-608
-550
-493
-435
-377
-318
-260
-202
-143
-83
-24
31
89
150
208
267
327
386
444
502
561
621
680
738
797
853
911
969
1028
1084
1142
1198
1255
1311
1367
1423
1479
1533
1587
1643
1697
1748
1802
1854
1908
1960
2009
2061
2110
2162
2209
2258
2308
2355
2402
2447
2494
2539
2581
2626
2669
2712
2754
2795
2835
2876
2914
2952
2990
3026
3062
3098
3131
3165
3197
3230
3262
3291
3320
3349
3376
3403
3428
3455
3477
3502
3524
3545
3565
3585
3603
3621
3637
3652
3668
3682
3695
3706
3717
3726
3735
3744
3751
3758
3762
3767
3769
3771
3771
3771
3771
3769
3767
3762
3756
3751
3744
3735
3726
3717
3706
3693
3679
3666
3650
3634
3619
3601
3581
3560
3540
3518
3495
3473
3448
3421
3394
3367
3340
3311
3280
3248
3217
3183
3149
3116
3080
3044
3006
2968
2929
2889
2849
2808
2766
2723
2680
2635
2590
2546
2498
2451
2404
2355
2305
2256
2204
2155
2103
2049
1998
1944
1890
1836
1780
1724
1668
1612
1553
1497
1439
1380
1322
1261
1203
1142
1082
1021
960
898
837
774
713
651
588
525
462
399
334
271
208
143
80
15
-44
-110
-172
-237
-300
-365
-428
-493
-556
-619
-684
-747
-810
-873
-936
-999
-1061
-1124
-1187
-1248
-1311
-1371
-1432
-1493
-1553
-1614
-1672
-1731
-1791
-1850
-1906
-1964
-2020
-2076
-2132
-2189
-2242
-2299
-2350
-2404
-2458
-2510
-2561
-2611
-2660
-2709
-2759
-2806
-2853
-2900
-2947
-2992
-3035
-3080
-3123
-3165
-3206
-3246
-3284
-3325
-3360
-3399
-3435
-3471
-3504
-3538
-3569
-3601
-3632
-3661
-3691
-3717
-3744
-3771
-3796
-3821
-3843
-3863
-3886
-3906
-3924
-3942
-3958
-3973
-3989
-4003
-4016
-4027
-4036
-4048
-4054
-4063
-4068
-4074
-4077
-4081
-4083
-4083
-4083
-4081
-4079
-4074
-4070
-4065
-4059
-4050
-4041
-4032
-4021
-4007
-3996
-3980
-3964
-3949
-3931
-3913
-3893
-3872
-3850
-3827
-3803
-3778
-3753
-3726
-3700
-3670
-3639
-3610
-3576
-3545
-3511
-3475
-3439
-3403
-3365
-3327
-3289
-3248
-3206
-3165
-3120
-3078
-3033
-2988
-2941
-2894
-2846
-2797
-2748
-2696
-2647
-2595
-2541
-2489
-2435
-2379
-2325
-2269
-2211
-2155
-2096
-2038
-1980
-1919
-1858
-1798
-1737
-1677
-1614
-1551
-1488
-1425
-1360
-1295
-1230
-1165
-1100
-1035
-967
-902
-835
-767
-700
-633
-565
-496
-428
-361
-291
-222
-154
-85
-15
49
118
188
255
325
395
464
532
601
671
738
806
875
942
1010
1079
1147
1212
1279
1347
1412
1479
1544
1609
1674
1739
1802
1865
1930
1993
2054
2117
2177
2238
2299
2357
2418
2476
2532
2590
2647
2703
2757
2813
2867
2918
2970
3021
3073
3123
3172
3221
3268
3316
3360
3405
3450
3493
3536
3578
3619
3657
3697
3733
3771
3807
3841
3875
3908
3940
3971
4000
4030
4056
4083
4110
4133
4158
4180
4200
4220
4241
4259
4274
4290
4306
4319
4330
4342
4353
4360
4369
4375
4380
4384
4387
4389
4391
4389
4389
4387
4382
4378
4371
4364
4355
4344
4335
4321
4308
4294
4279
4263
4245
4225
4205
4184
4162
4140
4115
4088
4061
4034
4005
3976
3944
3911
3879
3843
3810
3774
3735
3697
3657
3616
3576
3533
3491
3446
3401
3354
3307
3259
3210
3161
3109
3057
3006
2952
2898
2844
2788
2732
2676
2617
2559
2498
2440
2379
2316
2256
2193
2128
2065
2000
1935
1870
1802
1737
1670
1603
1533
1466
1396
1326
1257
1185
1115
1043
974
902
830
756
684
612
538
466
392
318
246
172
98
24
-47
-121
-195
-269
-343
-415
-489
-563
-637
-711
-783
-857
-931
-1003
-1075
-1149
-1221
-1293
-1365
-1434
-1506
-1578
-1647
-1717
-1787
-1856
-1924
-1991
-2061
-2126
-2193
-2260
-2325
-2391
-2453
-2519
-2581
-2644
-2705
-2766
-2826
-2887
-2945
-3004
-3062
-3118
-3174
-3228
-3284
-3338
-3390
-3441
-3493
-3542
-3592
-3639
-3686
-3733
-3778
-3823
-3866
-3908
-3951
-3991
-4030
-4068
-4106
-4142
-4178
-4211
-4243
-4277
-4306
-4335
-4364
-4391
-4418
-4443
-4467
-4490
-4512
-4532
-4550
-4568
-4586
-4602
-4616
-4629
-4640
-4651
-4660
-4669
-4676
-4683
-4687
-4690
-4692
-4692
-4692
-4692
-4687
-4683
-4678
-4672
-4665
-4656
-4645
-4633
-4620
-4607
-4591
-4575
-4557
-4537
-4517
-4497
-4474
-4449
-4425
-4400
-4371
-4344
-4312
-4283
-4250
-4218
-4182
-4149
-4110
-4074
-4034
-3996
-3953
-3913
-3870
-3825
-3780
-3733
-3686
-3639
-3590
-3538
-3488
-3435
-3383
-3329
-3273
-3217
-3161
-3105
-3046
-2986
-2925
-2864
-2804
-2741
-2678
-2613
-2548
-2483
-2418
-2350
-2283
-2215
-2146
-2076
-2007
-1935
-1865
-1793
-1722
-1647
-1576
-1502
-1427
-1353
-1277
-1203
-1127
-1050
-974
-898
-821
-745
-666
-588
-511
-433
-354
-276
-197
-118
-40
35
114
193
271
350
428
507
585
664
743
821
900
976
1055
1131
1210
1286
1362
1439
1515
1591
1665
1739
1816
1890
1962
2036
2108
2180
2251
2323
2393
2462
2532
2602
2669
2736
2801
2869
2934
2997
3062
3125
3185
3248
3309
3367
3426
3484
3542
3598
3652
3706
3760
3812
3863
3915
3964
4012
4059
4106
4151
4196
4238
4281
4321
4362
4400
4438
4474
4508
4544
4575
4607
4638
4667
4694
4721
4748
4770
4795
4815
4838
4856
4874
4892
4907
4921
4934
4946
4955
4964
4973
4979
4984
4986
4988
4990
4990
4988
4986
4981
4975
4968
4961
4952
4941
4928
4914
4901
4885
4867
4849
4829
4806
4784
4761
4735
4710
4681
4654
4622
4591
4559
4526
4490
4454
4416
4378
4337
4297
4254
4211
4167
4122
4074
4027
3978
3929
3877
3825
3771
3717
3664
3607
3549
3491
3432
3372
3311
3248
3185
3123
3057
2992
2927
2860
2792
2723
2653
2584
2512
2442
2368
2296
2222
2148
2074
1998
1921
1845
1769
1690
1614
1535
1457
1376
1297
1216
1136
1055
974
891
810
727
646
563
480
397
314
231
148
65
-15
-101
-184
-267
-350
-433
-518
-601
-684
-767
-850
-933
-1014
-1097
-1180
-1261
-1342
-1425
-1506
-1585
-1665
-1746
-1825
-1903
-1982
-2061
-2137
-2215
-2292
-2368
-2442
-2516
-2590
-2664
-2739
-2810
-2880
-2952
-3021
-3091
-3158
-3226
-3293
-3360
-3426
-3488
-3551
-3614
-3677
-3738
-3796
-3854
-3913
-3969
-4025
-4079
-4133
-4187
-4236
-4288
-4337
-4384
-4431
-4479
-4521
-4566
-4609
-4649
-4690
-4728
-4766
-4802
-4836
-4869
-4903
-4934
-4964
-4993
-5020
-5047
-5071
-5094
-5116
-5136
-5157
-5175
-5190
-5206
-5219
-5233
-5244
-5253
-5262
-5269
-5273
-5278
-5280
-5282
-5282
-5280
-5278
-5273
-5269
-5262
-5253
-5244
-5233
-5219
-5206
-5190
-5175
-5157
-5136
-5116
-5094
-5069
-5044
-5017
-4990
-4961
-4932
-4901
-4867
-4833
-4797
-4761
-4723
-4683
-4642
-4602
-4557
-4515
-4467
-4422
-4373
-4324
-4274
-4223
-4171
-4117
-4061
-4005
-3949
-3890
-3832
-3771
-3711
-3648
-3585
-3520
-3455
-3390
-3322
-3253
-3185
-3116
-3044
-2972
-2900
-2828
-2754
-2678
-2604
-2528
-2451
-2373
-2294
-2215
-2137
-2056
-1975
-1894
-1814
-1731
-1647
-1564
-1481
-1396
-1311
-1228
-1140
-1055
-969
-882
-797
-709
-621
-534
-446
-359
-271
-184
-96
-8
78
166
253
343
431
518
606
693
783
871
958
1043
1131
1219
1304
1391
1477
1562
1647
1733
1816
1901
1984
2067
2148
2231
2312
2393
2474
2552
2631
2709
2788
2864
2941
3017
3091
3165
3239
3311
3383
3453
3522
3592
3659
3726
3794
3859
3922
3985
4048
4108
4169
4227
4285
4342
4398
4452
4506
4557
4609
4658
4708
4755
4802
4847
4889
4932
4973
5013
5051
5089
5125
5159
5193
5224
5255
5285
5312
5338
5363
5388
5408
5431
5448
5466
5484
5498
5511
5525
5534
5543
5552
5558
5563
5565
5567
5567
5567
5565
5561
5556
5547
5541
5529
5518
5507
5491
5475
5457
5440
5419
5399
5374
5352
5325
5298
5269
5240
5208
5175
5141
5105
5067
5029
4990
4948
4907
4863
4818
4770
4723
4674
4625
4573
4521
4467
4411
4355
4299
4241
4180
4119
4056
3994
3931
3866
3798
3731
3664
3594
3522
3453
3378
3307
3233
3156
3082
3004
2927
2849
2770
2689
2608
2528
2444
2364
2278
2195
2110
2025
1939
1852
1766
1679
1589
1502
1412
1324
1234
1142
1052
963
871
779
689
597
505
413
321
226
134
42
-49
-141
-233
-325
-419
-511
-603
-698
-790
-882
-974
-1066
-1156
-1248
-1340
-1430
-1519
-1609
-1699
-1789
-1876
-1966
-2054
-2141
-2229
-2314
-2400
-2485
-2570
-2653
-2736
-2819
-2900
-2983
-3062
-3143
-3221
-3300
-3376
-3453
-3529
-3603
-3677
-3749
-3821
-3890
-3962
-4030
-4097
-4164
-4229
-4294
-4357
-4420
-4481
-4541
-4600
-4658
-4714
-4770
-4824
-4876
-4928
-4979
-5026
-5076
-5121
-5166
-5211
-5251
-5294
-5332
-5370
-5408
-5442
-5475
-5509
-5541
-5570
-5599
-5624
-5651
-5673
-5695
-5716
-5736
-5754
-5770
-5785
-5796
-5810
-5819
-5828
-5835
-5841
-5844
-5848
-5848
-5848
-5846
-5841
-5837
-5830
-5821
-5812
-5799
-5788
-5772
-5756
-5738
-5720
-5700
-5677
-5653
-5628
-5601
-5574
-5543
-5514
-5480
-5446
-5410
-5374
-5336
-5296
-5253
-5211
-5168
-5123
-5076
-5026
-4977
-4928
-4874
-4822
-4766
-4710
-4654
-4595
-4535
-4474
-4411
-4348
-4283
-4218
-4151
-4083
-4014
-3942
-3872
-3798
-3726
-3652
-3576
-3500
-3421
-3345
-3264
-3183
-3102
-3021
-2938
-2855
-2770
-2685
-2599
-2514
-2427
-2337
-2249
-2159
-2070
-1980
-1888
-1798
-1704
-1612
-1519
-1425
-1331
-1237
-1142
-1048
-951
-857
-761
-664
-568
-471
-374
-278
-181
-83
11
107
206
303
399
498
594
691
788
884
981
1077
1174
1268
1365
1459
1555
1650
1744
1836
1930
2022
2114
2206
2299
2388
2478
2568
2656
2745
2833
2918
3006
3091
3174
3257
3340
3423
3504
3585
3664
3742
3819
3897
3971
4045
4119
4191
4263
4333
4402
4470
4537
4602
4667
4730
4793
4854
4914
4973
5029
5085
5139
5193
5244
5294
5343
5390
5437
5482
5525
5567
5608
5646
5684
5720
5754
5788
5819
5848
5877
5904
5929
5954
5976
5996
6017
6032
6048
6064
6077
6088
6097
6104
6111
6115
6120
6120
6120
6120
6115
6111
6104
6095
6086
6075
6061
6048
6030
6014
5994
5974
5951
5927
5900
5873
5844
5814
5781
5749
5713
5677
5639
5599
5558
5516
5471
5426
5379
5329
5280
5228
5177
5123
5067
5011
4952
4894
4833
4770
4708
4642
4575
4510
4440
4371
4301
4229
4155
4081
4007
3929
3852
3774
3695
3614
3531
3450
3365
3282
3197
3111
3024
2936
2846
2757
2667
2577
2485
2393
2299
2204
2110
2016
1921
1825
1728
1629
1533
1434
1335
1237
1138
1039
938
839
738
637
536
435
334
233
132
31
-69
-170
-271
-372
-475
-577
-678
-779
-880
-981
-1082
-1180
-1281
-1383
-1481
-1580
-1679
-1778
-1874
-1973
-2070
-2166
-2263
-2357
-2453
-2548
-2640
-2734
-2826
-2918
-3008
-3098
-3188
-3275
-3365
-3450
-3538
-3621
-3706
-3789
-3872
-3953
-4034
-4113
-4191
-4268
-4344
-4418
-4492
-4564
-4636
-4705
-4775
-4842
-4910
-4975
-5040
-5103
-5163
-5224
-5282
-5338
-5395
-5451
-5502
-5554
-5606
-5653
-5700
-5747
-5792
-5835
-5875
-5915
-5954
-5990
-6025
-6059
-6091
-6120
-6149
-6176
-6203
-6225
-6248
-6268
-6288
-6306
-6322
-6335
-6347
-6358
-6367
-6373
-6380
-6385
-6387
-6387
-6385
-6382
-6378
-6371
-6365
-6356
-6344
-6331
-6315
-6299
-6281
-6261
-6241
-6219
-6194
-6167
-6140
-6111
-6079
-6046
-6012
-5976
-5938
-5900
-5859
-5817
-5774
-5727
-5682
-5633
-5583
-5532
-5478
-5424
-5368
-5312
-5253
-5193
-5132
-5069
-5004
-4939
-4871
-4804
-4735
-4663
-4591
-4519
-4443
-4369
-4292
-4214
-4135
-4054
-3973
-3890
-3807
-3722
-3637
-3549
-3462
-3374
-3284
-3194
-3102
-3010
-2918
-2824
-2730
-2633
-2539
-2442
-2343
-2247
-2148
-2047
-1948
-1847
-1746
-1645
-1544
-1441
-1338
-1234
-1131
-1028
-922
-819
-713
-608
-505
-399
-294
-188
-80
22
127
233
339
444
550
655
761
866
972
1077
1180
1286
1389
1495
1598
1701
1802
1906
2007
2108
2209
2310
2409
2507
2606
2705
2801
2898
2992
3089
3183
3275
3367
3459
3551
3641
3729
3819
3904
3991
4077
4160
4243
4324
4404
4485
4564
4640
4717
4791
4865
4937
5008
5078
5148
5215
5280
5345
5408
5469
5529
5588
5646
5702
5756
5810
5859
5911
5958
6005
6050
6095
6136
6176
6216
6252
6288
6322
6356
6385
6414
6441
6468
6490
6513
6533
6553
6569
6585
6598
6609
6620
6629
6636
6641
6643
6645
6645
6643
6638
6632
6625
6616
6605
6594
6578
6562
6544
6524
6504
6479
6454
6430
6400
6371
6340
6306
6270
6234
6196
6156
6115
6070
6028
5981
5931
5882
5832
5779
5725
5669
5612
5552
5491
5431
5368
5303
5237
5168
5100
5029
4959
4885
4811
4735
4658
4580
4501
4420
4339
4256
4171
4086
4000
3913
3823
3735
3643
3551
3459
3367
3273
3176
3080
2983
2885
2788
2687
2588
2487
2384
2283
2180
2076
1973
1867
1762
1656
1551
1443
1338
1230
1122
1014
904
797
687
579
469
359
249
139
29
-78
-188
-298
-408
-518
-626
-736
-846
-956
-1064
-1174
-1281
-1389
-1497
-1605
-1713
-1820
-1926
-2031
-2137
-2242
-2346
-2451
-2554
-2656
-2759
-2860
-2959
-3060
-3158
-3257
-3354
-3450
-3545
-3641
-3733
-3827
-3920
-4009
-4099
-4189
-4277
-4362
-4447
-4532
-4616
-4699
-4779
-4858
-4937
-5013
-5089
-5163
-5237
-5309
-5379
-5448
-5516
-5581
-5646
-5709
-5772
-5830
-5891
-5947
-6003
-6057
-6109
-6160
-6210
-6257
-6304
-6349
-6391
-6432
-6470
-6508
-6544
-6580
-6611
-6643
-6672
-6699
-6724
-6748
-6771
-6791
-6809
-6825
-6840
-6854
-6865
-6874
-6883
-6888
-6892
-6894
-6894
-6894
-6890
-6885
-6879
-6870
-6858
-6847
-6834
-6818
-6800
-6780
-6760
-6735
-6710
-6683
-6656
-6625
-6594
-6560
-6524
-6488
-6448
-6407
-6365
-6322
-6275
-6228
-6178
-6129
-6077
-6023
-5967
-5909
-5850
-5790
-5729
-5666
-5601
-5534
-5466
-5397
-5325
-5253
-5181
-5105
-5029
-4950
-4871
-4791
-4710
-4627
-4544
-4458
-4371
-4283
-4193
-4104
-4012
-3920
-3827
-3733
-3637
-3540
-3444
-3345
-3246
-3145
-3044
-2943
-2840
-2736
-2631
-2528
-2422
-2314
-2209
-2101
-1991
-1883
-1773
-1663
-1553
-1443
-1331
-1221
-1109
-996
-884
-772
-657
-545
-431
-318
-204
-89
22
134
249
363
478
590
704
817
931
1043
1158
1270
1383
1495
1605
1717
1827
1939
2049
2157
2267
2375
2483
2590
2696
2801
2907
3012
3116
3219
3320
3421
3522
3621
3720
3819
3915
4009
4104
4198
4290
4382
4472
4562
4649
4737
4822
4905
4988
5071
5150
5231
5307
5383
5460
5532
5603
5675
5745
5812
5877
5942
6005
6068
6127
6185
6243
6297
6351
6403
6454
6501
6549
6594
6636
6679
6719
6757
6793
6827
6861
6892
6921
6948
6973
6998
7020
7038
7058
7074
7087
7101
7112
7121
7128
7132
7135
7137
7137
7135
7130
7123
7117
7105
7094
7081
7065
7047
7027
7007
6984
6959
6933
6903
6874
6840
6807
6771
6733
6695
6654
6609
6567
6519
6470
6421
6369
6315
6261
6205
6147
6086
6025
5963
5898
5830
5763
5693
5621
5550
5475
5399
5323
5244
5166
5085
5002
4919
4833
4746
4658
4568
4479
4387
4294
4200
4106
4009
3913
3814
3715
3614
3513
3412
3309
3206
3100
2995
2887
2779
2671
2563
2453
2343
2231
2121
2009
1894
1782
1668
1553
1439
1324
1207
1093
976
859
743
626
509
392
273
157
38
-76
-195
-312
-431
-547
-664
-783
-900
-1017
-1133
-1250
-1367
-1481
-1598
-1713
-1827
-1942
-2056
-2168
-2283
-2395
-2507
-2617
-2727
-2837
-2947
-3055
-3163
-3268
-3374
-3479
-3585
-3688
-3789
-3890
-3991
-4090
-4189
-4285
-4382
-4476
-4571
-4663
-4755
-4845
-4934
-5022
-5109
-5193
-5278
-5359
-5440
-5520
-5599
-5675
-5749
-5823
-5895
-5967
-6037
-6104
-6169
-6234
-6297
-6358
-6418
-6475
-6531
-6587
-6638
-6690
-6739
-6787
-6832
-6876
-6919
-6957
-6998
-7034
-7067
-7101
-7132
-7162
-7188
-7213
-7238
-7260
-7278
-7296
-7312
-7328
-7339
-7350
-7357
-7364
-7368
-7370
-7370
-7368
-7366
-7361
-7352
-7343
-7332
-7319
-7305
-7287
-7269
-7247
-7224
-7200
-7173
-7146
-7114
-7083
-7047
-7011
-6975
-6935
-6892
-6849
-6805
-6757
-6708
-6659
-6605
-6551
-6495
-6439
-6378
-6317
-6254
-6189
-6124
-6057
-5987
-5915
-5844
-5770
-5695
-5617
-5538
-5457
-5377
-5294
-5211
-5123
-5038
-4948
-4858
-4766
-4674
-4580
-4485
-4389
-4292
-4193
-4095
-3994
-3890
-3789
-3684
-3578
-3473
-3367
-3259
-3149
-3039
-2929
-2819
-2707
-2595
-2480
-2366
-2251
-2137
-2020
-1903
-1787
-1668
-1551
-1432
-1313
-1194
-1075
-954
-832
-713
-592
-471
-350
-229
-107
11
132
253
374
498
619
740
859
981
1102
1223
1342
1463
1582
1701
1820
1937
2056
2173
2290
2406
2521
2635
2750
2864
2977
3089
3199
3309
3419
3529
3637
3742
3850
3953
4059
4162
4263
4364
4463
4562
4658
4755
4851
4943
5035
5127
5217
5305
5392
5478
5563
5646
5727
5808
5886
5963
6037
6111
6183
6254
6322
6389
6454
6519
6582
6643
6701
6757
6814
6867
6919
6968
7016
7063
7108
7148
7191
7229
7265
7301
7332
7364
7393
7420
7447
7469
7492
7510
7527
7543
7557
7568
7577
7586
7590
7595
7595
7595
7593
7588
7581
7572
7563
7550
7536
7519
7501
7480
7458
7433
7406
7379
7348
7316
7283
7245
7209
7168
7126
7083
7036
6989
6939
6888
6836
6780
6724
6665
6605
6544
6479
6414
6347
6279
6207
6136
6061
5987
5909
5830
5752
5669
5585
5502
5415
5327
5237
5148
5056
4964
4869
4773
4676
4577
4476
4378
4274
4171
4068
3962
3854
3747
3639
3529
3419
3307
3194
3082
2968
2853
2736
2622
2503
2386
2267
2148
2029
1908
1787
1665
1544
1421
1299
1176
1052
929
806
680
556
431
307
181
56
-65
-190
-316
-440
-565
-691
-814
-940
-1064
-1187
-1311
-1434
-1558
-1681
-1802
-1926
-2047
-2166
-2287
-2406
-2528
-2644
-2763
-2880
-2997
-3111
-3228
-3343
-3455
-3567
-3679
-3789
-3899
-4007
-4115
-4220
-4326
-4431
-4535
-4636
-4737
-4838
-4934
-5033
-5127
-5222
-5316
-5408
-5498
-5585
-5673
-5761
-5844
-5927
-6010
-6088
-6167
-6243
-6320
-6391
-6463
-6535
-6602
-6670
-6735
-6798
-6858
-6919
-6975
-7031
-7085
-7139
-7188
-7238
-7285
-7328
-7373
-7413
-7451
-7489
-7523
-7557
-7588
-7617
-7644
-7669
-7691
-7714
-7732
-7750
-7763
-7777
-7788
-7797
-7804
-7808
-7810
-7810
-7810
-7806
-7801
-7792
-7783
-7772
-7759
-7741
-7723
-7705
-7682
-7658
-7633
-7604
-7575
-7541
-7507
-7471
-7433
-7393
-7352
-7307
-7263
-7213
-7164
-7112
-7061
-7004
-6946
-6888
-6827
-6764
-6699
-6634
-6567
-6495
-6425
-6351
-6277
-6198
-6122
-6041
-5960
-5877
-5792
-5707
-5617
-5529
-5437
-5345
-5253
-5157
-5060
-4964
-4865
-4764
-4660
-4559
-4454
-4348
-4243
-4135
-4025
-3915
-3805
-3693
-3581
-3466
-3352
-3235
-3118
-3001
-2882
-2763
-2642
-2523
-2402
-2278
-2157
-2034
-1908
-1784
-1659
-1535
-1409
-1281
-1156
-1028
-902
-774
-646
-518
-390
-262
-134
-4
121
249
377
505
635
763
891
1019
1145
1273
1400
1526
1652
1778
1903
2029
2153
2278
2402
2523
2647
2768
2889
3008
3127
3246
3363
3479
3596
3711
3825
3937
4050
4162
4272
4380
4488
4595
4701
4804
4907
5008
5109
5208
5307
5404
5498
5592
5684
5774
5864
5951
6037
6122
6205
6286
6365
6443
6519
6594
6668
6737
6807
6874
6942
7004
7067
7128
7186
7242
7298
7350
7402
7451
7498
7543
7586
7626
7664
7703
7739
7770
7801
7831
7858
7882
7905
7925
7945
7961
7974
7988
7997
8006
8012
8015
8017
8017
8015
8010
8003
7994
7983
7970
7956
7938
7918
7898
7873
7849
7822
7790
7759
7725
7689
7651
7613
7570
7525
7480
7433
7382
7330
7276
7222
7164
7103
7043
6980
6915
6847
6778
6708
6636
6562
6486
6407
6329
6248
6165
6079
5994
5906
5817
5727
5635
5541
5446
5347
5251
5150
5051
4948
4845
4739
4633
4526
4418
4308
4196
4083
3971
3857
3740
3625
3506
3390
3271
3149
3028
2907
2783
2660
2537
2411
2287
2159
2034
1906
1778
1650
1522
1391
1261
1133
1003
871
740
610
478
347
215
83
-44
-177
-309
-440
-572
-704
-835
-965
-1097
-1228
-1358
-1488
-1618
-1746
-1876
-2004
-2132
-2260
-2386
-2512
-2638
-2763
-2887
-3010
-3134
-3255
-3376
-3497
-3616
-3735
-3852
-3969
-4083
-4198
-4312
-4425
-4535
-4645
-4755
-4860
-4968
-5074
-5177
-5278
-5379
-5480
-5576
-5673
-5770
-5864
-5956
-6046
-6136
-6223
-6308
-6391
-6475
-6555
-6636
-6713
-6789
-6863
-6935
-7004
-7074
-7139
-7204
-7267
-7328
-7388
-7444
-7501
-7554
-7604
-7653
-7700
-7748
-7790
-7831
-7871
-7907
-7943
-7974
-8006
-8035
-8062
-8087
-8109
-8129
-8147
-8163
-8176
-8188
-8199
-8206
-8210
-8212
-8215
-8212
-8210
-8203
-8197
-8185
-8174
-8161
-8143
-8125
-8105
-8082
-8057
-8028
-7999
-7968
-7936
-7900
-7862
-7822
-7781
-7736
-7691
-7642
-7593
-7541
-7487
-7431
-7373
-7314
-7251
-7188
-7121
-7054
-6984
-6915
-6840
-6766
-6688
-6611
-6531
-6448
-6365
-6279
-6192
-6104
-6012
-5920
-5828
-5731
-5635
-5536
-5437
-5336
-5233
-5130
-5024
-4919
-4811
-4701
-4591
-4479
-4366
-4252
-4135
-4018
-3902
-3783
-3664
-3542
-3421
-3300
-3176
-3051
-2927
-2801
-2673
-2546
-2418
-2290
-2159
-2031
-1899
-1769
-1636
-1506
-1374
-1239
-1106
-974
-839
-704
-570
-437
-303
-168
-33
98
235
370
505
639
774
907
1041
1176
1308
1443
1576
1708
1841
1971
2103
2233
2364
2494
2622
2750
2878
3006
3131
3255
3381
3504
3628
3749
3870
3989
4108
4225
4342
4458
4573
4685
4797
4907
5017
5125
5233
5338
5442
5545
5646
5745
5844
5940
6037
6129
6221
6313
6400
6488
6573
6656
6739
6820
6899
6975
7049
7123
7193
7263
7330
7395
7460
7521
7581
7638
7694
7748
7799
7849
7896
7943
7986
8026
8066
8102
8138
8170
8201
8230
8255
8280
8302
8322
8340
8354
8367
8378
8387
8394
8399
8401
8401
8399
8394
8387
8378
8367
8354
8338
8320
8300
8280
8255
8228
8199
8170
8136
8100
8064
8024
7983
7938
7893
7846
7795
7743
7689
7633
7575
7516
7453
7388
7323
7256
7186
7114
7040
6964
6888
6807
6726
6643
6560
6472
6385
6295
6203
6111
6017
5920
5821
5722
5621
5518
5415
5309
5202
5094
4984
4874
4761
4647
4532
4418
4299
4182
4063
3942
3821
3697
3574
3448
3322
3197
3069
2941
2813
2682
2552
2422
2290
2157
2025
1890
1755
1621
1486
1351
1214
1077
942
806
669
529
392
255
118
-17
-154
-294
-431
-568
-704
-844
-981
-1118
-1255
-1389
-1526
-1661
-1798
-1933
-2067
-2200
-2332
-2467
-2597
-2730
-2860
-2990
-3120
-3248
-3376
-3502
-3628
-3753
-3877
-4000
-4122
-4243
-4362
-4481
-4600
-4714
-4831
-4943
-5056
-5168
-5278
-5386
-5493
-5599
-5704
-5805
-5909
-6008
-6106
-6203
-6297
-6391
-6481
-6573
-6661
-6746
-6832
-6915
-6995
-7076
-7153
-7229
-7303
-7375
-7444
-7512
-7579
-7642
-7705
-7765
-7824
-7878
-7932
-7986
-8035
-8082
-8127
-8172
-8212
-8250
-8289
-8322
-8356
-8385
-8414
-8439
-8464
-8484
-8504
-8522
-8536
-8549
-8558
-8567
-8574
-8576
-8578
-8576
-8574
-8567
-8560
-8551
-8538
-8524
-8506
-8488
-8466
-8444
-8417
-8390
-8358
-8327
-8293
-8255
-8217
-8176
-8131
-8087
-8039
-7990
-7938
-7884
-7828
-7770
-7709
-7646
-7584
-7516
-7449
-7379
-7307
-7233
-7157
-7078
-7000
-6917
-6834
-6748
-6661
-6573
-6481
-6389
-6295
-6201
-6102
-6003
-5904
-5801
-5698
-5592
-5484
-5377
-5267
-5157
-5044
-4930
-4815
-4699
-4582
-4463
-4342
-4220
-4099
-3976
-3850
-3724
-3598
-3471
-3343
-3212
-3082
-2952
-2819
-2687
-2554
-2420
-2285
-2150
-2013
-1876
-1739
-1603
-1463
-1326
-1187
-1048
-909
-767
-628
-489
-347
-208
-67
71
211
352
491
633
772
913
1052
1192
1331
1470
1609
1746
1885
2022
2159
2296
2431
2566
2700
2835
2968
3100
3230
3363
3491
3621
3749
3875
4003
4126
4250
4373
4494
4616
4735
4854
4970
5085
5199
5314
5424
5534
5644
5752
5857
5960
6064
6165
6263
6362
6459
6553
6645
6737
6825
6912
7000
7083
7164
7245
7323
7400
7474
7548
7617
7685
7752
7817
7880
7941
7997
8055
8109
8161
8210
8257
8302
8347
8387
8426
8464
8497
8531
8560
8587
8614
8637
8657
8677
8693
8706
8720
8729
8735
8740
8744
8744
8742
8738
8731
8722
8711
8697
8682
8664
8643
8621
8596
8569
8540
8509
8475
8439
8401
8358
8316
8271
8223
8174
8122
8071
8015
7956
7896
7835
7770
7703
7635
7566
7494
7417
7341
7265
7184
7101
7018
6933
6845
6755
6663
6571
6477
6380
6281
6180
6079
5976
5873
5765
5657
5550
5437
5325
5213
5096
4979
4863
4744
4622
4501
4378
4254
4131
4003
3877
3747
3619
3488
3356
3224
3091
2956
2822
2687
2550
2413
2276
2139
2000
1861
1719
1580
1439
1297
1156
1014
873
729
588
444
300
159
15
-125
-269
-410
-554
-698
-839
-983
-1124
-1266
-1409
-1551
-1690
-1832
-1971
-2112
-2251
-2388
-2528
-2664
-2801
-2936
-3073
-3206
-3340
-3473
-3605
-3735
-3866
-3994
-4122
-4250
-4375
-4499
-4622
-4746
-4867
-4986
-5105
-5222
-5338
-5453
-5565
-5677
-5788
-5895
-6003
-6109
-6212
-6313
-6414
-6513
-6611
-6706
-6800
-6892
-6982
-7072
-7157
-7242
-7325
-7406
-7485
-7561
-7638
-7709
-7781
-7849
-7916
-7981
-8044
-8105
-8163
-8219
-8273
-8327
-8376
-8423
-8468
-8513
-8554
-8592
-8628
-8664
-8695
-8724
-8751
-8776
-8801
-8821
-8839
-8854
-8868
-8879
-8888
-8895
-8897
-8899
-8899
-8897
-8890
-8884
-8875
-8861
-8848
-8830
-8809
-8789
-8765
-8740
-8711
-8679
-8646
-8612
-8574
-8533
-8491
-8446
-8401
-8351
-8300
-8246
-8192
-8134
-8073
-8012
-7947
-7882
-7815
-7743
-7671
-7597
-7521
-7442
-7361
-7278
-7195
-7110
-7020
-6930
-6838
-6746
-6650
-6553
-6454
-6353
-6252
-6147
-6041
-5936
-5826
-5716
-5603
-5491
-5377
-5260
-5143
-5024
-4903
-4782
-4658
-4535
-4409
-4281
-4153
-4025
-3895
-3765
-3632
-3500
-3365
-3230
-3096
-2959
-2822
-2682
-2543
-2404
-2265
-2123
-1982
-1841
-1697
-1555
-1412
-1268
-1124
-978
-835
-689
-545
-399
-253
-107
33
179
325
471
617
763
907
1052
1196
1340
1486
1629
1771
1915
2056
2200
2339
2480
2620
2761
2898
3037
3174
3311
3446
3581
3713
3845
3978
4108
4238
4366
4494
4620
4746
4869
4993
5114
5233
5352
5469
5585
5700
5812
5924
6032
6142
6248
6353
6457
6558
6659
6757
6852
6948
7040
7130
7220
7307
7393
7476
7557
7638
7714
7790
7864
7934
8003
8071
8136
8199
8259
8318
8376
8430
8482
8531
8578
8623
8668
8708
8747
8783
8816
8848
8877
8904
8928
8951
8971
8989
9005
9016
9027
9034
9041
9043
9045
9043
9038
9034
9025
9014
9000
8985
8967
8946
8924
8897
8870
8841
8807
8774
8738
8697
8657
8612
8567
8518
8468
8414
8360
8302
8244
8181
8118
8053
7983
7914
7842
7768
7691
7613
7532
7449
7366
7278
7191
7101
7009
6915
6818
6721
6623
6522
6418
6313
6207
6100
5990
5880
5765
5653
5536
5419
5300
5181
5058
4937
4811
4687
4559
4431
4303
4173
4041
3908
3776
3641
3506
3369
3233
3093
2954
2815
2673
2534
2391
2249
2105
1962
1818
1672
1526
1380
1234
1088
942
794
648
500
352
204
58
-87
-235
-383
-532
-680
-826
-974
-1120
-1268
-1414
-1560
-1706
-1852
-1995
-2141
-2285
-2427
-2570
-2712
-2853
-2995
-3134
-3273
-3410
-3547
-3684
-3819
-3953
-4088
-4218
-4351
-4481
-4609
-4737
-4863
-4988
-5112
-5235
-5356
-5475
-5594
-5711
-5828
-5942
-6055
-6165
-6275
-6382
-6488
-6591
-6695
-6796
-6894
-6991
-7087
-7180
-7272
-7361
-7449
-7534
-7620
-7700
-7781
-7858
-7934
-8008
-8080
-8149
-8217
-8282
-8345
-8405
-8464
-8520
-8576
-8628
-8677
-8724
-8769
-8812
-8852
-8890
-8926
-8960
-8991
-9021
-9045
-9070
-9092
-9110
-9128
-9142
-9155
-9164
-9171
-9175
-9178
-9178
-9175
-9171
-9164
-9155
-9142
-9128
-9110
-9092
-9070
-9045
-9018
-8991
-8960
-8926
-8890
-8852
-8812
-8767
-8722
-8675
-8625
-8574
-8518
-8461
-8403
-8342
-8277
-8212
-8145
-8075
-8003
-7929
-7853
-7774
-7694
-7613
-7527
-7442
-7352
-7263
-7171
-7076
-6980
-6883
-6782
-6681
-6578
-6472
-6367
-6259
-6149
-6037
-5922
-5808
-5691
-5574
-5455
-5334
-5211
-5087
-4964
-4836
-4708
-4580
-4449
-4317
-4184
-4052
-3917
-3783
-3646
-3506
-3367
-3228
-3089
-2947
-2806
-2662
-2519
-2375
-2229
-2083
-1937
-1791
-1643
-1497
-1349
-1201
-1052
-902
-754
-603
-455
-305
-154
-4
143
291
442
592
740
891
1041
1189
1338
1486
1634
1782
1928
2076
2222
2368
2512
2658
2801
2943
3084
3226
3367
3506
3646
3783
3920
4056
4191
4326
4458
4589
4719
4849
4977
5103
5228
5352
5473
5594
5713
5832
5949
6064
6176
6288
6398
6508
6614
6719
6823
6924
7022
7121
7218
7312
7404
7494
7581
7669
7752
7835
7916
7992
8069
8143
8215
8284
8351
8417
8479
8540
8601
8657
8711
8762
8812
8859
8904
8946
8987
9023
9059
9092
9124
9151
9178
9200
9220
9241
9256
9270
9281
9290
9297
9301
9301
9301
9297
9292
9283
9272
9259
9243
9225
9205
9182
9157
9128
9099
9068
9032
8994
8955
8913
8868
8821
8771
8722
8668
8612
8554
8493
8430
8365
8298
8228
8156
8082
8008
7929
7849
7768
7682
7597
7507
7417
7325
7231
7135
7038
6937
6836
6733
6627
6519
6412
6302
6189
6075
5960
5844
5725
5603
5482
5359
5235
5109
4981
4854
4723
4593
4461
4326
4193
4056
3920
3783
3643
3504
3363
3221
3078
2934
2790
2647
2501
2352
2206
2058
1910
1762
1614
1463
1313
1162
1012
862
709
559
408
255
103
-44
-197
-350
-500
-653
-803
-956
-1106
-1257
-1407
-1558
-1708
-1856
-2004
-2153
-2301
-2449
-2595
-2741
-2887
-3030
-3174
-3318
-3459
-3601
-3740
-3879
-4018
-4155
-4290
-4427
-4559
-4692
-4824
-4955
-5083
-5211
-5336
-5462
-5585
-5707
-5828
-5945
-6064
-6178
-6293
-6405
-6517
-6625
-6733
-6838
-6942
-7045
-7144
-7242
-7339
-7433
-7527
-7617
-7705
-7792
-7878
-7959
-8039
-8118
-8194
-8268
-8340
-8410
-8477
-8542
-8605
-8666
-8724
-8780
-8834
-8886
-8935
-8982
-9027
-9068
-9108
-9146
-9180
-9214
-9243
-9272
-9297
-9319
-9339
-9357
-9373
-9386
-9395
-9404
-9409
-9413
-9413
-9411
-9407
-9400
-9391
-9380
-9364
-9348
-9330
-9308
-9283
-9256
-9227
-9196
-9162
-9126
-9088
-9047
-9003
-8958
-8908
-8859
-8805
-8751
-8693
-8634
-8571
-8506
-8441
-8372
-8300
-8228
-8152
-8073
-7994
-7914
-7828
-7743
-7655
-7566
-7474
-7379
-7283
-7184
-7085
-6984
-6879
-6775
-6668
-6558
-6448
-6335
-6221
-6106
-5987
-5868
-5749
-5626
-5502
-5379
-5251
-5125
-4995
-4865
-4732
-4600
-4465
-4330
-4193
-4056
-3917
-3776
-3637
-3495
-3352
-3208
-3064
-2918
-2772
-2624
-2478
-2330
-2180
-2031
-1881
-1731
-1580
-1427
-1275
-1124
-972
-819
-666
-511
-359
-206
-51
98
253
406
559
713
866
1019
1171
1324
1475
1627
1778
1930
2081
2229
2379
2528
2676
2822
2970
3116
3259
3403
3547
3688
3830
3971
4110
4250
4387
4521
4656
4791
4923
5053
5184
5312
5440
5565
5689
5812
5933
6052
6171
6286
6403
6515
6627
6735
6845
6950
7054
7157
7258
7357
7453
7548
7640
7732
7819
7907
7992
8075
8154
8232
8309
8383
8455
8524
8592
8657
8720
8780
8839
8895
8949
9000
9047
9095
9140
9180
9220
9256
9292
9324
9353
9380
9404
9427
9447
9463
9479
9490
9499
9508
9512
9514
9514
9510
9505
9496
9488
9474
9458
9440
9420
9398
9373
9346
9315
9283
9247
9209
9169
9128
9083
9036
8985
8933
8879
8823
8765
8702
8639
8574
8504
8435
8363
8286
8210
8131
8051
7965
7880
7792
7703
7611
7519
7422
7325
7224
7123
7020
6915
6807
6699
6587
6475
6362
6246
6129
6010
5889
5765
5642
5516
5390
5262
5132
5002
4869
4735
4600
4465
4326
4189
4050
3908
3767
3623
3479
3336
3190
3044
2898
2750
2599
2451
2301
2150
2000
1847
1695
1542
1389
1237
1082
929
774
619
464
309
154
0
-152
-307
-462
-617
-772
-927
-1082
-1237
-1389
-1542
-1697
-1847
-2000
-2153
-2303
-2453
-2604
-2752
-2900
-3048
-3197
-3343
-3486
-3632
-3774
-3917
-4059
-4198
-4337
-4476
-4613
-4748
-4883
-5015
-5148
-5278
-5408
-5536
-5662
-5788
-5911
-6032
-6151
-6270
-6387
-6504
-6616
-6728
-6838
-6946
-7054
-7157
-7260
-7361
-7460
-7557
-7653
-7745
-7837
-7925
-8012
-8098
-8179
-8259
-8338
-8414
-8488
-8560
-8630
-8697
-8762
-8823
-8884
-8942
-8998
-9052
-9101
-9151
-9196
-9241
-9281
-9319
-9357
-9391
-9422
-9449
-9476
-9501
-9521
-9541
-9557
-9571
-9582
-9591
-9598
-9602
-9602
-9602
-9598
-9591
-9582
-9571
-9557
-9541
-9521
-9501
-9476
-9449
-9422
-9391
-9357
-9319
-9281
-9241
-9196
-9151
-9101
-9050
-8998
-8942
-8884
-8823
-8760
-8695
-8628
-8558
-8486
-8412
-8336
-8257
-8176
-8096
-8010
-7923
-7833
-7743
-7649
-7554
-7456
-7357
-7256
-7153
-7047
-6942
-6832
-6721
-6609
-6495
-6378
-6261
-6142
-6021
-5900
-5774
-5651
-5523
-5395
-5264
-5134
-4999
-4867
-4732
-4595
-4456
-4319
-4178
-4036
-3895
-3751
-3607
-3462
-3316
-3170
-3021
-2871
-2723
-2572
-2422
-2269
-2117
-1964
-1811
-1659
-1504
-1349
-1194
-1039
-884
-727
-572
-415
-260
-103
51
208
363
520
675
832
987
1145
1299
1454
1609
1762
1917
2070
2222
2375
2525
2676
2826
2977
3125
3273
3419
3567
3711
3854
3998
4142
4281
4422
4562
4699
4836
4970
5105
5237
5368
5498
5626
5752
5877
6001
6124
6246
6365
6481
6596
6710
6823
6933
7043
7148
7254
7357
7458
7557
7653
7748
7842
7932
8021
8107
8192
8275
8356
8432
8509
8583
8655
8724
8792
8854
8917
8978
9034
9090
9142
9193
9241
9285
9330
9371
9409
9445
9476
9508
9537
9562
9586
9607
9624
9640
9654
9663
9672
9676
9681
9681
9678
9674
9665
9656
9645
9629
9611
9591
9568
9544
9517
9485
9454
9418
9382
9342
9299
9254
9207
9157
9104
9050
8994
8933
8872
8807
8742
8673
8601
8529
8453
8376
8295
8212
8129
8042
7954
7864
7770
7676
7579
7480
7379
7276
7173
7065
6957
6847
6735
6620
6506
6389
6270
6149
6025
5902
5776
5651
5520
5392
5260
5127
4993
4858
4721
4584
4445
4303
4162
4018
3875
3731
3585
3439
3291
3143
2992
2842
2691
2541
2388
2236
2081
1928
1773
1618
1463
1306
1151
994
837
680
523
365
208
51
-105
-262
-419
-577
-734
-891
-1048
-1205
-1360
-1517
-1672
-1827
-1982
-2137
-2290
-2442
-2595
-2748
-2898
-3048
-3199
-3347
-3495
-3641
-3787
-3933
-4077
-4218
-4360
-4501
-4640
-4779
-4916
-5051
-5186
-5318
-5451
-5581
-5709
-5837
-5963
-6086
-6210
-6329
-6450
-6567
-6681
-6796
-6908
-7020
-7128
-7233
-7339
-7442
-7543
-7642
-7739
-7835
-7927
-8017
-8107
-8194
-8277
-8360
-8441
-8518
-8594
-8668
-8738
-8807
-8875
-8937
-9000
-9059
-9117
-9171
-9223
-9272
-9321
-9366
-9407
-9447
-9485
-9521
-9553
-9584
-9611
-9636
-9658
-9678
-9694
-9710
-9723
-9732
-9739
-9743
-9746
-9746
-9741
-9737
-9728
-9717
-9703
-9687
-9669
-9649
-9624
-9598
-9571
-9539
-9505
-9470
-9431
-9389
-9346
-9299
-9252
-9200
-9146
-9090
-9032
-8971
-8908
-8843
-8776
-8706
-8634
-8560
-8482
-8403
-8322
-8239
-8154
-8066
-7977
-7884
-7790
-7694
-7595
-7496
-7393
-7290
-7182
-7074
-6966
-6854
-6739
-6625
-6508
-6389
-6268
-6147
-6023
-5898
-5772
-5644
-5514
-5381
-5249
-5114
-4979
-4842
-4705
-4566
-4425
-4283
-4140
-3996
-3852
-3706
-3558
-3410
-3262
-3111
-2961
-2810
-2658
-2505
-2352
-2198
-2043
-1888
-1733
-1576
-1418
-1261
-1104
-947
-790
-630
-473
-314
-157
0
159
316
475
633
792
949
1106
1266
1423
1578
1735
1890
2047
2202
2355
2510
2662
2815
2968
3118
3268
3417
3565
3713
3859
4005
4149
4292
4434
4575
4714
4854
4990
5127
5262
5395
5527
5657
5785
5913
6039
6162
6286
6407
6526
6643
6760
6874
6986
7096
7204
7312
7417
7519
7620
7718
7817
7911
8003
8093
8183
8268
8354
8435
8515
8592
8668
8740
8812
8879
8946
9009
9070
9131
9187
9241
9292
9342
9389
9431
9474
9514
9550
9584
9618
9647
9672
9696
9719
9737
9755
9768
9779
9788
9795
9797
9800
9797
9793
9786
9777
9766
9752
9734
9714
9694
9669
9642
9611
9580
9546
9508
9467
9425
9380
9333
9283
9232
9178
9119
9061
8998
8935
8868
8801
8729
8655
8578
8502
8421
8338
8255
8167
8078
7988
7893
7799
7700
7602
7501
7397
7292
7184
7076
6964
6852
6737
6620
6501
6382
6261
6138
6012
5886
5758
5628
5498
5365
5231
5096
4959
4822
4683
4541
4400
4256
4113
3969
3821
3675
3527
3378
3228
3078
2925
2772
2620
2467
2312
2157
2000
1845
1688
1531
1374
1216
1057
900
740
581
422
262
103
-53
-213
-372
-529
-689
-848
-1008
-1165
-1324
-1481
-1638
-1796
-1953
-2108
-2263
-2418
-2572
-2727
-2880
-3030
-3183
-3334
-3482
-3632
-3778
-3926
-4072
-4216
-4360
-4501
-4642
-4784
-4923
-5060
-5195
-5329
-5464
-5597
-5727
-5855
-5983
-6109
-6232
-6356
-6477
-6596
-6713
-6829
-6944
-7056
-7166
-7274
-7382
-7485
-7588
-7689
-7788
-7884
-7979
-8071
-8161
-8248
-8334
-8419
-8500
-8578
-8657
-8731
-8803
-8875
-8942
-9007
-9070
-9131
-9189
-9245
-9299
-9351
-9398
-9445
-9488
-9530
-9568
-9604
-9638
-9669
-9696
-9723
-9746
-9768
-9786
-9802
-9815
-9824
-9833
-9838
-9840
-9840
-9838
-9833
-9827
-9815
-9804
-9788
-9770
-9750
-9726
-9701
-9672
-9642
-9609
-9573
-9535
-9494
-9449
-9404
-9355
-9306
-9252
-9196
-9137
-9077
-9014
-8949
-8881
-8812
-8740
-8666
-8589
-8509
-8428
-8345
-8259
-8170
-8080
-7988
-7893
-7797
-7698
-7599
-7496
-7391
-7285
-7177
-7067
-6955
-6840
-6724
-6607
-6488
-6367
-6243
-6120
-5994
-5866
-5738
-5606
-5475
-5341
-5206
-5069
-4932
-4793
-4654
-4512
-4369
-4225
-4081
-3935
-3787
-3639
-3491
-3340
-3190
-3037
-2887
-2732
-2579
-2424
-2269
-2112
-1957
-1800
-1643
-1484
-1326
-1167
-1008
-848
-689
-529
-370
-211
-51
105
267
426
585
745
904
1064
1223
1380
1540
1697
1854
2011
2168
2323
2478
2633
2788
2941
3093
3244
3394
3545
3693
3841
3989
4135
4279
4422
4564
4705
4847
4986
5123
5258
5392
5527
5660
5790
5918
6046
6171
6295
6418
6537
6656
6775
6890
7004
7117
7227
7334
7440
7543
7646
7748
7844
7941
8035
8127
8217
8304
8390
8473
8554
8632
8708
8783
8857
8924
8991
9056
9119
9180
9238
9292
9346
9395
9443
9490
9532
9573
9611
9645
9678
9708
9737
9761
9784
9804
9822
9836
9849
9858
9865
9869
9871
9871
9867
9860
9853
9842
9827
9811
9793
9770
9748
9721
9692
9660
9624
9589
9548
9508
9463
9416
9366
9315
9261
9205
9144
9083
9018
8953
8884
8814
8740
8664
8587
8506
8423
8340
8253
8163
8073
7979
7884
7786
7687
7586
7483
7377
7269
7159
7049
6935
6820
6704
6585
6466
6344
6221
6095
5967
5839
5709
5579
5444
5312
5175
5038
4898
4759
4618
4476
4333
4189
4043
3895
3749
3598
3450
3300
3147
2995
2842
2689
2534
2379
2222
2067
1910
1751
1594
1436
1277
1118
958
799
639
478
318
159
0
-159
-321
-480
-639
-799
-960
-1120
-1277
-1436
-1596
-1753
-1910
-2067
-2224
-2379
-2537
-2691
-2844
-2997
-3149
-3302
-3453
-3603
-3751
-3899
-4045
-4191
-4337
-4481
-4622
-4764
-4903
-5042
-5179
-5316
-5451
-5583
-5713
-5844
-5974
-6100
-6225
-6349
-6472
-6591
-6710
-6827
-6944
-7056
-7168
-7276
-7384
-7489
-7595
-7696
-7795
-7893
-7990
-8082
-8174
-8264
-8349
-8435
-8518
-8598
-8677
-8751
-8825
-8897
-8964
-9032
-9097
-9157
-9218
-9274
-9328
-9380
-9429
-9476
-9521
-9564
-9604
-9640
-9674
-9708
-9737
-9764
-9788
-9809
-9829
-9844
-9858
-9869
-9878
-9885
-9887
-9889
-9887
-9883
-9876
-9867
-9856
-9840
-9822
-9802
-9779
-9755
-9728
-9699
-9665
-9629
-9593
-9553
-9510
-9463
-9416
-9366
-9312
-9259
-9200
-9140
-9077
-9012
-8946
-8877
-8805
-8729
-8652
-8574
-8493
-8410
-8325
-8237
-8147
-8055
-7961
-7864
-7765
-7667
-7563
-7458
-7352
-7245
-7135
-7022
-6908
-6793
-6674
-6555
-6434
-6313
-6187
-6061
-5933
-5805
-5675
-5543
-5408
-5273
-5136
-4999
-4860
-4719
-4577
-4436
-4290
-4146
-4000
-3852
-3704
-3556
-3405
-3253
-3102
-2950
-2795
-2640
-2485
-2330
-2173
-2018
-1858
-1701
-1544
-1385
-1225
-1066
-907
-747
-585
-426
-267
-105
51
213
372
534
693
853
1014
1174
1333
1490
1650
1807
1966
2121
2278
2435
2590
2745
2898
3051
3203
3356
3506
3655
3805
3951
4099
4243
4389
4532
4674
4815
4955
5092
5228
5365
5500
5633
5763
5893
6021
6147
6272
6396
6517
6638
6755
6872
6986
7099
7211
7319
7426
7532
7635
7736
7835
7932
8026
8120
8210
8300
8385
8468
8551
8630
8708
8783
8857
8926
8994
9061
9124
9184
9243
9299
9353
9404
9454
9499
9544
9584
9622
9658
9692
9723
9752
9777
9802
9822
9840
9856
9869
9878
9887
9892
9894
9894
9892
9887
9878
9869
9856
9840
9822
9802
9777
9752
9723
9692
9658
9622
9584
9544
9499
9454
9404
9353
9299
9243
9184
9124
9061
8994
8926
8857
8783
8708
8630
8551
8468
8385
8300
8210
8120
8026
7932
7835
7736
7635
7532
7426
7319
7211
7099
6986
6872
6755
6638
6517
6396
6272
6147
6021
5893
5763
5633
5500
5365
5228
5092
4955
4815
4674
4532
4389
4243
4099
3951
3805
3655
3506
3356
3203
3051
2898
2745
2590
2435
2278
2121
1966
1807
1650
1490
1333
1174
1014
853
693
534
372
213
51
-105
-267
-426
-585
-747
-907
-1066
-1225
-1385
-1544
-1701
-1858
-2018
-2173
-2330
-2485
-2640
-2795
-2950
-3102
-3253
-3405
-3556
-3704
-3852
-4000
-4146
-4290
-4436
-4577
-4719
-4860
-4999
-5136
-5273
-5408
-5543
-5675
-5805
-5933
-6061
-6187
-6313
-6434
-6555
-6674
-6793
-6908
-7022
-7135
-7245
-7352
-7458
-7563
-7667
-7765
-7864
-7961
-8055
-8147
-8237
-8325
-8410
-8493
-8574
-8652
-8729
-8805
-8877
-8946
-9012
-9077
-9140
-9200
-9259
-9312
-9366
-9416
-9463
-9510
-9553
-9593
-9629
-9665
-9699
-9728
-9755
-9779
-9802
-9822
-9840
-9856
-9867
-9876
-9883
-9887
-9889
-9887
-9885
-9878
-9869
-9858
-9844
-9829
-9809
-9788
-9764
-9737
-9708
-9674
-9640
-9604
-9564
-9521
-9476
-9429
-9380
-9328
-9274
-9218
-9157
-9097
-9032
-8964
-8897
-8825
-8751
-8677
-8598
-8518
-8435
-8349
-8264
-8174
-8082
-7990
-7893
-7795
-7696
-7595
-7489
-7384
-7276
-7168
-7056
-6944
-6827
-6710
-6591
-6472
-6349
-6225
-6100
-5974
-5844
-5713
-5583
-5451
-5316
-5179
-5042
-4903
-4764
-4622
-4481
-4337
-4191
-4045
-3899
-3751
-3603
-3453
-3302
-3149
-2997
-2844
-2691
-2537
-2379
-2224
-2067
-1910
-1753
-1596
-1436
-1277
-1120
-960
-799
-639
-480
-321
-159
0
159
318
478
639
799
958
1118
1277
1436
1594
1751
1910
2067
2222
2379
2534
2689
2842
2995
3147
3300
3450
3598
3749
3895
4043
4189
4333
4476
4618
4759
4898
5038
5175
5312
5444
5579
5709
5839
5967
6095
6221
6344
6466
6585
6704
6820
6935
7049
7159
7269
7377
7483
7586
7687
7786
7884
7979
8073
8163
8253
8340
8423
8506
8587
8664
8740
8814
8884
8953
9018
9083
9144
9205
9261
9315
9366
9416
9463
9508
9548
9589
9624
9660
9692
9721
9748
9770
9793
9811
9827
9842
9853
9860
9867
9871
9871
9869
9865
9858
9849
9836
9822
9804
9784
9761
9737
9708
9678
9645
9611
9573
9532
9490
9443
9395
9346
9292
9238
9180
9119
9056
8991
8924
8857
8783
8708
8632
8554
8473
8390
8304
8217
8127
8035
7941
7844
7748
7646
7543
7440
7334
7227
7117
7004
6890
6775
6656
6537
6418
6295
6171
6046
5918
5790
5660
5527
5392
5258
5123
4986
4847
4705
4564
4422
4279
4135
3989
3841
3693
3545
3394
3244
3093
2941
2788
2633
2478
2323
2168
2011
1854
1697
1540
1380
1223
1064
904
745
585
426
267
105
-51
-211
-370
-529
-689
-848
-1008
-1167
-1326
-1484
-1643
-1800
-1957
-2112
-2269
-2424
-2579
-2732
-2887
-3037
-3190
-3340
-3491
-3639
-3787
-3935
-4081
-4225
-4369
-4512
-4654
-4793
-4932
-5069
-5206
-5341
-5475
-5606
-5738
-5866
-5994
-6120
-6243
-6367
-6488
-6607
-6724
-6840
-6955
-7067
-7177
-7285
-7391
-7496
-7599
-7698
-7797
-7893
-7988
-8080
-8170
-8259
-8345
-8428
-8509
-8589
-8666
-8740
-8812
-8881
-8949
-9014
-9077
-9137
-9196
-9252
-9306
-9355
-9404
-9449
-9494
-9535
-9573
-9609
-9642
-9672
-9701
-9726
-9750
-9770
-9788
-9804
-9815
-9827
-9833
-9838
-9840
-9840
-9838
-9833
-9824
-9815
-9802
-9786
-9768
-9746
-9723
-9696
-9669
-9638
-9604
-9568
-9530
-9488
-9445
-9398
-9351
-9299
-9245
-9189
-9131
-9070
-9007
-8942
-8875
-8803
-8731
-8657
-8578
-8500
-8419
-8334
-8248
-8161
-8071
-7979
-7884
-7788
-7689
-7588
-7485
-7382
-7274
-7166
-7056
-6944
-6829
-6713
-6596
-6477
-6356
-6232
-6109
-5983
-5855
-5727
-5597
-5464
-5329
-5195
-5060
-4923
-4784
-4642
-4501
-4360
-4216
-4072
-3926
-3778
-3632
-3482
-3334
-3183
-3030
-2880
-2727
-2572
-2418
-2263
-2108
-1953
-1796
-1638
-1481
-1324
-1165
-1008
-848
-689
-529
-372
-213
-53
103
262
422
581
740
900
1057
1216
1374
1531
1688
1845
2000
2157
2312
2467
2620
2772
2925
3078
3228
3378
3527
3675
3821
3969
4113
4256
4400
4541
4683
4822
4959
5096
5231
5365
5498
5628
5758
5886
6012
6138
6261
6382
6501
6620
6737
6852
6964
7076
7184
7292
7397
7501
7602
7700
7799
7893
7988
8078
8167
8255
8338
8421
8502
8578
8655
8729
8801
8868
8935
8998
9061
9119
9178
9232
9283
9333
9380
9425
9467
9508
9546
9580
9611
9642
9669
9694
9714
9734
9752
9766
9777
9786
9793
9797
9800
9797
9795
9788
9779
9768
9755
9737
9719
9696
9672
9647
9618
9584
9550
9514
9474
9431
9389
9342
9292
9241
9187
9131
9070
9009
8946
8879
8812
8740
8668
8592
8515
8435
8354
8268
8183
8093
8003
7911
7817
7718
7620
7519
7417
7312
7204
7096
6986
6874
6760
6643
6526
6407
6286
6162
6039
5913
5785
5657
5527
5395
5262
5127
4990
4854
4714
4575
4434
4292
4149
4005
3859
3713
3565
3417
3268
3118
2968
2815
2662
2510
2355
2202
2047
1890
1735
1578
1423
1266
1106
949
792
633
475
316
159
0
-157
-314
-473
-630
-790
-947
-1104
-1261
-1418
-1576
-1733
-1888
-2043
-2198
-2352
-2505
-2658
-2810
-2961
-3111
-3262
-3410
-3558
-3706
-3852
-3996
-4140
-4283
-4425
-4566
-4705
-4842
-4979
-5114
-5249
-5381
-5514
-5644
-5772
-5898
-6023
-6147
-6268
-6389
-6508
-6625
-6739
-6854
-6966
-7074
-7182
-7290
-7393
-7496
-7595
-7694
-7790
-7884
-7977
-8066
-8154
-8239
-8322
-8403
-8482
-8560
-8634
-8706
-8776
-8843
-8908
-8971
-9032
-9090
-9146
-9200
-9252
-9299
-9346
-9389
-9431
-9470
-9505
-9539
-9571
-9598
-9624
-9649
-9669
-9687
-9703
-9717
-9728
-9737
-9741
-9746
-9746
-9743
-9739
-9732
-9723
-9710
-9694
-9678
-9658
-9636
-9611
-9584
-9553
-9521
-9485
-9447
-9407
-9366
-9321
-9272
-9223
-9171
-9117
-9059
-9000
-8937
-8875
-8807
-8738
-8668
-8594
-8518
-8441
-8360
-8277
-8194
-8107
-8017
-7927
-7835
-7739
-7642
-7543
-7442
-7339
-7233
-7128
-7020
-6908
-6796
-6681
-6567
-6450
-6329
-6210
-6086
-5963
-5837
-5709
-5581
-5451
-5318
-5186
-5051
-4916
-4779
-4640
-4501
-4360
-4218
-4077
-3933
-3787
-3641
-3495
-3347
-3199
-3048
-2898
-2748
-2595
-2442
-2290
-2137
-1982
-1827
-1672
-1517
-1360
-1205
-1048
-891
-734
-577
-419
-262
-105
51
208
365
523
680
837
994
1151
1306
1463
1618
1773
1928
2081
2236
2388
2541
2691
2842
2992
3143
3291
3439
3585
3731
3875
4018
4162
4303
4445
4584
4721
4858
4993
5127
5260
5392
5520
5651
5776
5902
6025
6149
6270
6389
6506
6620
6735
6847
6957
7065
7173
7276
7379
7480
7579
7676
7770
7864
7954
8042
8129
8212
8295
8376
8453
8529
8601
8673
8742
8807
8872
8933
8994
9050
9104
9157
9207
9254
9299
9342
9382
9418
9454
9485
9517
9544
9568
9591
9611
9629
9645
9656
9665
9674
9678
9681
9681
9676
9672
9663
9654
9640
9624
9607
9586
9562
9537
9508
9476
9445
9409
9371
9330
9285
9241
9193
9142
9090
9034
8978
8917
8854
8792
8724
8655
8583
8509
8432
8356
8275
8192
8107
8021
7932
7842
7748
7653
7557
7458
7357
7254
7148
7043
6933
6823
6710
6596
6481
6365
6246
6124
6001
5877
5752
5626
5498
5368
5237
5105
4970
4836
4699
4562
4422
4281
4142
3998
3854
3711
3567
3419
3273
3125
2977
2826
2676
2525
2375
2222
2070
1917
1762
1609
1454
1299
1145
987
832
675
520
363
208
51
-103
-260
-415
-572
-727
-884
-1039
-1194
-1349
-1504
-1659
-1811
-1964
-2117
-2269
-2422
-2572
-2723
-2871
-3021
-3170
-3316
-3462
-3607
-3751
-3895
-4036
-4178
-4319
-4456
-4595
-4732
-4867
-4999
-5134
-5264
-5395
-5523
-5651
-5774
-5900
-6021
-6142
-6261
-6378
-6495
-6609
-6721
-6832
-6942
-7047
-7153
-7256
-7357
-7456
-7554
-7649
-7743
-7833
-7923
-8010
-8096
-8176
-8257
-8336
-8412
-8486
-8558
-8628
-8695
-8760
-8823
-8884
-8942
-8998
-9050
-9101
-9151
-9196
-9241
-9281
-9319
-9357
-9391
-9422
-9449
-9476
-9501
-9521
-9541
-9557
-9571
-9582
-9591
-9598
-9602
-9602
-9602
-9598
-9591
-9582
-9571
-9557
-9541
-9521
-9501
-9476
-9449
-9422
-9391
-9357
-9319
-9281
-9241
-9196
-9151
-9101
-9052
-8998
-8942
-8884
-8823
-8762
-8697
-8630
-8560
-8488
-8414
-8338
-8259
-8179
-8098
-8012
-7925
-7837
-7745
-7653
-7557
-7460
-7361
-7260
-7157
-7054
-6946
-6838
-6728
-6616
-6504
-6387
-6270
-6151
-6032
-5911
-5788
-5662
-5536
-5408
-5278
-5148
-5015
-4883
-4748
-4613
-4476
-4337
-4198
-4059
-3917
-3774
-3632
-3486
-3343
-3197
-3048
-2900
-2752
-2604
-2453
-2303
-2153
-2000
-1847
-1697
-1542
-1389
-1237
-1082
-927
-772
-617
-462
-307
-152
0
154
309
464
619
774
929
1082
1237
1389
1542
1695
1847
2000
2150
2301
2451
2599
2750
2898
3044
3190
3336
3479
3623
3767
3908
4050
4189
4326
4465
4600
4735
4869
5002
5132
5262
5390
5516
5642
5765
5889
6010
6129
6246
6362
6475
6587
6699
6807
6915
7020
7123
7224
7325
7422
7519
7611
7703
7792
7880
7965
8051
8131
8210
8286
8363
8435
8504
8574
8639
8702
8765
8823
8879
8933
8985
9036
9083
9128
9169
9209
9247
9283
9315
9346
9373
9398
9420
9440
9458
9474
9488
9496
9505
9510
9514
9514
9512
9508
9499
9490
9479
9463
9447
9427
9404
9380
9353
9324
9292
9256
9220
9180
9140
9095
9047
9000
8949
8895
8839
8780
8720
8657
8592
8524
8455
8383
8309
8232
8154
8075
7992
7907
7819
7732
7640
7548
7453
7357
7258
7157
7054
6950
6845
6735
6627
6515
6403
6286
6171
6052
5933
5812
5689
5565
5440
5312
5184
5053
4923
4791
4656
4521
4387
4250
4110
3971
3830
3688
3547
3403
3259
3116
2970
2822
2676
2528
2379
2229
2081
1930
1778
1627
1475
1324
1171
1019
866
713
559
406
253
98
-51
-206
-359
-511
-666
-819
-972
-1124
-1275
-1427
-1580
-1731
-1881
-2031
-2180
-2330
-2478
-2624
-2772
-2918
-3064
-3208
-3352
-3495
-3637
-3776
-3917
-4056
-4193
-4330
-4465
-4600
-4732
-4865
-4995
-5125
-5251
-5379
-5502
-5626
-5749
-5868
-5987
-6106
-6221
-6335
-6448
-6558
-6668
-6775
-6879
-6984
-7085
-7184
-7283
-7379
-7474
-7566
-7655
-7743
-7828
-7914
-7994
-8073
-8152
-8228
-8300
-8372
-8441
-8506
-8571
-8634
-8693
-8751
-8805
-8859
-8908
-8958
-9003
-9047
-9088
-9126
-9162
-9196
-9227
-9256
-9283
-9308
-9330
-9348
-9364
-9380
-9391
-9400
-9407
-9411
-9413
-9413
-9409
-9404
-9395
-9386
-9373
-9357
-9339
-9319
-9297
-9272
-9243
-9214
-9180
-9146
-9108
-9068
-9027
-8982
-8935
-8886
-8834
-8780
-8724
-8666
-8605
-8542
-8477
-8410
-8340
-8268
-8194
-8118
-8039
-7959
-7878
-7792
-7705
-7617
-7527
-7433
-7339
-7242
-7144
-7045
-6942
-6838
-6733
-6625
-6517
-6405
-6293
-6178
-6064
-5945
-5828
-5707
-5585
-5462
-5336
-5211
-5083
-4955
-4824
-4692
-4559
-4427
-4290
-4155
-4018
-3879
-3740
-3601
-3459
-3318
-3174
-3030
-2887
-2741
-2595
-2449
-2301
-2153
-2004
-1856
-1708
-1558
-1407
-1257
-1106
-956
-803
-653
-500
-350
-197
-44
103
255
408
559
709
862
1012
1162
1313
1463
1614
1762
1910
2058
2206
2352
2501
2647
2790
2934
3078
3221
3363
3504
3643
3783
3920
4056
4193
4326
4461
4593
4723
4854
4981
5109
5235
5359
5482
5603
5725
5844
5960
6075
6189
6302
6412
6519
6627
6733
6836
6937
7038
7135
7231
7325
7417
7507
7597
7682
7768
7849
7929
8008
8082
8156
8228
8298
8365
8430
8493
8554
8612
8668
8722
8771
8821
8868
8913
8955
8994
9032
9068
9099
9128
9157
9182
9205
9225
9243
9259
9272
9283
9292
9297
9301
9301
9301
9297
9290
9281
9270
9256
9241
9220
9200
9178
9151
9124
9092
9059
9023
8987
8946
8904
8859
8812
8762
8711
8657
8601
8540
8479
8417
8351
8284
8215
8143
8069
7992
7916
7835
7752
7669
7581
7494
7404
7312
7218
7121
7022
6924
6823
6719
6614
6508
6398
6288
6176
6064
5949
5832
5713
5594
5473
5352
5228
5103
4977
4849
4719
4589
4458
4326
4191
4056
3920
3783
3646
3506
3367
3226
3084
2943
2801
2658
2512
2368
2222
2076
1928
1782
1634
1486
1338
1189
1041
891
740
592
442
291
143
-4
-154
-305
-455
-603
-754
-902
-1052
-1201
-1349
-1497
-1643
-1791
-1937
-2083
-2229
-2375
-2519
-2662
-2806
-2947
-3089
-3228
-3367
-3506
-3646
-3783
-3917
-4052
-4184
-4317
-4449
-4580
-4708
-4836
-4964
-5087
-5211
-5334
-5455
-5574
-5691
-5808
-5922
-6037
-6149
-6259
-6367
-6472
-6578
-6681
-6782
-6883
-6980
-7076
-7171
-7263
-7352
-7442
-7527
-7613
-7694
-7774
-7853
-7929
-8003
-8075
-8145
-8212
-8277
-8342
-8403
-8461
-8518
-8574
-8625
-8675
-8722
-8767
-8812
-8852
-8890
-8926
-8960
-8991
-9018
-9045
-9070
-9092
-9110
-9128
-9142
-9155
-9164
-9171
-9175
-9178
-9178
-9175
-9171
-9164
-9155
-9142
-9128
-9110
-9092
-9070
-9045
-9021
-8991
-8960
-8926
-8890
-8852
-8812
-8769
-8724
-8677
-8628
-8576
-8520
-8464
-8405
-8345
-8282
-8217
-8149
-8080
-8008
-7934
-7858
-7781
-7700
-7620
-7534
-7449
-7361
-7272
-7180
-7087
-6991
-6894
-6796
-6695
-6591
-6488
-6382
-6275
-6165
-6055
-5942
-5828
-5711
-5594
-5475
-5356
-5235
-5112
-4988
-4863
-4737
-4609
-4481
-4351
-4218
-4088
-3953
-3819
-3684
-3547
-3410
-3273
-3134
-2995
-2853
-2712
-2570
-2427
-2285
-2141
-1995
-1852
-1706
-1560
-1414
-1268
-1120
-974
-826
-680
-532
-383
-235
-87
58
204
352
500
648
794
942
1088
1234
1380
1526
1672
1818
1962
2105
2249
2391
2534
2673
2815
2954
3093
3233
3369
3506
3641
3776
3908
4041
4173
4303
4431
4559
4687
4811
4937
5058
5181
5300
5419
5536
5653
5765
5880
5990
6100
6207
6313
6418
6522
6623
6721
6818
6915
7009
7101
7191
7278
7366
7449
7532
7613
7691
7768
7842
7914
7983
8053
8118
8181
8244
8302
8360
8414
8468
8518
8567
8612
8657
8697
8738
8774
8807
8841
8870
8897
8924
8946
8967
8985
9000
9014
9025
9034
9038
9043
9045
9043
9041
9034
9027
9016
9005
8989
8971
8951
8928
8904
8877
8848
8816
8783
8747
8708
8668
8623
8578
8531
8482
8430
8376
8318
8259
8199
8136
8071
8003
7934
7864
7790
7714
7638
7557
7476
7393
7307
7220
7130
7040
6948
6852
6757
6659
6558
6457
6353
6248
6142
6032
5924
5812
5700
5585
5469
5352
5233
5114
4993
4869
4746
4620
4494
4366
4238
4108
3978
3845
3713
3581
3446
3311
3174
3037
2898
2761
2620
2480
2339
2200
2056
1915
1771
1629
1486
1340
1196
1052
907
763
617
471
325
179
33
-107
-253
-399
-545
-689
-835
-978
-1124
-1268
-1412
-1555
-1697
-1841
-1982
-2123
-2265
-2404
-2543
-2682
-2822
-2959
-3096
-3230
-3365
-3500
-3632
-3765
-3895
-4025
-4153
-4281
-4409
-4535
-4658
-4782
-4903
-5024
-5143
-5260
-5377
-5491
-5603
-5716
-5826
-5936
-6041
-6147
-6252
-6353
-6454
-6553
-6650
-6746
-6838
-6930
-7020
-7110
-7195
-7278
-7361
-7442
-7521
-7597
-7671
-7743
-7815
-7882
-7947
-8012
-8073
-8134
-8192
-8246
-8300
-8351
-8401
-8446
-8491
-8533
-8574
-8612
-8646
-8679
-8711
-8740
-8765
-8789
-8809
-8830
-8848
-8861
-8875
-8884
-8890
-8897
-8899
-8899
-8897
-8895
-8888
-8879
-8868
-8854
-8839
-8821
-8801
-8776
-8751
-8724
-8695
-8664
-8628
-8592
-8554
-8513
-8468
-8423
-8376
-8327
-8273
-8219
-8163
-8105
-8044
-7981
-7916
-7849
-7781
-7709
-7638
-7561
-7485
-7406
-7325
-7242
-7157
-7072
-6982
-6892
-6800
-6706
-6611
-6513
-6414
-6313
-6212
-6109
-6003
-5895
-5788
-5677
-5565
-5453
-5338
-5222
-5105
-4986
-4867
-4746
-4622
-4499
-4375
-4250
-4122
-3994
-3866
-3735
-3605
-3473
-3340
-3206
-3073
-2936
-2801
-2664
-2528
-2388
-2251
-2112
-1971
-1832
-1690
-1551
-1409
-1266
-1124
-983
-839
-698
-554
-410
-269
-125
15
159
300
444
588
729
873
1014
1156
1297
1439
1580
1719
1861
2000
2139
2276
2413
2550
2687
2822
2956
3091
3224
3356
3488
3619
3747
3877
4003
4131
4254
4378
4501
4622
4744
4863
4979
5096
5213
5325
5437
5550
5657
5765
5873
5976
6079
6180
6281
6380
6477
6571
6663
6755
6845
6933
7018
7101
7184
7265
7341
7417
7494
7566
7635
7703
7770
7835
7896
7956
8015
8071
8122
8174
8223
8271
8316
8358
8401
8439
8475
8509
8540
8569
8596
8621
8643
8664
8682
8697
8711
8722
8731
8738
8742
8744
8744
8740
8735
8729
8720
8706
8693
8677
8657
8637
8614
8587
8560
8531
8497
8464
8426
8387
8347
8302
8257
8210
8161
8109
8055
7997
7941
7880
7817
7752
7685
7617
7548
7474
7400
7323
7245
7164
7083
7000
6912
6825
6737
6645
6553
6459
6362
6263
6165
6064
5960
5857
5752
5644
5534
5424
5314
5199
5085
4970
4854
4735
4616
4494
4373
4250
4126
4003
3875
3749
3621
3491
3363
3230
3100
2968
2835
2700
2566
2431
2296
2159
2022
1885
1746
1609
1470
1331
1192
1052
913
772
633
491
352
211
71
-67
-208
-347
-489
-628
-767
-909
-1048
-1187
-1326
-1463
-1603
-1739
-1876
-2013
-2150
-2285
-2420
-2554
-2687
-2819
-2952
-3082
-3212
-3343
-3471
-3598
-3724
-3850
-3976
-4099
-4220
-4342
-4463
-4582
-4699
-4815
-4930
-5044
-5157
-5267
-5377
-5484
-5592
-5698
-5801
-5904
-6003
-6102
-6201
-6295
-6389
-6481
-6573
-6661
-6748
-6834
-6917
-7000
-7078
-7157
-7233
-7307
-7379
-7449
-7516
-7584
-7646
-7709
-7770
-7828
-7884
-7938
-7990
-8039
-8087
-8131
-8176
-8217
-8255
-8293
-8327
-8358
-8390
-8417
-8444
-8466
-8488
-8506
-8524
-8538
-8551
-8560
-8567
-8574
-8576
-8578
-8576
-8574
-8567
-8558
-8549
-8536
-8522
-8504
-8484
-8464
-8439
-8414
-8385
-8356
-8322
-8289
-8250
-8212
-8172
-8127
-8082
-8035
-7986
-7932
-7878
-7824
-7765
-7705
-7642
-7579
-7512
-7444
-7375
-7303
-7229
-7153
-7076
-6995
-6915
-6832
-6746
-6661
-6573
-6481
-6391
-6297
-6203
-6106
-6008
-5909
-5805
-5704
-5599
-5493
-5386
-5278
-5168
-5056
-4943
-4831
-4714
-4600
-4481
-4362
-4243
-4122
-4000
-3877
-3753
-3628
-3502
-3376
-3248
-3120
-2990
-2860
-2730
-2597
-2467
-2332
-2200
-2067
-1933
-1798
-1661
-1526
-1389
-1255
-1118
-981
-844
-704
-568
-431
-294
-154
-17
118
255
392
529
669
806
942
1077
1214
1351
1486
1621
1755
1890
2025
2157
2290
2422
2552
2682
2813
2941
3069
3197
3322
3448
3574
3697
3821
3942
4063
4182
4299
4418
4532
4647
4761
4874
4984
5094
5202
5309
5415
5518
5621
5722
5821
5920
6017
6111
6203
6295
6385
6472
6560
6643
6726
6807
6888
6964
7040
7114
7186
7256
7323
7388
7453
7516
7575
7633
7689
7743
7795
7846
7893
7938
7983
8024
8064
8100
8136
8170
8199
8228
8255
8280
8300
8320
8338
8354
8367
8378
8387
8394
8399
8401
8401
8399
8394
8387
8378
8367
8354
8340
8322
8302
8280
8255
8230
8201
8170
8138
8102
8066
8026
7986
7943
7896
7849
7799
7748
7694
7638
7581
7521
7460
7395
7330
7263
7193
7123
7049
6975
6899
6820
6739
6656
6573
6488
6400
6313
6221
6129
6037
5940
5844
5745
5646
5545
5442
5338
5233
5125
5017
4907
4797
4685
4573
4458
4342
4225
4108
3989
3870
3749
3628
3504
3381
3255
3131
3006
2878
2750
2622
2494
2364
2233
2103
1971
1841
1708
1576
1443
1308
1176
1041
907
774
639
505
370
235
98
-33
-168
-303
-437
-570
-704
-839
-974
-1106
-1239
-1374
-1506
-1636
-1769
-1899
-2031
-2159
-2290
-2418
-2546
-2673
-2801
-2927
-3051
-3176
-3300
-3421
-3542
-3664
-3783
-3902
-4018
-4135
-4252
-4366
-4479
-4591
-4701
-4811
-4919
-5024
-5130
-5233
-5336
-5437
-5536
-5635
-5731
-5828
-5920
-6012
-6104
-6192
-6279
-6365
-6448
-6531
-6611
-6688
-6766
-6840
-6915
-6984
-7054
-7121
-7188
-7251
-7314
-7373
-7431
-7487
-7541
-7593
-7642
-7691
-7736
-7781
-7822
-7862
-7900
-7936
-7968
-7999
-8028
-8057
-8082
-8105
-8125
-8143
-8161
-8174
-8185
-8197
-8203
-8210
-8212
-8215
-8212
-8210
-8206
-8199
-8188
-8176
-8163
-8147
-8129
-8109
-8087
-8062
-8035
-8006
-7974
-7943
-7907
-7871
-7831
-7790
-7748
-7700
-7653
-7604
-7554
-7501
-7444
-7388
-7328
-7267
-7204
-7139
-7074
-7004
-6935
-6863
-6789
-6713
-6636
-6555
-6475
-6391
-6308
-6223
-6136
-6046
-5956
-5864
-5770
-5673
-5576
-5480
-5379
-5278
-5177
-5074
-4968
-4860
-4755
-4645
-4535
-4425
-4312
-4198
-4083
-3969
-3852
-3735
-3616
-3497
-3376
-3255
-3134
-3010
-2887
-2763
-2638
-2512
-2386
-2260
-2132
-2004
-1876
-1746
-1618
-1488
-1358
-1228
-1097
-965
-835
-704
-572
-440
-309
-177
-44
83
215
347
478
610
740
871
1003
1133
1261
1391
1522
1650
1778
1906
2034
2159
2287
2411
2537
2660
2783
2907
3028
3149
3271
3390
3506
3625
3740
3857
3971
4083
4196
4308
4418
4526
4633
4739
4845
4948
5051
5150
5251
5347
5446
5541
5635
5727
5817
5906
5994
6079
6165
6248
6329
6407
6486
6562
6636
6708
6778
6847
6915
6980
7043
7103
7164
7222
7276
7330
7382
7433
7480
7525
7570
7613
7651
7689
7725
7759
7790
7822
7849
7873
7898
7918
7938
7956
7970
7983
7994
8003
8010
8015
8017
8017
8015
8012
8006
7997
7988
7974
7961
7945
7925
7905
7882
7858
7831
7801
7770
7739
7703
7664
7626
7586
7543
7498
7451
7402
7350
7298
7242
7186
7128
7067
7004
6942
6874
6807
6737
6668
6594
6519
6443
6365
6286
6205
6122
6037
5951
5864
5774
5684
5592
5498
5404
5307
5208
5109
5008
4907
4804
4701
4595
4488
4380
4272
4162
4050
3937
3825
3711
3596
3479
3363
3246
3127
3008
2889
2768
2647
2523
2402
2278
2153
2029
1903
1778
1652
1526
1400
1273
1145
1019
891
763
635
505
377
249
121
-4
-134
-262
-390
-518
-646
-774
-902
-1028
-1156
-1281
-1409
-1535
-1659
-1784
-1908
-2034
-2157
-2278
-2402
-2523
-2642
-2763
-2882
-3001
-3118
-3235
-3352
-3466
-3581
-3693
-3805
-3915
-4025
-4135
-4243
-4348
-4454
-4559
-4660
-4764
-4865
-4964
-5060
-5157
-5253
-5345
-5437
-5529
-5617
-5707
-5792
-5877
-5960
-6041
-6122
-6198
-6277
-6351
-6425
-6495
-6567
-6634
-6699
-6764
-6827
-6888
-6946
-7004
-7061
-7112
-7164
-7213
-7263
-7307
-7352
-7393
-7433
-7471
-7507
-7541
-7575
-7604
-7633
-7658
-7682
-7705
-7723
-7741
-7759
-7772
-7783
-7792
-7801
-7806
-7810
-7810
-7810
-7808
-7804
-7797
-7788
-7777
-7763
-7750
-7732
-7714
-7691
-7669
-7644
-7617
-7588
-7557
-7523
-7489
-7451
-7413
-7373
-7328
-7285
-7238
-7188
-7139
-7085
-7031
-6975
-6919
-6858
-6798
-6735
-6670
-6602
-6535
-6463
-6391
-6320
-6243
-6167
-6088
-6010
-5927
-5844
-5761
-5673
-5585
-5498
-5408
-5316
-5222
-5127
-5033
-4934
-4838
-4737
-4636
-4535
-4431
-4326
-4220
-4115
-4007
-3899
-3789
-3679
-3567
-3455
-3343
-3228
-3111
-2997
-2880
-2763
-2644
-2528
-2406
-2287
-2166
-2047
-1926
-1802
-1681
-1558
-1434
-1311
-1187
-1064
-940
-814
-691
-565
-440
-316
-190
-65
56
181
307
431
556
680
806
929
1052
1176
1299
1421
1544
1665
1787
1908
2029
2148
2267
2386
2503
2622
2736
2853
2968
3082
3194
3307
3419
3529
3639
3747
3854
3962
4068
4171
4274
4378
4476
4577
4676
4773
4869
4964
5056
5148
5237
5327
5415
5502
5585
5669
5752
5830
5909
5987
6061
6136
6207
6279
6347
6414
6479
6544
6605
6665
6724
6780
6836
6888
6939
6989
7036
7083
7126
7168
7209
7245
7283
7316
7348
7379
7406
7433
7458
7480
7501
7519
7536
7550
7563
7572
7581
7588
7593
7595
7595
7595
7590
7586
7577
7568
7557
7543
7527
7510
7492
7469
7447
7420
7393
7364
7332
7301
7265
7229
7191
7148
7108
7063
7016
6968
6919
6867
6814
6757
6701
6643
6582
6519
6454
6389
6322
6254
6183
6111
6037
5963
5886
5808
5727
5646
5563
5478
5392
5305
5217
5127
5035
4943
4851
4755
4658
4562
4463
4364
4263
4162
4059
3953
3850
3742
3637
3529
3419
3309
3199
3089
2977
2864
2750
2635
2521
2406
2290
2173
2056
1937
1820
1701
1582
1463
1342
1223
1102
981
859
740
619
498
374
253
132
11
-107
-229
-350
-471
-592
-713
-832
-954
-1075
-1194
-1313
-1432
-1551
-1668
-1787
-1903
-2020
-2137
-2251
-2366
-2480
-2595
-2707
-2819
-2929
-3039
-3149
-3259
-3367
-3473
-3578
-3684
-3789
-3890
-3994
-4095
-4193
-4292
-4389
-4485
-4580
-4674
-4766
-4858
-4948
-5038
-5123
-5211
-5294
-5377
-5457
-5538
-5617
-5695
-5770
-5844
-5915
-5987
-6057
-6124
-6189
-6254
-6317
-6378
-6439
-6495
-6551
-6605
-6659
-6708
-6757
-6805
-6849
-6892
-6935
-6975
-7011
-7047
-7083
-7114
-7146
-7173
-7200
-7224
-7247
-7269
-7287
-7305
-7319
-7332
-7343
-7352
-7361
-7366
-7368
-7370
-7370
-7368
-7364
-7357
-7350
-7339
-7328
-7312
-7296
-7278
-7260
-7238
-7213
-7188
-7162
-7132
-7101
-7067
-7034
-6998
-6957
-6919
-6876
-6832
-6787
-6739
-6690
-6638
-6587
-6531
-6475
-6418
-6358
-6297
-6234
-6169
-6104
-6037
-5967
-5895
-5823
-5749
-5675
-5599
-5520
-5440
-5359
-5278
-5193
-5109
-5022
-4934
-4845
-4755
-4663
-4571
-4476
-4382
-4285
-4189
-4090
-3991
-3890
-3789
-3688
-3585
-3479
-3374
-3268
-3163
-3055
-2947
-2837
-2727
-2617
-2507
-2395
-2283
-2168
-2056
-1942
-1827
-1713
-1598
-1481
-1367
-1250
-1133
-1017
-900
-783
-664
-547
-431
-312
-195
-76
38
157
273
392
509
626
743
859
976
1093
1207
1324
1439
1553
1668
1782
1894
2009
2121
2231
2343
2453
2563
2671
2779
2887
2995
3100
3206
3309
3412
3513
3614
3715
3814
3913
4009
4106
4200
4294
4387
4479
4568
4658
4746
4833
4919
5002
5085
5166
5244
5323
5399
5475
5550
5621
5693
5763
5830
5898
5963
6025
6086
6147
6205
6261
6315
6369
6421
6470
6519
6567
6609
6654
6695
6733
6771
6807
6840
6874
6903
6933
6959
6984
7007
7027
7047
7065
7081
7094
7105
7117
7123
7130
7135
7137
7137
7135
7132
7128
7121
7112
7101
7087
7074
7058
7038
7020
6998
6973
6948
6921
6892
6861
6827
6793
6757
6719
6679
6636
6594
6549
6501
6454
6403
6351
6297
6243
6185
6127
6068
6005
5942
5877
5812
5745
5675
5603
5532
5460
5383
5307
5231
5150
5071
4988
4905
4822
4737
4649
4562
4472
4382
4290
4198
4104
4009
3915
3819
3720
3621
3522
3421
3320
3219
3116
3012
2907
2801
2696
2590
2483
2375
2267
2157
2049
1939
1827
1717
1605
1495
1383
1270
1158
1043
931
817
704
590
478
363
249
134
22
-89
-204
-318
-431
-545
-657
-772
-884
-996
-1109
-1221
-1331
-1443
-1553
-1663
-1773
-1883
-1991
-2101
-2209
-2314
-2422
-2528
-2631
-2736
-2840
-2943
-3044
-3145
-3246
-3345
-3444
-3540
-3637
-3733
-3827
-3920
-4012
-4104
-4193
-4283
-4371
-4458
-4544
-4627
-4710
-4791
-4871
-4950
-5029
-5105
-5181
-5253
-5325
-5397
-5466
-5534
-5601
-5666
-5729
-5790
-5850
-5909
-5967
-6023
-6077
-6129
-6178
-6228
-6275
-6322
-6365
-6407
-6448
-6488
-6524
-6560
-6594
-6625
-6656
-6683
-6710
-6735
-6760
-6780
-6800
-6818
-6834
-6847
-6858
-6870
-6879
-6885
-6890
-6894
-6894
-6894
-6892
-6888
-6883
-6874
-6865
-6854
-6840
-6825
-6809
-6791
-6771
-6748
-6724
-6699
-6672
-6643
-6611
-6580
-6544
-6508
-6470
-6432
-6391
-6349
-6304
-6257
-6210
-6160
-6109
-6057
-6003
-5947
-5891
-5830
-5772
-5709
-5646
-5581
-5516
-5448
-5379
-5309
-5237
-5163
-5089
-5013
-4937
-4858
-4779
-4699
-4616
-4532
-4447
-4362
-4277
-4189
-4099
-4009
-3920
-3827
-3733
-3641
-3545
-3450
-3354
-3257
-3158
-3060
-2959
-2860
-2759
-2656
-2554
-2451
-2346
-2242
-2137
-2031
-1926
-1820
-1713
-1605
-1497
-1389
-1281
-1174
-1064
-956
-846
-736
-626
-518
-408
-298
-188
-78
29
139
249
359
469
579
687
797
904
1014
1122
1230
1338
1443
1551
1656
1762
1867
1973
2076
2180
2283
2384
2487
2588
2687
2788
2885
2983
3080
3176
3273
3367
3459
3551
3643
3735
3823
3913
4000
4086
4171
4256
4339
4420
4501
4580
4658
4735
4811
4885
4959
5029
5100
5168
5237
5303
5368
5431
5491
5552
5612
5669
5725
5779
5832
5882
5931
5981
6028
6070
6115
6156
6196
6234
6270
6306
6340
6371
6400
6430
6454
6479
6504
6524
6544
6562
6578
6594
6605
6616
6625
6632
6638
6643
6645
6645
6643
6641
6636
6629
6620
6609
6598
6585
6569
6553
6533
6513
6490
6468
6441
6414
6385
6356
6322
6288
6252
6216
6176
6136
6095
6050
6005
5958
5911
5859
5810
5756
5702
5646
5588
5529
5469
5408
5345
5280
5215
5148
5078
5008
4937
4865
4791
4717
4640
4564
4485
4404
4324
4243
4160
4077
3991
3904
3819
3729
3641
3551
3459
3367
3275
3183
3089
2992
2898
2801
2705
2606
2507
2409
2310
2209
2108
2007
1906
1802
1701
1598
1495
1389
1286
1180
1077
972
866
761
655
550
444
339
233
127
22
-80
-188
-294
-399
-505
-608
-713
-819
-922
-1028
-1131
-1234
-1338
-1441
-1544
-1645
-1746
-1847
-1948
-2047
-2148
-2247
-2343
-2442
-2539
-2633
-2730
-2824
-2918
-3010
-3102
-3194
-3284
-3374
-3462
-3549
-3637
-3722
-3807
-3890
-3973
-4054
-4135
-4214
-4292
-4369
-4443
-4519
-4591
-4663
-4735
-4804
-4871
-4939
-5004
-5069
-5132
-5193
-5253
-5312
-5368
-5424
-5478
-5532
-5583
-5633
-5682
-5727
-5774
-5817
-5859
-5900
-5938
-5976
-6012
-6046
-6079
-6111
-6140
-6167
-6194
-6219
-6241
-6261
-6281
-6299
-6315
-6331
-6344
-6356
-6365
-6371
-6378
-6382
-6385
-6387
-6387
-6385
-6380
-6373
-6367
-6358
-6347
-6335
-6322
-6306
-6288
-6268
-6248
-6225
-6203
-6176
-6149
-6120
-6091
-6059
-6025
-5990
-5954
-5915
-5875
-5835
-5792
-5747
-5700
-5653
-5606
-5554
-5502
-5451
-5395
-5338
-5282
-5224
-5163
-5103
-5040
-4975
-4910
-4842
-4775
-4705
-4636
-4564
-4492
-4418
-4344
-4268
-4191
-4113
-4034
-3953
-3872
-3789
-3706
-3621
-3538
-3450
-3365
-3275
-3188
-3098
-3008
-2918
-2826
-2734
-2640
-2548
-2453
-2357
-2263
-2166
-2070
-1973
-1874
-1778
-1679
-1580
-1481
-1383
-1281
-1180
-1082
-981
-880
-779
-678
-577
-475
-372
-271
-170
-69
31
132
233
334
435
536
637
738
839
938
1039
1138
1237
1335
1434
1533
1629
1728
1825
1921
2016
2110
2204
2299
2393
2485
2577
2667
2757
2846
2936
3024
3111
3197
3282
3365
3450
3531
3614
3695
3774
3852
3929
4007
4081
4155
4229
4301
4371
4440
4510
4575
4642
4708
4770
4833
4894
4952
5011
5067
5123
5177
5228
5280
5329
5379
5426
5471
5516
5558
5599
5639
5677
5713
5749
5781
5814
5844
5873
5900
5927
5951
5974
5994
6014
6030
6048
6061
6075
6086
6095
6104
6111
6115
6120
6120
6120
6120
6115
6111
6104
6097
6088
6077
6064
6048
6032
6017
5996
5976
5954
5929
5904
5877
5848
5819
5788
5754
5720
5684
5646
5608
5567
5525
5482
5437
5390
5343
5294
5244
5193
5139
5085
5029
4973
4914
4854
4793
4730
4667
4602
4537
4470
4402
4333
4263
4191
4119
4045
3971
3897
3819
3742
3664
3585
3504
3423
3340
3257
3174
3091
3006
2918
2833
2745
2656
2568
2478
2388
2299
2206
2114
2022
1930
1836
1744
1650
1555
1459
1365
1268
1174
1077
981
884
788
691
594
498
399
303
206
107
11
-83
-181
-278
-374
-471
-568
-664
-761
-857
-951
-1048
-1142
-1237
-1331
-1425
-1519
-1612
-1704
-1798
-1888
-1980
-2070
-2159
-2249
-2337
-2427
-2514
-2599
-2685
-2770
-2855
-2938
-3021
-3102
-3183
-3264
-3345
-3421
-3500
-3576
-3652
-3726
-3798
-3872
-3942
-4014
-4083
-4151
-4218
-4283
-4348
-4411
-4474
-4535
-4595
-4654
-4710
-4766
-4822
-4874
-4928
-4977
-5026
-5076
-5123
-5168
-5211
-5253
-5296
-5336
-5374
-5410
-5446
-5480
-5514
-5543
-5574
-5601
-5628
-5653
-5677
-5700
-5720
-5738
-5756
-5772
-5788
-5799
-5812
-5821
-5830
-5837
-5841
-5846
-5848
-5848
-5848
-5844
-5841
-5835
-5828
-5819
-5810
-5796
-5785
-5770
-5754
-5736
-5716
-5695
-5673
-5651
-5624
-5599
-5570
-5541
-5509
-5475
-5442
-5408
-5370
-5332
-5294
-5251
-5211
-5166
-5121
-5076
-5026
-4979
-4928
-4876
-4824
-4770
-4714
-4658
-4600
-4541
-4481
-4420
-4357
-4294
-4229
-4164
-4097
-4030
-3962
-3890
-3821
-3749
-3677
-3603
-3529
-3453
-3376
-3300
-3221
-3143
-3062
-2983
-2900
-2819
-2736
-2653
-2570
-2485
-2400
-2314
-2229
-2141
-2054
-1966
-1876
-1789
-1699
-1609
-1519
-1430
-1340
-1248
-1156
-1066
-974
-882
-790
-698
-603
-511
-419
-325
-233
-141
-49
42
134
226
321
413
505
597
689
779
871
963
1052
1142
1234
1324
1412
1502
1589
1679
1766
1852
1939
2025
2110
2195
2278
2364
2444
2528
2608
2689
2770
2849
2927
3004
3082
3156
3233
3307
3378
3453
3522
3594
3664
3731
3798
3866
3931
3994
4056
4119
4180
4241
4299
4355
4411
4467
4521
4573
4625
4674
4723
4770
4818
4863
4907
4948
4990
5029
5067
5105
5141
5175
5208
5240
5269
5298
5325
5352
5374
5399
5419
5440
5457
5475
5491
5507
5518
5529
5541
5547
5556
5561
5565
5567
5567
5567
5565
5563
5558
5552
5543
5534
5525
5511
5498
5484
5466
5448
5431
5408
5388
5363
5338
5312
5285
5255
5224
5193
5159
5125
5089
5051
5013
4973
4932
4889
4847
4802
4755
4708
4658
4609
4557
4506
4452
4398
4342
4285
4227
4169
4108
4048
3985
3922
3859
3794
3726
3659
3592
3522
3453
3383
3311
3239
3165
3091
3017
2941
2864
2788
2709
2631
2552
2474
2393
2312
2231
2148
2067
1984
1901
1816
1733
1647
1562
1477
1391
1304
1219
1131
1043
958
871
783
693
606
518
431
343
253
166
78
-8
-96
-184
-271
-359
-446
-534
-621
-709
-797
-882
-969
-1055
-1140
-1228
-1311
-1396
-1481
-1564
-1647
-1731
-1814
-1894
-1975
-2056
-2137
-2215
-2294
-2373
-2451
-2528
-2604
-2678
-2754
-2828
-2900
-2972
-3044
-3116
-3185
-3253
-3322
-3390
-3455
-3520
-3585
-3648
-3711
-3771
-3832
-3890
-3949
-4005
-4061
-4117
-4171
-4223
-4274
-4324
-4373
-4422
-4467
-4515
-4557
-4602
-4642
-4683
-4723
-4761
-4797
-4833
-4867
-4901
-4932
-4961
-4990
-5017
-5044
-5069
-5094
-5116
-5136
-5157
-5175
-5190
-5206
-5219
-5233
-5244
-5253
-5262
-5269
-5273
-5278
-5280
-5282
-5282
-5280
-5278
-5273
-5269
-5262
-5253
-5244
-5233
-5219
-5206
-5190
-5175
-5157
-5136
-5116
-5094
-5071
-5047
-5020
-4993
-4964
-4934
-4903
-4869
-4836
-4802
-4766
-4728
-4690
-4649
-4609
-4566
-4521
-4479
-4431
-4384
-4337
-4288
-4236
-4187
-4133
-4079
-4025
-3969
-3913
-3854
-3796
-3738
-3677
-3614
-3551
-3488
-3426
-3360
-3293
-3226
-3158
-3091
-3021
-2952
-2880
-2810
-2739
-2664
-2590
-2516
-2442
-2368
-2292
-2215
-2137
-2061
-1982
-1903
-1825
-1746
-1665
-1585
-1506
-1425
-1342
-1261
-1180
-1097
-1014
-933
-850
-767
-684
-601
-518
-433
-350
-267
-184
-101
-15
65
148
231
314
397
480
563
646
727
810
891
974
1055
1136
1216
1297
1376
1457
1535
1614
1690
1769
1845
1921
1998
2074
2148
2222
2296
2368
2442
2512
2584
2653
2723
2792
2860
2927
2992
3057
3123
3185
3248
3311
3372
3432
3491
3549
3607
3664
3717
3771
3825
3877
3929
3978
4027
4074
4122
4167
4211
4254
4297
4337
4378
4416
4454
4490
4526
4559
4591
4622
4654
4681
4710
4735
4761
4784
4806
4829
4849
4867
4885
4901
4914
4928
4941
4952
4961
4968
4975
4981
4986
4988
4990
4990
4988
4986
4984
4979
4973
4964
4955
4946
4934
4921
4907
4892
4874
4856
4838
4815
4795
4770
4748
4721
4694
4667
4638
4607
4575
4544
4508
4474
4438
4400
4362
4321
4281
4238
4196
4151
4106
4059
4012
3964
3915
3863
3812
3760
3706
3652
3598
3542
3484
3426
3367
3309
3248
3185
3125
3062
2997
2934
2869
2801
2736
2669
2602
2532
2462
2393
2323
2251
2180
2108
2036
1962
1890
1816
1739
1665
1591
1515
1439
1362
1286
1210
1131
1055
976
900
821
743
664
585
507
428
350
271
193
114
35
-40
-118
-197
-276
-354
-433
-511
-588
-666
-745
-821
-898
-974
-1050
-1127
-1203
-1277
-1353
-1427
-1502
-1576
-1647
-1722
-1793
-1865
-1935
-2007
-2076
-2146
-2215
-2283
-2350
-2418
-2483
-2548
-2613
-2678
-2741
-2804
-2864
-2925
-2986
-3046
-3105
-3161
-3217
-3273
-3329
-3383
-3435
-3488
-3538
-3590
-3639
-3686
-3733
-3780
-3825
-3870
-3913
-3953
-3996
-4034
-4074
-4110
-4149
-4182
-4218
-4250
-4283
-4312
-4344
-4371
-4400
-4425
-4449
-4474
-4497
-4517
-4537
-4557
-4575
-4591
-4607
-4620
-4633
-4645
-4656
-4665
-4672
-4678
-4683
-4687
-4692
-4692
-4692
-4692
-4690
-4687
-4683
-4676
-4669
-4660
-4651
-4640
-4629
-4616
-4602
-4586
-4568
-4550
-4532
-4512
-4490
-4467
-4443
-4418
-4391
-4364
-4335
-4306
-4277
-4243
-4211
-4178
-4142
-4106
-4068
-4030
-3991
-3951
-3908
-3866
-3823
-3778
-3733
-3686
-3639
-3592
-3542
-3493
-3441
-3390
-3338
-3284
-3228
-3174
-3118
-3062
-3004
-2945
-2887
-2826
-2766
-2705
-2644
-2581
-2519
-2453
-2391
-2325
-2260
-2193
-2126
-2061
-1991
-1924
-1856
-1787
-1717
-1647
-1578
-1506
-1434
-1365
-1293
-1221
-1149
-1075
-1003
-931
-857
-783
-711
-637
-563
-489
-415
-343
-269
-195
-121
-47
24
98
172
246
318
392
466
538
612
684
756
830
902
974
1043
1115
1185
1257
1326
1396
1466
1533
1603
1670
1737
1802
1870
1935
2000
2065
2128
2193
2256
2316
2379
2440
2498
2559
2617
2676
2732
2788
2844
2898
2952
3006
3057
3109
3161
3210
3259
3307
3354
3401
3446
3491
3533
3576
3616
3657
3697
3735
3774
3810
3843
3879
3911
3944
3976
4005
4034
4061
4088
4115
4140
4162
4184
4205
4225
4245
4263
4279
4294
4308
4321
4335
4344
4355
4364
4371
4378
4382
4387
4389
4389
4391
4389
4387
4384
4380
4375
4369
4360
4353
4342
4330
4319
4306
4290
4274
4259
4241
4220
4200
4180
4158
4133
4110
4083
4056
4030
4000
3971
3940
3908
3875
3841
3807
3771
3733
3697
3657
3619
3578
3536
3493
3450
3405
3360
3316
3268
3221
3172
3123
3073
3021
2970
2918
2867
2813
2757
2703
2647
2590
2532
2476
2418
2357
2299
2238
2177
2117
2054
1993
1930
1865
1802
1739
1674
1609
1544
1479
1412
1347
1279
1212
1147
1079
1010
942
875
806
738
671
601
532
464
395
325
255
188
118
49
-15
-85
-154
-222
-291
-361
-428
-496
-565
-633
-700
-767
-835
-902
-967
-1035
-1100
-1165
-1230
-1295
-1360
-1425
-1488
-1551
-1614
-1677
-1737
-1798
-1858
-1919
-1980
-2038
-2096
-2155
-2211
-2269
-2325
-2379
-2435
-2489
-2541
-2595
-2647
-2696
-2748
-2797
-2846
-2894
-2941
-2988
-3033
-3078
-3120
-3165
-3206
-3248
-3289
-3327
-3365
-3403
-3439
-3475
-3511
-3545
-3576
-3610
-3639
-3670
-3700
-3726
-3753
-3778
-3803
-3827
-3850
-3872
-3893
-3913
-3931
-3949
-3964
-3980
-3996
-4007
-4021
-4032
-4041
-4050
-4059
-4065
-4070
-4074
-4079
-4081
-4083
-4083
-4083
-4081
-4077
-4074
-4068
-4063
-4054
-4048
-4036
-4027
-4016
-4003
-3989
-3973
-3958
-3942
-3924
-3906
-3886
-3863
-3843
-3821
-3796
-3771
-3744
-3717
-3691
-3661
-3632
-3601
-3569
-3538
-3504
-3471
-3435
-3399
-3360
-3325
-3284
-3246
-3206
-3165
-3123
-3080
-3035
-2992
-2947
-2900
-2853
-2806
-2759
-2709
-2660
-2611
-2561
-2510
-2458
-2404
-2350
-2299
-2242
-2189
-2132
-2076
-2020
-1964
-1906
-1850
-1791
-1731
-1672
-1614
-1553
-1493
-1432
-1371
-1311
-1248
-1187
-1124
-1061
-999
-936
-873
-810
-747
-684
-619
-556
-493
-428
-365
-300
-237
-172
-110
-44
15
80
143
208
271
334
399
462
525
588
651
713
774
837
898
960
1021
1082
1142
1203
1261
1322
1380
1439
1497
1553
1612
1668
1724
1780
1836
1890
1944
1998
2049
2103
2155
2204
2256
2305
2355
2404
2451
2498
2546
2590
2635
2680
2723
2766
2808
2849
2889
2929
2968
3006
3044
3080
3116
3149
3183
3217
3248
3280
3311
3340
3367
3394
3421
3448
3473
3495
3518
3540
3560
3581
3601
3619
3634
3650
3666
3679
3693
3706
3717
3726
3735
3744
3751
3756
3762
3767
3769
3771
3771
3771
3771
3769
3767
3762
3758
3751
3744
3735
3726
3717
3706
3695
3682
3668
3652
3637
3621
3603
3585
3565
3545
3524
3502
3477
3455
3428
3403
3376
3349
3320
3291
3262
3230
3197
3165
3131
3098
3062
3026
2990
2952
2914
2876
2835
2795
2754
2712
2669
2626
2581
2539
2494
2447
2402
2355
2308
2258
2209
2162
2110
2061
2009
1960
1908
1854
1802
1748
1697
1643
1587
1533
1479
1423
1367
1311
1255
1198
1142
1084
1028
969
911
853
797
738
680
621
561
502
444
386
327
267
208
150
89
31
-24
-83
-143
-202
-260
-318
-377
-435
-493
-550
-608
-666
-722
-779
-837
-893
-949
-1005
-1059
-1115
-1169
-1225
-1279
-1333
-1385
-1439
-1490
-1542
-1594
-1645
-1697
-1746
-1796
-1845
-1892
-1942
-1989
-2036
-2081
-2128
-2173
-2218
-2260
-2303
-2346
-2388
-2429
-2469
-2510
-2548
-2586
-2624
-2662
-2698
-2734
-2768
-2801
-2835
-2867
-2898
-2929
-2959
-2988
-3017
-3044
-3071
-3096
-3120
-3145
-3170
-3190
-3212
-3233
-3253
-3271
-3289
-3307
-3322
-3338
-3352
-3365
-3378
-3390
-3401
-3410
-3419
-3428
-3435
-3441
-3446
-3450
-3453
-3455
-3457
-3457
-3457
-3457
-3455
-3450
-3446
-3441
-3437
-3430
-3421
-3412
-3403
-3394
-3383
-3369
-3356
-3343
-3329
-3313
-3295
-3277
-3259
-3242
-3221
-3201
-3179
-3156
-3134
-3109
-3084
-3057
-3033
-3006
-2977
-2947
-2918
-2889
-2858
-2826
-2792
-2759
-2725
-2691
-2656
-2620
-2584
-2546
-2507
-2469
-2431
-2391
-2350
-2310
-2267
-2224
-2182
-2139
-2096
-2052
-2007
-1962
-1915
-1870
-1823
-1775
-1728
-1681
-1632
-1582
-1535
-1484
-1434
-1385
-1333
-1284
-1232
-1180
-1129
-1077
-1026
-974
-920
-868
-814
-763
-709
-655
-601
-547
-496
-442
-388
-334
-280
-226
-172
-118
-65
-11
40
94
148
202
255
309
361
415
469
520
572
626
678
729
781
832
884
933
985
1035
1084
1133
1183
1232
1281
1329
1376
1423
1470
1517
1562
1609
1654
1697
1742
1784
1827
1870
1912
1953
1995
2034
2074
2112
2153
2189
2227
2263
2299
2334
2368
2402
2435
2469
2501
2532
2561
2593
2622
2649
2676
2703
2730
2754
2779
2804
2826
2849
2869
2891
2909
2929
2947
2965
2981
2997
3012
3026
3039
3053
3064
3075
3084
3096
3102
3111
3118
3123
3127
3131
3136
3138
3140
3140
3140
3140
3138
3136
3131
3127
3123
3118
3111
3102
3096
3084
3075
3064
3053
3042
3028
3012
2999
2983
2968
2950
2932
2914
2894
2873
2853
2831
2808
2786
2761
2736
2712
2687
2660
2633
2604
2575
2546
2516
2485
2453
2422
2391
2357
2323
2290
2254
2218
2182
2146
2110
2072
2034
1995
1955
1917
1876
1836
1796
1753
1713
1670
1627
1585
1540
1497
1452
1409
1365
1320
1273
1228
1183
1136
1088
1041
996
949
900
853
806
758
709
662
612
565
516
469
419
370
321
273
224
175
125
78
29
-17
-65
-114
-163
-211
-260
-307
-356
-404
-451
-498
-545
-592
-639
-687
-734
-779
-826
-871
-918
-963
-1008
-1050
-1095
-1140
-1183
-1225
-1268
-1311
-1353
-1394
-1436
-1477
-1517
-1555
-1596
-1634
-1672
-1710
-1748
-1784
-1823
-1856
-1892
-1928
-1962
-1995
-2029
-2061
-2092
-2123
-2155
-2184
-2213
-2242
-2272
-2299
-2325
-2352
-2377
-2402
-2427
-2449
-2474
-2496
-2516
-2537
-2557
-2577
-2595
-2613
-2631
-2647
-2662
-2678
-2691
-2705
-2718
-2732
-2743
-2752
-2763
-2772
-2781
-2788
-2795
-2801
-2806
-2810
-2815
-2817
-2819
-2822
-2822
-2822
-2822
-2819
-2817
-2815
-2810
-2806
-2801
-2795
-2788
-2781
-2772
-2763
-2754
-2743
-2732
-2721
-2707
-2694
-2680
-2667
-2651
-2635
-2617
-2599
-2581
-2563
-2543
-2523
-2503
-2480
-2460
-2435
-2413
-2388
-2364
-2339
-2314
-2287
-2260
-2233
-2204
-2177
-2146
-2117
-2087
-2056
-2025
-1993
-1962
-1928
-1894
-1861
-1827
-1791
-1757
-1722
-1686
-1650
-1612
-1576
-1537
-1499
-1461
-1423
-1385
-1344
-1306
-1266
-1225
-1185
-1145
-1104
-1061
-1021
-978
-938
-895
-853
-810
-767
-725
-682
-639
-594
-552
-509
-466
-422
-379
-334
-291
-246
-204
-159
-116
-71
-29
11
56
98
141
186
229
271
314
356
399
442
484
527
570
610
653
693
734
776
817
857
895
936
976
1014
1052
1091
1129
1167
1205
1241
1279
1315
1351
1387
1421
1457
1490
1524
1558
1589
1623
1654
1686
1717
1746
1775
1805
1834
1863
1890
1917
1944
1971
1995
2020
2045
2070
2092
2114
2137
2159
2180
2200
2220
2238
2256
2274
2292
2308
2323
2339
2352
2366
2379
2393
2404
2415
2427
2435
2444
2453
2462
2469
2476
2480
2485
2489
2494
2498
2501
2501
2503
2503
2503
2503
2501
2498
2494
2492
2487
2483
2476
2469
2462
2456
2447
2438
2429
2420
2409
2397
2384
2373
2359
2343
2330
2314
2299
2283
2265
2247
2229
2211
2191
2173
2150
2130
2110
2087
2065
2040
2018
1993
1968
1944
1917
1892
1865
1838
1811
1782
1753
1726
1695
1665
1636
1605
1573
1544
1510
1479
1448
1414
1380
1347
1313
1279
1246
1212
1176
1140
1106
1070
1035
999
960
925
889
850
814
776
738
702
664
626
588
550
511
473
435
397
356
318
280
242
204
163
125
87
49
11
-24
-62
-103
-141
-179
-217
-253
-291
-330
-368
-404
-442
-480
-516
-552
-590
-626
-662
-698
-734
-767
-803
-837
-873
-907
-940
-974
-1008
-1041
-1073
-1106
-1138
-1169
-1201
-1232
-1261
-1293
-1322
-1351
-1380
-1409
-1436
-1466
-1493
-1519
-1544
-1571
-1596
-1621
-1645
-1670
-1692
-1717
-1739
-1760
-1782
-1802
-1823
-1843
-1863
-1881
-1901
-1919
-1935
-1953
-1968
-1984
-1998
-2013
-2027
-2040
-2054
-2065
-2076
-2087
-2099
-2108
-2117
-2126
-2135
-2141
-2148
-2155
-2162
-2166
-2171
-2175
-2177
-2180
-2182
-2184
-2184
-2184
-2184
-2184
-2182
-2180
-2177
-2175
-2171
-2166
-2162
-2157
-2150
-2144
-2137
-2128
-2119
-2110
-2101
-2092
-2081
-2070
-2058
-2045
-2034
-2020
-2004
-1991
-1975
-1960
-1944
-1928
-1910
-1894
-1876
-1858
-1838
-1818
-1800
-1780
-1757
-1737
-1715
-1692
-1670
-1647
-1625
-1600
-1578
-1553
-1526
-1502
-1477
-1450
-1423
-1398
-1371
-1342
-1315
-1286
-1259
-1230
-1201
-1171
-1142
-1113
-1082
-1052
-1021
-992
-960
-929
-898
-866
-835
-803
-770
-738
-704
-673
-639
-608
-574
-541
-509
-475
-442
-408
-374
-341
-307
-276
-242
-208
-175
-141
-107
-74
-40
-6
24
58
92
123
157
190
222
255
289
321
354
386
417
449
482
514
545
574
606
637
669
698
727
758
788
817
846
875
902
931
958
987
1014
1041
1066
1093
1120
1145
1169
1194
1219
1243
1268
1290
1313
1335
1358
1380
1400
1423
1443
1463
1481
1502
1519
1537
1555
1573
1589
1607
1623
1638
1652
1668
1681
1695
1708
1722
1733
1744
1755
1766
1775
1787
1796
1805
1811
1820
1827
1834
1838
1845
1850
1854
1858
1861
1863
1867
1867
1870
1870
1872
1870
1870
1870
1867
1865
1863
1858
1856
1852
1845
1841
1836
1829
1823
1816
1807
1798
1791
1782
1771
1762
1751
1739
1728
1717
1704
1690
1677
1663
1650
1636
1621
1605
1589
1573
1555
1540
1522
1504
1486
1466
1448
1427
1409
1389
1369
1347
1326
1304
1284
1261
1239
1216
1194
1169
1147
1122
1097
1073
1050
1023
999
974
949
922
898
871
844
817
790
763
736
709
682
655
628
599
572
543
516
487
460
431
401
374
345
316
289
260
231
202
175
145
116
87
60
31
2
-24
-51
-80
-107
-136
-163
-193
-220
-249
-276
-303
-330
-359
-386
-413
-440
-464
-491
-518
-543
-570
-594
-621
-646
-671
-695
-720
-745
-767
-792
-814
-839
-862
-884
-907
-929
-951
-972
-994
-1014
-1035
-1055
-1075
-1093
-1113
-1131
-1151
-1169
-1187
-1203
-1221
-1237
-1252
-1270
-1284
-1299
-1315
-1329
-1342
-1356
-1369
-1383
-1394
-1407
-1418
-1430
-1439
-1450
-1459
-1468
-1477
-1486
-1495
-1502
-1508
-1515
-1522
-1528
-1533
-1537
-1542
-1546
-1551
-1553
-1558
-1560
-1562
-1562
-1564
-1564
-1564
-1564
-1564
-1562
-1560
-1558
-1555
-1553
-1551
-1546
-1542
-1537
-1533
-1526
-1522
-1515
-1508
-1502
-1493
-1486
-1477
-1468
-1459
-1450
-1441
-1430
-1418
-1407
-1396
-1385
-1374
-1360
-1347
-1333
-1320
-1306
-1293
-1277
-1264
-1248
-1232
-1216
-1201
-1183
-1167
-1149
-1133
-1115
-1097
-1079
-1059
-1041
-1023
-1003
-983
-965
-945
-925
-904
-884
-862
-841
-819
-799
-776
-756
-734
-711
-689
-666
-644
-621
-599
-577
-552
-529
-507
-482
-460
-437
-413
-388
-365
-341
-318
-294
-271
-246
-222
-199
-175
-150
-127
-103
-78
-56
-31
-6
13
38
60
85
107
132
154
177
202
224
246
269
291
314
336
359
381
404
424
446
469
489
509
532
552
572
592
612
633
653
671
691
709
727
747
765
783
801
817
835
850
868
884
900
916
931
947
960
976
990
1003
1017
1030
1043
1055
1068
1079
1091
1102
1113
1124
1133
1145
1154
1162
1171
1180
1187
1196
1203
1210
1216
1223
1228
1234
1239
1243
1248
1252
1257
1259
1261
1264
1266
1268
1270
1270
1273
1273
1273
1273
1270
1270
1268
1266
1264
1261
1259
1255
1252
1248
1243
1239
1234
1228
1223
1216
1210
1203
1196
1189
1180
1174
1165
1156
1147
1138
1127
1118
1106
1097
1086
1075
1064
1052
1039
1028
1014
1003
990
976
963
949
933
920
907
891
875
862
846
830
814
797
781
765
749
731
713
698
680
662
646
628
610
592
574
554
536
518
500
480
462
442
424
404
386
365
347
327
309
289
269
249
231
211
190
172
152
132
112
94
74
53
35
15
-2
-20
-40
-58
-78
-98
-116
-134
-154
-172
-193
-211
-229
-246
-264
-282
-300
-318
-336
-354
-372
-390
-406
-424
-440
-458
-473
-489
-505
-520
-536
-552
-568
-583
-597
-612
-626
-642
-655
-669
-682
-695
-709
-722
-734
-747
-758
-770
-781
-792
-803
-814
-826
-835
-846
-855
-864
-873
-882
-891
-900
-907
-913
-922
-929
-936
-942
-949
-954
-960
-965
-969
-974
-978
-983
-987
-990
-992
-996
-999
-1001
-1003
-1003
-1005
-1005
-1008
-1008
-1008
-1008
-1005
-1005
-1003
-1003
-1001
-999
-996
-994
-990
-987
-983
-981
-976
-972
-967
-963
-956
-951
-945
-938
-933
-927
-918
-911
-904
-898
-889
-880
-873
-864
-855
-846
-835
-826
-817
-806
-797
-785
-774
-763
-752
-740
-729
-718
-704
-693
-682
-669
-655
-644
-630
-617
-603
-590
-577
-563
-550
-534
-520
-507
-491
-478
-462
-449
-433
-417
-401
-388
-372
-356
-341
-325
-309
-296
-280
-264
-249
-233
-217
-199
-184
-168
-152
-136
-121
-105
-89
-74
-58
-42
-26
-11
2
17
33
49
65
80
96
112
127
141
157
172
186
202
217
231
246
260
273
289
303
316
330
343
356
370
383
397
410
424
435
449
460
471
484
496
507
518
529
541
552
561
572
583
592
601
610
621
630
639
646
655
664
671
680
687
693
700
707
713
720
725
731
736
743
747
752
756
761
765
767
772
774
779
781
783
785
788
788
790
790
792
792
792
792
792
792
792
790
790
788
785
783
781
779
776
774
770
767
763
758
754
749
745
740
736
731
725
718
713
707
700
693
687
680
673
664
657
648
642
633
624
615
606
597
588
579
570
559
550
538
529
518
507
498
487
475
464
453
442
431
419
406
395
383
370
359
345
334
321
309
296
282
271
258
244
233
220
206
193
179
166
154
141
127
114
101
87
74
60
47
33
20
6
-2
-15
-29
-42
-56
-69
-83
-94
-107
-121
-132
-145
-159
-170
-184
-195
-208
-220
-233
-244
-258
-269
-280
-291
-303
-314
-325
-336
-347
-359
-370
-379
-390
-401
-410
-422
-431
-440
-449
-460
-469
-478
-487
-493
-502
-511
-518
-527
-534
-543
-550
-556
-563
-570
-577
-583
-588
-594
-599
-606
-610
-615
-619
-624
-628
-633
-637
-639
-644
-646
-651
-653
-655
-657
-660
-662
-662
-664
-664
-666
-666
-666
-666
-666
-666
-666
-666
-664
-664
-662
-660
-657
-655
-653
-651
-648
-646
-642
-639
-635
-630
-626
-621
-617
-612
-608
-603
-597
-592
-585
-579
-574
-568
-561
-554
-547
-541
-532
-525
-516
-509
-500
-493
-484
-475
-466
-458
-449
-440
-431
-422
-410
-401
-392
-381
-370
-361
-350
-341
-330
-318
-307
-296
-285
-273
-262
-251
-240
-229
-217
-204
-193
-181
-170
-157
-145
-134
-121
-110
-96
-85
-71
-60
-47
-35
-22
-11
0
