0
-128
-256
-384
-512
-639
-766
-893
-1020
-1146
-1271
-1396
-1520
-1643
-1766
-1887
-2008
-2128
-2247
-2364
-2481
-2596
-2710
-2823
-2934
-3044
-3152
-3259
-3364
-3468
-3570
-3670
-3768
-3865
-3959
-4052
-4143
-4232
-4318
-4403
-4485
-4565
-4643
-4719
-4792
-4863
-4932
-4998
-5062
-5124
-5182
-5239
-5293
-5344
-5392
-5438
-5482
-5522
-5560
-5596
-5628
-5658
-5685
-5709
-5730
-5749
-5765
-5778
-5788
-5796
-5800
-5802
-5801
-5797
-5790
-5781
-5768
-5753
-5735
-5714
-5691
-5664
-5635
-5603
-5569
-5531
-5491
-5449
-5403
-5356
-5305
-5252
-5196
-5138
-5077
-5014
-4948
-4880
-4810
-4737
-4662
-4585
-4505
-4424
-4340
-4254
-4166
-4075
-3983
-3889
-3794
-3696
-3596
-3495
-3392
-3287
-3181
-3074
-2964
-2854
-2742
-2628
-2514
-2398
-2281
-2163
-2044
-1923
-1802
-1680
-1558
-1434
-1310
-1185
-1060
-934
-808
-681
-554
-427
-299
-172
-44
82
210
338
465
592
719
845
971
1096
1221
1346
1469
1592
1714
1836
1956
2075
2194
2311
2427
2542
2656
2768
2879
2989
3097
3204
3309
3412
3514
3614
3712
3808
3903
3996
4086
4175
4262
4346
4429
4509
4587
4663
4736
4807
4876
4943
5007
5068
5127
5184
5238
5290
5339
5385
5429
5470
5508
5544
5577
5607
5635
5659
5682
5701
5717
5731
5742
5750
5755
5758
5758
5755
5749
5740
5729
5715
5698
5678
5655
5630
5602
5571
5538
5502
5463
5422
5378
5331
5282
5230
5176
5119
5060
4998
4934
4867
4799
4727
4654
4578
4500
4420
4338
4254
4168
4079
3989
3897
3803
3707
3609
3510
3409
3306
3202
3096
2989
2881
2771
2659
2547
2433
2318
2202
2085
1967
1848
1728
1608
1486
1364
1242
1118
995
871
746
621
496
371
246
120
-4
-130
-255
-380
-505
-630
-754
-878
-1001
-1124
-1246
-1368
-1489
-1609
-1728
-1846
-1964
-2080
-2195
-2310
-2423
-2534
-2645
-2754
-2862
-2968
-3073
-3176
-3278
-3378
-3477
-3573
-3668
-3761
-3852
-3941
-4029
-4114
-4197
-4278
-4357
-4434
-4509
-4581
-4651
-4719
-4785
-4848
-4909
-4967
-5023
-5076
-5127
-5176
-5221
-5265
-5305
-5343
-5379
-5411
-5442
-5469
-5494
-5516
-5535
-5552
-5566
-5577
-5585
-5591
-5594
-5594
-5592
-5587
-5579
-5568
-5555
-5539
-5520
-5499
-5475
-5448
-5418
-5386
-5352
-5314
-5275
-5232
-5187
-5140
-5090
-5038
-4983
-4926
-4866
-4804
-4740
-4673
-4604
-4534
-4460
-4385
-4308
-4228
-4147
-4063
-3978
-3891
-3802
-3711
-3618
-3524
-3428
-3330
-3231
-3130
-3028
-2924
-2819
-2713
-2605
-2496
-2387
-2276
-2163
-2050
-1936
-1822
-1706
-1590
-1473
-1355
-1236
-1118
-998
-879
-759
-638
-518
-397
-276
-155
-34
85
206
326
447
566
686
805
924
1042
1159
1276
1392
1507
1622
1735
1848
1959
2070
2179
2288
2395
2501
2605
2708
2810
2910
3009
3106
3201
3295
3387
3478
3566
3653
3738
3821
3902
3981
4058
4133
4205
4276
4344
4411
4475
4536
4596
4653
4707
4760
4810
4857
4902
4945
4985
5022
5057
5090
5120
5147
5172
5194
5213
5230
5244
5256
5265
5272
5275
5276
5275
5271
5264
5255
5243
5228
5211
5191
5169
5144
5116
5086
5054
5019
4981
4941
4899
4854
4807
4757
4705
4651
4594
4536
4475
4411
4346
4279
4209
4137
4064
3988
3910
3831
3750
3667
3582
3495
3407
3317
3225
3132
3038
2942
2844
2745
2645
2544
2441
2338
2233
2127
2020
1913
1804
1695
1585
1474
1362
1250
1138
1024
911
797
683
568
454
339
224
109
-5
-119
-234
-348
-462
-576
-689
-802
-915
-1026
-1138
-1248
-1358
-1467
-1575
-1683
-1789
-1894
-1999
-2102
-2204
-2305
-2404
-2503
-2600
-2695
-2789
-2882
-2973
-3062
-3150
-3236
-3321
-3403
-3484
-3563
-3640
-3715
-3788
-3860
-3929
-3996
-4061
-4124
-4185
-4243
-4299
-4354
-4405
-4455
-4502
-4547
-4589
-4629
-4667
-4702
-4735
-4765
-4793
-4818
-4841
-4862
-4879
-4895
-4907
-4918
-4925
-4930
-4933
-4933
-4931
-4925
-4918
-4908
-4895
-4880
-4862
-4842
-4819
-4794
-4767
-4736
-4704
-4669
-4632
-4592
-4550
-4505
-4459
-4410
-4358
-4305
-4249
-4191
-4131
-4069
-4005
-3939
-3871
-3800
-3728
-3654
-3578
-3500
-3421
-3339
-3256
-3172
-3085
-2998
-2908
-2817
-2725
-2631
-2536
-2440
-2343
-2244
-2144
-2043
-1941
-1838
-1734
-1630
-1524
-1418
-1311
-1203
-1095
-986
-877
-767
-657
-547
-436
-325
-214
-103
7
118
229
340
450
561
671
781
890
999
1107
1214
1321
1428
1533
1638
1742
1845
1947
2048
2148
2246
2344
2440
2535
2629
2721
2812
2901
2989
3075
3160
3243
3325
3404
3482
3558
3632
3704
3775
3843
3909
3974
4036
4096
4154
4210
4263
4314
4364
4410
4455
4497
4537
4574
4609
4642
4672
4700
4725
4748
4769
4786
4802
4815
4825
4833
4838
4841
4841
4839
4834
4826
4816
4804
4789
4771
4751
4729
4704
4676
4646
4614
4579
4542
4502
4460
4416
4369
4320
4269
4215
4160
4102
4041
3979
3915
3848
3779
3709
3636
3562
3485
3407
3327
3245
3161
3076
2989
2900
2810
2718
2625
2530
2434
2337
2238
2138
2037
1934
1831
1727
1621
1515
1408
1300
1191
1082
972
861
750
638
526
413
300
187
74
-39
-152
-266
-379
-493
-606
-719
-832
-944
-1056
-1168
-1279
-1389
-1499
-1609
-1717
-1825
-1932
-2038
-2143
-2247
-2350
-2452
-2553
-2653
-2751
-2848
-2944
-3038
-3130
-3222
-3311
-3399
-3486
-3571
-3653
-3735
-3814
-3891
-3967
-4041
-4112
-4182
-4249
-4315
-4378
-4439
-4498
-4554
-4609
-4661
-4711
-4758
-4803
-4846
-4886
-4924
-4959
-4992
-5022
-5050
-5075
-5097
-5117
-5135
-5150
-5162
-5172
-5179
-5183
-5185
-5184
-5180
-5174
-5165
-5154
-5140
-5123
-5104
-5082
-5057
-5030
-5000
-4968
-4933
-4896
-4856
-4813
-4768
-4721
-4671
-4619
-4564
-4507
-4447
-4386
-4321
-4255
-4187
-4116
-4043
-3968
-3890
-3811
-3730
-3647
-3561
-3474
-3385
-3294
-3202
-3107
-3011
-2914
-2814
-2713
-2611
-2507
-2402
-2296
-2188
-2079
-1968
-1857
-1744
-1631
-1516
-1401
-1284
-1167
-1049
-931
-812
-692
-572
-451
-330
-208
-86
35
157
279
401
524
646
768
890
1011
1132
1253
1374
1494
1613
1732
1850
1967
2083
2199
2314
2428
2540
2652
2762
2872
2980
3086
3192
3296
3398
3499
3599
3696
3792
3887
3979
4070
4159
4246
4331
4414
4495
4574
4651
4726
4798
4868
4936
5002
5065
5126
5185
5241
5295
5346
5394
5440
5484
5525
5563
5599
5631
5662
5689
5714
5736
5756
5772
5786
5797
5805
5811
5813
5813
5810
5805
5796
5785
5771
5754
5734
5712
5686
5658
5627
5594
5558
5519
5477
5432
5385
5336
5283
5229
5171
5111
5049
4983
4916
4846
4774
4699
4622
4543
4461
4377
4291
4203
4113
4020
3926
3830
3731
3631
3529
3425
3320
3212
3104
2993
2881
2767
2652
2536
2418
2299
2179
2058
1935
1811
1687
1561
1435
1308
1180
1051
922
792
662
531
400
268
137
5
-127
-259
-391
-523
-655
-787
-919
-1050
-1181
-1311
-1441
-1571
-1700
-1828
-1955
-2082
-2208
-2333
-2457
-2580
-2701
-2822
-2941
-3059
-3176
-3292
-3406
-3518
-3629
-3738
-3846
-3952
-4056
-4159
-4259
-4358
-4455
-4549
-4642
-4732
-4821
-4907
-4991
-5073
-5152
-5229
-5304
-5376
-5446
-5514
-5579
-5641
-5701
-5758
-5812
-5864
-5913
-5960
-6003
-6044
-6083
-6118
-6150
-6180
-6207
-6231
-6252
-6271
-6286
-6298
-6308
-6315
-6318
-6319
-6317
-6312
-6304
-6293
-6279
-6263
-6243
-6220
-6195
-6167
-6136
-6102
-6065
-6025
-5983
-5938
-5890
-5839
-5786
-5729
-5671
-5609
-5545
-5479
-5410
-5338
-5264
-5187
-5108
-5027
-4943
-4857
-4769
-4678
-4586
-4491
-4394
-4295
-4194
-4091
-3987
-3880
-3771
-3661
-3549
-3436
-3321
-3204
-3086
-2966
-2845
-2723
-2599
-2474
-2348
-2221
-2093
-1964
-1834
-1703
-1572
-1440
-1307
-1173
-1039
-904
-769
-634
-498
-362
-226
-90
45
181
318
454
589
725
860
994
1129
1262
1395
1528
1660
1790
1921
2050
2178
2305
2431
2556
2680
2803
2924
3044
3162
3279
3395
3508
3621
3731
3840
3947
4052
4155
4257
4356
4453
4548
4642
4733
4821
4908
4992
5074
5154
5231
5306
5378
5448
5515
5580
5642
5701
5758
5812
5864
5913
5959
6002
6043
6080
6115
6148
6177
6203
6227
6248
6266
6281
6293
6302
6308
6312
6312
6310
6305
6297
6286
6272
6255
6236
6213
6188
6160
6129
6095
6059
6020
5978
5933
5886
5836
5784
5728
5671
5610
5548
5482
5415
5344
5272
5197
5120
5040
4959
4875
4789
4700
4610
4518
4424
4327
4229
4129
4028
3924
3819
3712
3604
3494
3383
3270
3156
3040
2923
2805
2686
2566
2445
2322
2199
2075
1950
1825
1699
1572
1444
1316
1188
1059
930
801
671
542
412
282
152
23
-106
-235
-364
-492
-620
-748
-875
-1002
-1127
-1253
-1377
-1501
-1623
-1745
-1866
-1985
-2104
-2221
-2338
-2452
-2566
-2678
-2789
-2898
-3006
-3112
-3217
-3320
-3421
-3520
-3618
-3714
-3808
-3900
-3989
-4077
-4163
-4247
-4329
-4408
-4485
-4560
-4633
-4704
-4772
-4837
-4901
-4962
-5020
-5076
-5130
-5181
-5229
-5275
-5319
-5359
-5398
-5433
-5466
-5496
-5524
-5549
-5571
-5591
-5608
-5622
-5634
-5643
-5649
-5653
-5653
-5652
-5647
-5640
-5630
-5618
-5603
-5585
-5564
-5542
-5516
-5488
-5457
-5424
-5388
-5350
-5310
-5266
-5221
-5173
-5123
-5070
-5015
-4958
-4899
-4837
-4773
-4707
-4639
-4569
-4497
-4423
-4347
-4269
-4189
-4107
-4023
-3938
-3851
-3763
-3672
-3581
-3487
-3393
-3297
-3199
-3100
-3000
-2899
-2796
-2693
-2588
-2483
-2376
-2269
-2160
-2051
-1942
-1831
-1720
-1609
-1496
-1384
-1271
-1158
-1044
-930
-816
-702
-588
-474
-360
-246
-132
-19
93
206
319
431
542
653
763
873
982
1090
1197
1304
1409
1514
1617
1720
1821
1921
2020
2117
2213
2308
2402
2494
2584
2673
2760
2846
2930
3013
3093
3172
3249
3324
3397
3469
3538
3605
3671
3734
3795
3854
3911
3966
4019
4070
4118
4164
4208
4249
4288
4325
4360
4392
4422
4450
4475
4498
4518
4536
4552
4565
4576
4584
4591
4594
4595
4594
4591
4585
4577
4566
4553
4538
4520
4500
4478
4454
4427
4398
4367
4333
4298
4260
4220
4178
4134
4087
4039
3989
3937
3883
3827
3769
3709
3647
3584
3519
3452
3384
3313
3242
3169
3094
3018
2940
2861
2781
2699
2616
2532
2447
2361
2274
2186
2096
2006
1915
1823
1731
1637
1543
1449
1354
1258
1162
1066
969
872
775
677
579
482
384
286
189
91
-5
-102
-199
-296
-392
-488
-583
-677
-772
-865
-958
-1050
-1141
-1231
-1321
-1409
-1497
-1584
-1669
-1754
-1837
-1919
-2000
-2079
-2158
-2234
-2310
-2384
-2456
-2527
-2597
-2665
-2731
-2795
-2858
-2919
-2979
-3036
-3092
-3146
-3198
-3248
-3296
-3342
-3387
-3429
-3469
-3507
-3543
-3577
-3609
-3639
-3667
-3693
-3716
-3737
-3756
-3773
-3788
-3801
-3811
-3819
-3825
-3829
-3830
-3829
-3827
-3821
-3814
-3805
-3793
-3779
-3763
-3745
-3724
-3702
-3677
-3650
-3622
-3591
-3558
-3523
-3486
-3447
-3406
-3363
-3318
-3271
-3222
-3172
-3119
-3065
-3009
-2951
-2892
-2831
-2768
-2704
-2638
-2571
-2502
-2432
-2360
-2287
-2212
-2137
-2060
-1981
-1902
-1822
-1740
-1657
-1574
-1489
-1404
-1318
-1231
-1143
-1054
-965
-875
-785
-694
-603
-511
-419
-327
-234
-141
-48
44
137
230
323
416
509
602
694
786
878
969
1060
1150
1240
1329
1418
1506
1593
1679
1764
1849
1932
2015
2096
2177
2256
2334
2411
2487
2561
2634
2705
2775
2844
2911
2977
3041
3103
3164
3223
3280
3336
3390
3441
3492
3540
3586
3630
3673
3713
3751
3788
3822
3854
3884
3912
3938
3961
3983
4002
4019
4034
4047
4057
4065
4071
4074
4076
4075
4071
4066
4058
4048
4036
4021
4004
3985
3964
3940
3914
3886
3856
3823
3788
3751
3712
3671
3628
3582
3535
3485
3433
3380
3324
3266
3207
3145
3082
3016
2949
2880
2810
2737
2663
2587
2510
2431
2351
2269
2185
2101
2014
1927
1838
1748
1656
1564
1470
1376
1280
1183
1086
987
888
788
687
586
484
381
278
174
70
-33
-138
-243
-348
-454
-559
-664
-770
-875
-980
-1085
-1190
-1295
-1399
-1503
-1606
-1709
-1811
-1913
-2014
-2114
-2214
-2312
-2410
-2507
-2603
-2698
-2791
-2884
-2975
-3066
-3155
-3242
-3328
-3413
-3497
-3578
-3659
-3737
-3814
-3890
-3963
-4035
-4105
-4173
-4239
-4304
-4366
-4427
-4485
-4541
-4595
-4647
-4697
-4745
-4790
-4834
-4875
-4913
-4949
-4983
-5015
-5044
-5071
-5095
-5117
-5137
-5154
-5168
-5180
-5189
-5196
-5201
-5202
-5202
-5198
-5193
-5184
-5173
-5160
-5144
-5125
-5104
-5080
-5054
-5025
-4993
-4959
-4923
-4884
-4843
-4799
-4752
-4703
-4652
-4599
-4543
-4484
-4424
-4361
-4296
-4228
-4158
-4086
-4012
-3936
-3858
-3777
-3695
-3611
-3524
-3436
-3346
-3254
-3160
-3064
-2967
-2868
-2767
-2665
-2561
-2456
-2349
-2241
-2132
-2021
-1909
-1796
-1681
-1566
-1449
-1332
-1213
-1094
-974
-853
-731
-609
-486
-363
-239
-115
9
134
259
385
510
636
761
887
1012
1138
1263
1388
1512
1636
1760
1883
2005
2127
2248
2369
2488
2607
2725
2842
2957
3072
3186
3298
3409
3519
3627
3734
3839
3943
4045
4146
4245
4342
4438
4532
4623
4713
4801
4887
4971
5053
5132
5210
5285
5358
5429
5497
5563
5626
5688
5746
5803
5856
5907
5956
6002
6045
6086
6124
6159
6192
6222
6249
6273
6295
6314
6330
6343
6353
6360
6365
6367
6366
6362
6355
6345
6333
6317
6299
6278
6254
6227
6198
6165
6130
6092
6051
6008
5961
5912
5860
5806
5749
5689
5627
5562
5494
5424
5351
5276
5199
5119
5037
4952
4865
4776
4684
4590
4495
4397
4297
4195
4091
3985
3877
3767
3656
3542
3427
3311
3193
3073
2952
2829
2705
2580
2453
2325
2196
2066
1935
1803
1670
1536
1401
1266
1130
993
856
718
580
441
302
163
24
-115
-254
-394
-534
-673
-812
-951
-1090
-1228
-1366
-1503
-1640
-1776
-1911
-2046
-2180
-2313
-2445
-2576
-2706
-2835
-2962
-3089
-3214
-3338
-3461
-3582
-3701
-3819
-3936
-4050
-4163
-4275
-4384
-4492
-4597
-4701
-4803
-4902
-5000
-5095
-5188
-5279
-5368
-5454
-5538
-5620
-5699
-5776
-5850
-5922
-5991
-6057
-6121
-6183
-6241
-6297
-6350
-6401
-6448
-6493
-6535
-6574
-6611
-6644
-6675
-6702
-6727
-6749
-6768
-6784
-6797
-6807
-6814
-6818
-6820
-6818
-6813
-6806
-6795
-6782
-6765
-6746
-6723
-6698
-6670
-6639
-6605
-6568
-6529
-6487
-6441
-6393
-6343
-6289
-6233
-6174
-6113
-6049
-5982
-5913
-5841
-5767
-5690
-5611
-5530
-5446
-5360
-5271
-5181
-5088
-4993
-4896
-4797
-4695
-4592
-4487
-4380
-4271
-4161
-4049
-3935
-3819
-3702
-3584
-3463
-3342
-3219
-3095
-2970
-2843
-2716
-2587
-2457
-2327
-2195
-2063
-1930
-1796
-1661
-1526
-1391
-1255
-1118
-981
-844
-707
-570
-432
-294
-157
-20
117
254
391
527
663
799
934
1068
1202
1335
1468
1599
1730
1860
1989
2116
2243
2369
2493
2616
2738
2858
2977
3094
3210
3324
3437
3548
3658
3765
3871
3975
4077
4177
4275
4371
4465
4557
4646
4734
4819
4902
4983
5061
5137
5211
5282
5351
5417
5481
5543
5601
5658
5711
5762
5811
5856
5899
5940
5978
6013
6045
6075
6102
6126
6147
6166
6182
6195
6205
6213
6218
6220
6219
6216
6210
6201
6190
6175
6159
6139
6117
6092
6064
6034
6001
5966
5928
5888
5845
5800
5752
5702
5649
5594
5537
5477
5415
5351
5284
5216
5145
5072
4997
4921
4842
4761
4678
4594
4507
4419
4329
4238
4145
4050
3953
3856
3756
3656
3554
3451
3346
3241
3134
3026
2917
2807
2696
2585
2472
2359
2245
2130
2015
1899
1783
1666
1549
1432
1314
1196
1078
960
842
724
606
488
371
253
136
19
-96
-212
-328
-443
-557
-671
-784
-896
-1007
-1118
-1227
-1336
-1443
-1550
-1655
-1759
-1862
-1964
-2065
-2164
-2262
-2358
-2453
-2546
-2638
-2728
-2817
-2904
-2989
-3072
-3154
-3234
-3312
-3388
-3463
-3535
-3605
-3674
-3740
-3805
-3867
-3927
-3986
-4042
-4095
-4147
-4197
-4244
-4289
-4332
-4373
-4411
-4447
-4481
-4512
-4542
-4568
-4593
-4615
-4635
-4653
-4668
-4681
-4692
-4701
-4707
-4710
-4712
-4711
-4708
-4703
-4695
-4685
-4673
-4659
-4642
-4624
-4603
-4580
-4554
-4527
-4498
-4466
-4433
-4397
-4359
-4320
-4278
-4235
-4190
-4143
-4094
-4043
-3990
-3936
-3880
-3822
-3763
-3702
-3640
-3576
-3510
-3443
-3375
-3305
-3234
-3162
-3089
-3014
-2938
-2861
-2783
-2704
-2624
-2543
-2461
-2379
-2295
-2211
-2126
-2040
-1954
-1868
-1780
-1693
-1604
-1516
-1427
-1338
-1249
-1159
-1070
-980
-890
-801
-711
-621
-532
-443
-354
-265
-177
-89
-2
84
171
256
342
426
510
593
676
757
838
918
996
1074
1151
1227
1301
1375
1447
1518
1588
1657
1724
1790
1854
1917
1979
2039
2098
2155
2211
2265
2317
2368
2417
2465
2510
2555
2597
2638
2676
2713
2749
2782
2814
2844
2872
2898
2922
2944
2965
2984
3000
3015
3028
3039
3048
3056
3061
3064
3066
3066
3064
3059
3054
3046
3036
3025
3012
2996
2980
2961
2941
2918
2894
2869
2842
2813
2782
2750
2716
2680
2643
2605
2565
2523
2480
2436
2390
2343
2295
2245
2194
2142
2088
2034
1978
1921
1863
1804
1744
1683
1622
1559
1496
1431
1366
1301
1234
1167
1100
1032
963
894
824
754
684
614
543
472
401
329
258
187
115
44
-26
-97
-168
-239
-309
-379
-449
-518
-587
-655
-723
-791
-857
-923
-989
-1053
-1117
-1180
-1242
-1304
-1364
-1424
-1482
-1540
-1596
-1651
-1706
-1759
-1810
-1861
-1910
-1959
-2005
-2051
-2095
-2137
-2178
-2218
-2256
-2293
-2328
-2362
-2394
-2425
-2454
-2481
-2507
-2530
-2553
-2573
-2592
-2609
-2625
-2638
-2650
-2660
-2669
-2675
-2680
-2683
-2684
-2683
-2681
-2677
-2671
-2663
-2653
-2642
-2628
-2613
-2596
-2578
-2557
-2535
-2511
-2486
-2458
-2429
-2398
-2366
-2331
-2295
-2258
-2219
-2178
-2136
-2092
-2046
-1999
-1951
-1901
-1850
-1797
-1743
-1687
-1631
-1572
-1513
-1452
-1391
-1328
-1263
-1198
-1132
-1064
-996
-927
-856
-785
-713
-641
-567
-493
-418
-342
-266
-189
-112
-34
43
122
201
280
360
439
519
599
679
760
840
920
1000
1080
1159
1239
1318
1397
1475
1553
1631
1708
1784
1860
1936
2010
2084
2157
2229
2301
2371
2441
2510
2577
2644
2709
2773
2836
2898
2959
3018
3076
3133
3188
3242
3294
3344
3394
3441
3487
3532
3574
3615
3655
3692
3728
3762
3794
3824
3852
3879
3903
3926
3946
3965
3982
3996
4009
4019
4028
4034
4039
4041
4041
4039
4035
4029
4020
4010
3997
3983
3966
3947
3925
3902
3877
3849
3820
3788
3754
3718
3680
3640
3598
3554
3507
3459
3409
3357
3303
3247
3189
3129
3067
3003
2938
2871
2802
2731
2659
2584
2509
2431
2352
2272
2190
2106
2021
1935
1847
1758
1668
1576
1483
1389
1294
1198
1100
1002
903
803
702
600
497
394
290
185
80
-25
-131
-237
-344
-452
-559
-667
-775
-883
-992
-1100
-1208
-1316
-1424
-1532
-1639
-1747
-1853
-1960
-2066
-2172
-2277
-2381
-2485
-2588
-2690
-2791
-2892
-2992
-3090
-3188
-3284
-3380
-3474
-3567
-3659
-3750
-3839
-3927
-4013
-4098
-4181
-4263
-4343
-4422
-4499
-4574
-4647
-4718
-4788
-4856
-4921
-4985
-5047
-5107
-5164
-5220
-5273
-5324
-5373
-5420
-5464
-5507
-5547
-5584
-5619
-5652
-5682
-5710
-5736
-5759
-5780
-5798
-5813
-5826
-5837
-5845
-5850
-5853
-5853
-5851
-5846
-5838
-5828
-5815
-5800
-5782
-5761
-5738
-5712
-5684
-5653
-5620
-5583
-5545
-5504
-5460
-5414
-5365
-5314
-5260
-5204
-5146
-5085
-5021
-4955
-4887
-4817
-4744
-4669
-4592
-4513
-4431
-4348
-4262
-4174
-4084
-3992
-3898
-3803
-3705
-3606
-3504
-3401
-3296
-3190
-3082
-2972
-2861
-2748
-2634
-2518
-2401
-2283
-2163
-2042
-1920
-1797
-1673
-1548
-1422
-1295
-1167
-1039
-910
-780
-649
-518
-387
-255
-122
10
143
276
409
543
676
810
943
1076
1209
1342
1475
1607
1738
1870
2000
2130
2260
2388
2516
2643
2769
2894
3018
3141
3263
3384
3504
3622
3739
3855
3969
4081
4192
4302
4410
4516
4620
4723
4824
4923
5020
5115
5208
5298
5387
5474
5559
5641
5721
5799
5874
5947
6018
6086
6152
6215
6276
6334
6390
6443
6493
6541
6586
6629
6668
6705
6739
6771
6800
6825
6848
6869
6886
6900
6912
6921
6927
6930
6930
6927
6922
6913
6902
6887
6870
6850
6828
6802
6773
6742
6708
6671
6631
6589
6544
6496
6445
6392
6336
6277
6216
6152
6085
6016
5945
5871
5794
5715
5634
5551
5465
5376
5286
5193
5098
5001
4902
4801
4698
4593
4486
4377
4267
4154
4040
3925
3807
3688
3568
3446
3322
3198
3071
2944
2816
2686
2555
2423
2291
2157
2022
1887
1751
1614
1477
1339
1200
1061
922
782
642
502
362
221
81
-59
-199
-339
-479
-619
-758
-897
-1036
-1174
-1311
-1448
-1584
-1720
-1855
-1988
-2121
-2253
-2384
-2514
-2643
-2771
-2897
-3022
-3146
-3268
-3389
-3508
-3626
-3742
-3857
-3970
-4081
-4190
-4298
-4404
-4507
-4609
-4709
-4807
-4902
-4996
-5087
-5177
-5264
-5348
-5431
-5511
-5589
-5664
-5737
-5808
-5876
-5941
-6004
-6065
-6122
-6178
-6230
-6280
-6328
-6373
-6415
-6454
-6491
-6524
-6556
-6584
-6610
-6633
-6653
-6670
-6685
-6696
-6705
-6712
-6715
-6716
-6714
-6709
-6702
-6691
-6678
-6662
-6644
-6623
-6599
-6572
-6543
-6511
-6477
-6440
-6400
-6358
-6313
-6266
-6216
-6164
-6109
-6052
-5993
-5931
-5867
-5800
-5732
-5661
-5588
-5513
-5435
-5356
-5275
-5191
-5106
-5019
-4929
-4838
-4746
-4651
-4555
-4457
-4358
-4257
-4154
-4050
-3945
-3838
-3730
-3621
-3510
-3399
-3286
-3172
-3057
-2941
-2825
-2707
-2589
-2469
-2350
-2229
-2108
-1987
-1865
-1742
-1619
-1496
-1373
-1249
-1126
-1002
-878
-754
-630
-507
-383
-260
-137
-14
107
228
350
470
591
710
829
947
1064
1180
1296
1410
1524
1636
1748
1858
1967
2075
2181
2287
2390
2493
2594
2694
2792
2888
2983
3077
3168
3258
3346
3433
3517
3600
3681
3760
3837
3913
3986
4057
4126
4193
4259
4322
4382
4441
4498
4552
4604
4654
4702
4748
4791
4832
4871
4908
4942
4974
5004
5031
5056
5079
5100
5118
5134
5148
5159
5168
5175
5179
5181
5181
5179
5175
5168
5159
5148
5134
5119
5101
5081
5059
5035
5009
4981
4950
4918
4884
4848
4809
4769
4727
4684
4638
4590
4541
4490
4438
4383
4327
4270
4210
4150
4087
4024
3959
3892
3824
3755
3685
3613
3540
3466
3391
3315
3238
3159
3080
3000
2919
2838
2755
2672
2588
2503
2418
2332
2246
2160
2072
1985
1897
1809
1721
1632
1544
1455
1366
1277
1188
1099
1011
922
834
746
658
570
483
397
310
225
139
55
-28
-112
-195
-277
-358
-438
-518
-597
-675
-751
-827
-902
-976
-1049
-1121
-1191
-1261
-1329
-1396
-1462
-1527
-1590
-1652
-1712
-1772
-1829
-1886
-1941
-1994
-2046
-2097
-2146
-2193
-2239
-2284
-2327
-2368
-2408
-2446
-2482
-2517
-2550
-2582
-2611
-2640
-2666
-2691
-2714
-2736
-2756
-2774
-2791
-2806
-2819
-2830
-2840
-2848
-2855
-2860
-2863
-2865
-2865
-2864
-2860
-2856
-2849
-2842
-2832
-2821
-2809
-2795
-2780
-2763
-2745
-2725
-2704
-2681
-2658
-2632
-2606
-2578
-2549
-2519
-2488
-2455
-2421
-2386
-2350
-2313
-2275
-2236
-2196
-2155
-2113
-2070
-2026
-1982
-1936
-1890
-1844
-1796
-1748
-1699
-1650
-1600
-1549
-1498
-1447
-1395
-1343
-1290
-1237
-1184
-1131
-1077
-1023
-969
-915
-861
-807
-753
-699
-645
-591
-538
-484
-431
-378
-325
-273
-220
-169
-117
-67
-16
33
82
131
179
226
273
319
364
409
453
496
538
580
620
660
698
736
773
808
843
877
909
941
971
1001
1029
1056
1082
1106
1130
1152
1173
1193
1211
1228
1244
1259
1273
1285
1296
1305
1313
1320
1326
1330
1333
1335
1335
1334
1332
1328
1324
1317
1310
1301
1291
1280
1267
1253
1238
1221
1204
1185
1165
1144
1121
1098
1073
1047
1020
992
963
933
902
869
836
802
767
731
694
656
617
578
537
496
455
412
369
325
281
235
190
144
97
50
2
-45
-93
-142
-191
-240
-290
-340
-390
-440
-490
-541
-591
-641
-692
-742
-792
-842
-892
-942
-992
-1041
-1090
-1138
-1187
-1234
-1282
-1329
-1375
-1421
-1466
-1511
-1555
-1599
-1641
-1683
-1724
-1765
-1804
-1843
-1881
-1918
-1954
-1989
-2023
-2056
-2088
-2119
-2149
-2177
-2205
-2231
-2256
-2280
-2303
-2324
-2344
-2363
-2380
-2396
-2411
-2424
-2436
-2447
-2456
-2463
-2469
-2474
-2477
-2479
-2479
-2478
-2475
-2471
-2465
-2457
-2448
-2437
-2425
-2412
-2396
-2379
-2361
-2341
-2319
-2296
-2272
-2245
-2218
-2188
-2157
-2125
-2091
-2056
-2019
-1980
-1941
-1899
-1856
-1812
-1766
-1719
-1671
-1621
-1570
-1517
-1463
-1408
-1352
-1294
-1235
-1175
-1114
-1052
-988
-924
-858
-791
-724
-655
-585
-515
-443
-371
-298
-224
-149
-74
1
78
155
233
311
390
470
549
630
710
791
872
953
1035
1117
1198
1280
1362
1444
1526
1608
1689
1770
1852
1932
2013
2093
2173
2252
2331
2410
2488
2565
2641
2717
2792
2867
2940
3013
3085
3156
3226
3295
3363
3429
3495
3560
3623
3685
3746
3805
3864
3920
3976
4030
4082
4133
4182
4230
4277
4321
4364
4405
4445
4482
4518
4553
4585
4615
4644
4671
4696
4718
4739
4758
4775
4790
4803
4814
4823
4829
4834
4837
4837
4835
4832
4826
4817
4807
4795
4780
4764
4745
4724
4700
4675
4648
4618
4586
4552
4516
4478
4437
4395
4350
4304
4255
4204
4151
4096
4040
3981
3920
3857
3792
3725
3657
3586
3514
3440
3364
3286
3207
3125
3042
2958
2872
2784
2695
2604
2511
2418
2322
2226
2128
2029
1928
1826
1723
1619
1514
1408
1301
1192
1083
973
862
751
638
525
411
297
182
66
-49
-165
-282
-399
-516
-633
-751
-869
-987
-1105
-1223
-1340
-1458
-1575
-1692
-1809
-1926
-2042
-2158
-2273
-2387
-2501
-2615
-2728
-2839
-2951
-3061
-3170
-3279
-3386
-3492
-3598
-3702
-3805
-3906
-4007
-4106
-4204
-4300
-4395
-4488
-4580
-4670
-4758
-4845
-4930
-5014
-5095
-5175
-5253
-5329
-5403
-5475
-5545
-5612
-5678
-5742
-5803
-5863
-5920
-5975
-6027
-6078
-6126
-6171
-6215
-6255
-6294
-6330
-6363
-6395
-6423
-6449
-6473
-6494
-6512
-6528
-6541
-6552
-6560
-6566
-6569
-6569
-6566
-6561
-6554
-6544
-6531
-6515
-6497
-6476
-6453
-6427
-6398
-6367
-6333
-6297
-6258
-6216
-6172
-6126
-6076
-6025
-5971
-5914
-5855
-5794
-5730
-5664
-5595
-5524
-5451
-5376
-5298
-5218
-5136
-5052
-4966
-4878
-4787
-4695
-4600
-4504
-4406
-4305
-4203
-4100
-3994
-3887
-3778
-3668
-3556
-3442
-3327
-3210
-3093
-2973
-2853
-2731
-2608
-2484
-2359
-2233
-2105
-1977
-1848
-1718
-1588
-1456
-1324
-1191
-1058
-924
-790
-655
-520
-385
-249
-114
21
157
293
429
565
701
836
971
1106
1241
1375
1508
1641
1774
1906
2037
2167
2297
2426
2553
2680
2806
2931
3054
3177
3298
3418
3537
3654
3770
3884
3997
4109
4218
4326
4433
4537
4640
4741
4841
4938
5033
5127
5218
5307
5394
5480
5563
5643
5722
5798
5872
5944
6013
6080
6145
6207
6267
6324
6379
6431
6481
6528
6572
6614
6654
6691
6725
6756
6785
6812
6835
6856
6874
6890
6902
6913
6920
6925
6927
6926
6923
6917
6908
6896
6882
6866
6846
6824
6799
6772
6742
6710
6675
6637
6597
6554
6509
6461
6411
6358
6303
6246
6186
6124
6060
5993
5924
5853
5780
5704
5627
5547
5465
5382
5296
5208
5119
5028
4935
4840
4743
4645
4545
4443
4340
4235
4129
4021
3912
3802
3691
3578
3464
3349
3232
3115
2997
2878
2758
2637
2515
2392
2269
2146
2021
1896
1771
1645
1519
1392
1266
1139
1011
884
757
630
502
375
248
121
-4
-131
-257
-382
-507
-632
-756
-879
-1002
-1124
-1245
-1366
-1486
-1604
-1722
-1839
-1955
-2070
-2183
-2296
-2407
-2517
-2626
-2733
-2839
-2944
-3047
-3149
-3249
-3347
-3444
-3540
-3633
-3725
-3816
-3904
-3991
-4075
-4158
-4240
-4319
-4396
-4471
-4544
-4616
-4685
-4752
-4817
-4880
-4941
-4999
-5056
-5110
-5162
-5212
-5260
-5306
-5349
-5390
-5429
-5465
-5499
-5531
-5561
-5588
-5613
-5636
-5657
-5675
-5691
-5704
-5715
-5724
-5731
-5735
-5738
-5738
-5735
-5731
-5724
-5715
-5703
-5690
-5674
-5656
-5636
-5614
-5590
-5564
-5535
-5505
-5473
-5438
-5402
-5363
-5323
-5281
-5236
-5190
-5142
-5093
-5041
-4988
-4933
-4877
-4818
-4759
-4697
-4634
-4570
-4503
-4436
-4367
-4297
-4225
-4152
-4078
-4003
-3926
-3848
-3770
-3690
-3609
-3527
-3444
-3360
-3275
-3190
-3103
-3016
-2928
-2840
-2751
-2661
-2571
-2480
-2389
-2297
-2205
-2113
-2021
-1928
-1835
-1741
-1648
-1555
-1461
-1368
-1274
-1181
-1088
-995
-902
-809
-717
-625
-533
-442
-351
-261
-171
-82
6
94
182
268
354
440
524
608
691
773
854
934
1013
1091
1168
1244
1319
1393
1465
1537
1607
1676
1744
1810
1876
1940
2002
2064
2124
2182
2240
2295
2350
2403
2454
2504
2553
2600
2645
2689
2732
2773
2812
2850
2886
2921
2954
2986
3016
3045
3072
3097
3121
3143
3164
3183
3201
3217
3231
3244
3256
3266
3274
3281
3286
3290
3292
3293
3293
3291
3287
3283
3276
3269
3260
3250
3238
3225
3211
3195
3178
3160
3141
3121
3099
3076
3053
3028
3002
2974
2946
2917
2887
2856
2824
2791
2757
2723
2687
2651
2614
2576
2538
2498
2459
2418
2377
2335
2293
2251
2207
2164
2120
2075
2031
1986
1940
1894
1848
1802
1756
1709
1663
1616
1569
1522
1476
1429
1382
1335
1289
1242
1196
1150
1104
1058
1012
967
922
878
833
789
746
703
660
618
577
536
495
455
416
377
339
301
264
228
192
157
123
90
57
25
-5
-36
-65
-94
-122
-149
-175
-201
-225
-249
-272
-294
-315
-335
-354
-373
-390
-407
-422
-437
-451
-464
-476
-487
-497
-506
-515
-522
-529
-535
-539
-543
-546
-549
-550
-550
-550
-549
-547
-544
-541
-536
-531
-525
-518
-511
-503
-494
-484
-474
-463
-452
-440
-427
-413
-399
-385
-370
-354
-338
-322
-305
-287
-270
-251
-233
-214
-194
-175
-155
-135
-114
-94
-73
-52
-31
-9
11
32
54
76
97
119
140
162
183
204
225
246
267
288
308
328
348
368
387
406
424
443
460
478
495
511
527
543
558
572
586
599
612
624
635
646
656
665
674
682
689
696
701
706
710
714
716
718
719
719
718
716
714
710
706
701
695
688
680
671
661
650
639
626
612
598
583
566
549
531
512
492
471
449
426
402
377
352
325
298
270
241
211
180
149
116
83
49
14
-20
-57
-94
-132
-170
-209
-249
-290
-331
-373
-415
-458
-501
-545
-590
-635
-681
-727
-773
-820
-867
-915
-963
-1011
-1059
-1108
-1157
-1206
-1255
-1305
-1354
-1404
-1454
-1504
-1554
-1603
-1653
-1703
-1752
-1802
-1851
-1900
-1949
-1997
-2046
-2094
-2141
-2189
-2236
-2282
-2328
-2374
-2419
-2463
-2507
-2550
-2593
-2635
-2676
-2717
-2757
-2796
-2834
-2871
-2908
-2944
-2978
-3012
-3045
-3077
-3108
-3138
-3166
-3194
-3221
-3246
-3270
-3293
-3315
-3336
-3355
-3373
-3390
-3406
-3420
-3433
-3444
-3455
-3463
-3471
-3477
-3481
-3484
-3486
-3486
-3484
-3481
-3477
-3471
-3464
-3455
-3444
-3432
-3418
-3403
-3386
-3368
-3348
-3326
-3303
-3278
-3252
-3224
-3195
-3163
-3131
-3097
-3061
-3023
-2984
-2944
-2902
-2858
-2813
-2767
-2719
-2669
-2618
-2565
-2511
-2456
-2399
-2341
-2281
-2220
-2157
-2094
-2029
-1962
-1894
-1825
-1755
-1684
-1611
-1538
-1463
-1387
-1310
-1232
-1152
-1072
-991
-909
-826
-742
-658
-572
-486
-399
-311
-223
-133
-44
46
136
228
320
412
504
597
691
784
878
972
1066
1161
1255
1350
1444
1539
1633
1727
1821
1915
2009
2102
2196
2288
2381
2472
2564
2655
2745
2835
2924
3012
3100
3187
3273
3358
3442
3526
3608
3690
3770
3850
3928
4005
4081
4156
4229
4301
4372
4441
4509
4576
4641
4705
4767
4827
4886
4943
4999
5053
5105
5155
5204
5251
5296
5339
5381
5420
5457
5493
5527
5558
5588
5615
5641
5664
5686
5705
5722
5737
5750
5761
5769
5776
5780
5782
5782
5779
5775
5768
5759
5748
5734
5718
5700
5680
5658
5633
5606
5577
5546
5512
5476
5438
5398
5356
5311
5265
5216
5165
5112
5057
5000
4941
4879
4816
4751
4683
4614
4543
4470
4395
4318
4239
4159
4076
3992
3906
3819
3730
3639
3546
3452
3357
3260
3161
3061
2960
2857
2754
2648
2542
2434
2325
2215
2104
1992
1879
1765
1650
1534
1417
1300
1182
1063
943
823
703
582
460
338
216
93
-29
-152
-275
-399
-522
-646
-769
-892
-1016
-1139
-1262
-1384
-1507
-1629
-1750
-1871
-1992
-2112
-2231
-2350
-2468
-2585
-2701
-2817
-2932
-3045
-3158
-3270
-3380
-3490
-3598
-3706
-3811
-3916
-4019
-4121
-4222
-4321
-4418
-4514
-4609
-4702
-4793
-4882
-4970
-5056
-5140
-5223
-5303
-5382
-5458
-5533
-5606
-5676
-5745
-5811
-5876
-5938
-5998
-6056
-6112
-6165
-6217
-6266
-6312
-6357
-6399
-6438
-6476
-6511
-6543
-6573
-6601
-6626
-6649
-6670
-6687
-6703
-6716
-6726
-6734
-6740
-6743
-6743
-6741
-6737
-6730
-6720
-6709
-6694
-6677
-6658
-6636
-6612
-6585
-6556
-6524
-6490
-6454
-6415
-6374
-6330
-6284
-6236
-6186
-6133
-6078
-6021
-5961
-5900
-5836
-5770
-5702
-5632
-5560
-5486
-5409
-5331
-5251
-5169
-5085
-5000
-4912
-4823
-4732
-4639
-4545
-4449
-4351
-4252
-4151
-4049
-3946
-3841
-3735
-3627
-3518
-3408
-3297
-3185
-3071
-2957
-2841
-2725
-2608
-2489
-2370
-2251
-2130
-2009
-1887
-1765
-1642
-1519
-1395
-1271
-1147
-1022
-897
-772
-646
-521
-396
-270
-145
-20
105
229
354
479
603
726
849
972
1094
1216
1337
1457
1577
1696
1814
1931
2047
2163
2277
2391
2503
2614
2724
2833
2941
3047
3152
3256
3359
3459
3559
3657
3754
3849
3942
4034
4124
4212
4299
4384
4467
4548
4628
4706
4781
4855
4927
4997
5065
5131
5195
5257
5317
5375
5431
5484
5536
5585
5633
5678
5720
5761
5800
5836
5870
5902
5931
5959
5984
6007
6027
6046
6062
6076
6087
6097
6104
6109
6111
6112
6110
6106
6100
6091
6080
6068
6053
6036
6016
5995
5971
5946
5918
5888
5857
5823
5787
5749
5709
5668
5624
5578
5531
5482
5431
5378
5323
5267
5209
5149
5088
5025
4960
4894
4826
4757
4686
4614
4541
4466
4389
4312
4233
4153
4072
3990
3906
3822
3736
3649
3562
3473
3384
3294
3203
3111
3018
2925
2831
2737
2641
2546
2450
2353
2256
2158
2061
1963
1864
1766
1667
1568
1469
1370
1271
1172
1073
974
875
776
678
580
482
384
287
190
94
-1
-97
-192
-286
-380
-473
-566
-657
-749
-839
-928
-1017
-1105
-1192
-1278
-1363
-1447
-1531
-1613
-1694
-1774
-1853
-1931
-2007
-2083
-2157
-2230
-2302
-2373
-2442
-2510
-2576
-2642
-2706
-2768
-2830
-2890
-2948
-3005
-3061
-3115
-3167
-3218
-3268
-3316
-3363
-3408
-3452
-3494
-3534
-3573
-3611
-3647
-3681
-3714
-3745
-3775
-3803
-3830
-3855
-3878
-3900
-3920
-3939
-3957
-3972
-3986
-3999
-4010
-4020
-4028
-4035
-4040
-4043
-4046
-4046
-4046
-4043
-4040
-4035
-4029
-4021
-4012
-4001
-3990
-3976
-3962
-3946
-3929
-3911
-3892
-3871
-3849
-3826
-3802
-3777
-3751
-3723
-3695
-3665
-3635
-3603
-3570
-3537
-3502
-3467
-3431
-3394
-3356
-3317
-3278
-3237
-3196
-3155
-3112
-3069
-3025
-2981
-2936
-2891
-2845
-2798
-2751
-2704
-2656
-2608
-2559
-2510
-2461
-2411
-2361
-2311
-2261
-2210
-2159
-2108
-2057
-2006
-1955
-1903
-1852
-1801
-1749
-1698
-1647
-1595
-1544
-1493
-1442
-1392
-1341
-1291
-1241
-1191
-1141
-1092
-1043
-994
-946
-898
-851
-803
-756
-710
-664
-619
-574
-529
-485
-441
-398
-356
-314
-272
-231
-191
-151
-112
-74
-36
0
37
73
108
143
177
211
243
275
307
337
367
397
425
453
481
507
533
559
583
607
630
653
674
696
716
736
755
773
791
808
825
841
856
871
885
898
911
923
935
946
956
966
976
985
993
1001
1008
1015
1021
1027
1033
1038
1042
1046
1050
1053
1056
1059
1061
1063
1064
1066
1067
1067
1068
1068
1068
1067
1067
1066
1065
1064
1062
1061
1059
1057
1056
1054
1052
1050
1048
1045
1043
1041
1039
1037
1035
1032
1030
1028
1027
1025
1023
1021
1020
1019
1017
1016
1016
1015
1014
1014
1014
1014
1015
1015
1016
1017
1018
1020
1022
1024
1026
1029
1032
1035
1039
1043
1047
1052
1056
1062
1067
1073
1079
1085
1092
1099
1107
1115
1123
1131
1140
1149
1158
1168
1178
1188
1199
1210
1221
1233
1245
1257
1269
1282
1295
1308
1321
1335
1349
1363
1377
1392
1406
1421
1436
1452
1467
1483
1498
1514
1530
1546
1562
1578
1594
1610
1627
1643
1659
1675
1692
1708
1724
1740
1756
1772
1787
1803
1818
1833
1849
1863
1878
1892
1907
1920
1934
1947
1960
1973
1985
1997
2009
2020
2031
2041
2051
2060
2069
2078
2086
2093
2100
2106
2112
2117
2122
2126
2129
2132
2134
2135
2136
2136
2135
2133
2131
2128
2124
2120
2114
2108
2101
2094
2085
2076
2065
2054
2042
2029
2016
2001
1985
1969
1952
1933
1914
1894
1873
1851
1828
1804
1779
1754
1727
1699
1671
1641
1611
1579
1547
1514
1480
1444
1408
1371
1333
1294
1255
1214
1172
1130
1086
1042
997
951
904
857
808
759
709
658
606
554
500
446
392
336
280
224
166
108
50
-9
-69
-129
-190
-251
-313
-376
-439
-502
-566
-630
-695
-760
-825
-890
-956
-1022
-1089
-1155
-1222
-1289
-1356
-1423
-1490
-1557
-1624
-1692
-1759
-1826
-1893
-1960
-2027
-2093
-2160
-2226
-2292
-2358
-2423
-2488
-2553
-2617
-2681
-2744
-2807
-2869
-2931
-2992
-3053
-3113
-3172
-3231
-3289
-3346
-3403
-3458
-3513
-3567
-3620
-3672
-3724
-3774
-3823
-3871
-3919
-3965
-4010
-4054
-4097
-4138
-4179
-4218
-4256
-4293
-4328
-4362
-4395
-4427
-4457
-4486
-4513
-4539
-4563
-4586
-4608
-4628
-4647
-4664
-4679
-4693
-4705
-4716
-4725
-4733
-4738
-4743
-4745
-4746
-4746
-4743
-4739
-4733
-4726
-4717
-4706
-4693
-4679
-4663
-4645
-4626
-4604
-4581
-4557
-4530
-4502
-4472
-4441
-4408
-4373
-4336
-4298
-4257
-4216
-4172
-4127
-4080
-4032
-3982
-3930
-3877
-3822
-3766
-3707
-3648
-3587
-3524
-3460
-3394
-3327
-3258
-3188
-3117
-3044
-2970
-2894
-2818
-2739
-2660
-2579
-2497
-2414
-2330
-2245
-2158
-2070
-1982
-1892
-1801
-1710
-1617
-1524
-1429
-1334
-1238
-1141
-1044
-946
-847
-747
-647
-546
-445
-344
-241
-139
-36
66
170
274
378
482
587
691
796
901
1005
1110
1215
1319
1423
1527
1631
1735
1838
1941
2043
2145
2247
2348
2448
2548
2648
2746
2844
2941
3038
3133
3228
3322
3414
3506
3597
3687
3776
3863
3950
4035
4119
4202
4283
4364
4442
4520
4596
4671
4744
4815
4885
4954
5021
5086
5150
5211
5272
5330
5387
5442
5495
5546
5596
5643
5689
5733
5775
5815
5852
5888
5922
5954
5984
6012
6038
6062
6083
6103
6120
6135
6149
6160
6168
6175
6180
6182
6183
6181
6177
6170
6162
6151
6139
6124
6107
6088
6066
6043
6017
5989
5959
5927
5893
5857
5819
5778
5736
5692
5645
5597
5546
5493
5439
5383
5324
5264
5202
5138
5072
5004
4935
4864
4791
4716
4639
4561
4482
4400
4317
4233
4147
4060
3971
3880
3788
3695
3601
3505
3408
3310
3210
3110
3008
2905
2801
2697
2591
2484
2376
2268
2159
2049
1938
1826
1714
1601
1488
1374
1260
1145
1030
915
799
683
566
450
333
216
99
-16
-133
-250
-367
-483
-600
-716
-832
-947
-1062
-1177
-1291
-1405
-1518
-1631
-1743
-1855
-1965
-2075
-2185
-2293
-2401
-2507
-2613
-2718
-2822
-2925
-3026
-3127
-3226
-3325
-3422
-3518
-3612
-3705
-3797
-3888
-3977
-4064
-4150
-4235
-4318
-4400
-4480
-4558
-4635
-4710
-4783
-4855
-4925
-4993
-5059
-5124
-5186
-5247
-5306
-5363
-5418
-5472
-5523
-5572
-5619
-5665
-5708
-5750
-5789
-5826
-5861
-5894
-5926
-5955
-5982
-6006
-6029
-6050
-6068
-6085
-6099
-6111
-6121
-6129
-6135
-6139
-6141
-6140
-6138
-6133
-6126
-6117
-6107
-6094
-6079
-6062
-6042
-6021
-5998
-5973
-5946
-5917
-5886
-5853
-5818
-5781
-5742
-5701
-5659
-5614
-5568
-5520
-5470
-5419
-5366
-5311
-5254
-5196
-5136
-5074
-5011
-4946
-4880
-4812
-4743
-4672
-4600
-4527
-4452
-4376
-4298
-4220
-4140
-4058
-3976
-3893
-3808
-3722
-3636
-3548
-3459
-3370
-3279
-3188
-3096
-3003
-2909
-2814
-2719
-2623
-2527
-2430
-2333
-2234
-2136
-2037
-1938
-1838
-1738
-1638
-1537
-1436
-1335
-1234
-1133
-1032
-931
-829
-728
-627
-526
-425
-324
-224
-124
-24
75
174
273
371
469
567
664
760
856
951
1046
1140
1233
1325
1417
1507
1597
1686
1775
1862
1948
2034
2118
2201
2284
2365
2445
2524
2602
2679
2754
2829
2902
2974
3044
3113
3181
3248
3313
3377
3440
3501
3561
3619
3676
3732
3786
3838
3889
3939
3987
4034
4079
4122
4164
4205
4243
4281
4317
4351
4383
4414
4444
4472
4498
4523
4546
4568
4588
4606
4623
4639
4652
4665
4675
4684
4692
4698
4702
4705
4707
4707
4705
4702
4698
4692
4684
4675
4665
4653
4640
4626
4610
4592
4574
4554
4532
4510
4486
4461
4434
4407
4378
4348
4317
4284
4251
4216
4180
4143
4105
4066
4026
3985
3943
3900
3857
3812
3766
3720
3672
3624
3575
3525
3475
3423
3371
3318
3265
3211
3156
3101
3045
2989
2932
2875
2817
2759
2700
2641
2581
2522
2461
2401
2340
2279
2218
2156
2094
2032
1970
1908
1846
1783
1721
1658
1596
1533
1471
1408
1346
1284
1221
1159
1097
1035
974
912
851
790
729
669
609
549
489
430
371
313
254
197
139
82
26
-29
-85
-140
-194
-248
-302
-355
-407
-459
-511
-562
-612
-661
-710
-759
-807
-854
-900
-946
-992
-1036
-1080
-1124
-1166
-1208
-1250
-1290
-1330
-1369
-1408
-1446
-1483
-1520
-1555
-1590
-1625
-1658
-1691
-1724
-1755
-1786
-1816
-1846
-1874
-1902
-1930
-1956
-1982
-2008
-2032
-2056
-2079
-2102
-2124
-2145
-2165
-2185
-2204
-2223
-2241
-2258
-2275
-2291
-2306
-2321
-2335
-2349
-2362
-2374
-2386
-2397
-2408
-2418
-2427
-2436
-2445
-2452
-2460
-2467
-2473
-2479
-2484
-2489
-2493
-2497
-2501
-2504
-2506
-2508
-2510
-2511
-2512
-2513
-2513
-2512
-2512
-2511
-2509
-2507
-2505
-2503
-2500
-2497
-2493
-2489
-2485
-2481
-2476
-2471
-2466
-2460
-2455
-2449
-2442
-2436
-2429
-2422
-2415
-2407
-2400
-2392
-2384
-2375
-2367
-2358
-2349
-2340
-2331
-2322
-2312
-2302
-2293
-2283
-2272
-2262
-2251
-2241
-2230
-2219
-2208
-2197
-2185
-2174
-2162
-2151
-2139
-2127
-2115
-2102
-2090
-2077
-2065
-2052
-2039
-2026
-2013
-1999
-1986
-1972
-1959
-1945
-1931
-1917
-1902
-1888
-1873
-1859
-1844
-1829
-1813
-1798
-1783
-1767
-1751
-1735
-1719
-1702
-1686
-1669
-1652
-1635
-1618
-1600
-1582
-1564
-1546
-1528
-1509
-1490
-1471
-1452
-1432
-1412
-1392
-1372
-1351
-1331
-1310
-1288
-1267
-1245
-1222
-1200
-1177
-1154
-1131
-1107
-1083
-1059
-1034
-1010
-984
-959
-933
-907
-880
-854
-826
-799
-771
-743
-714
-686
-656
-627
-597
-567
-536
-505
-474
-443
-411
-378
-346
-313
-279
-246
-212
-177
-143
-108
-72
-37
-1
35
71
108
146
183
221
259
298
336
376
415
454
494
534
575
616
656
697
739
780
822
864
906
949
991
1034
1076
1119
1163
1206
1249
1292
1336
1379
1423
1467
1511
1554
1598
1642
1686
1729
1773
1817
1860
1904
1947
1990
2033
2076
2119
2162
2205
2247
2289
2331
2372
2414
2455
2496
2536
2576
2616
2656
2695
2733
2772
2809
2847
2884
2920
2956
2992
3027
3061
3095
3128
3161
3193
3224
3255
3285
3315
3344
3372
3399
3426
3451
3477
3501
3524
3547
3569
3590
3610
3629
3648
3665
3682
3698
3712
3726
3739
3751
3761
3771
3780
3788
3794
3800
3805
3808
3811
3812
3812
3811
3809
3806
3802
3797
3790
3782
3774
3764
3752
3740
3726
3712
3696
3679
3660
3641
3620
3598
3575
3551
3525
3498
3470
3441
3411
3379
3346
3312
3277
3241
3203
3164
3124
3083
3041
2998
2953
2907
2861
2813
2764
2713
2662
2610
2556
2502
2446
2390
2332
2274
2214
2153
2092
2029
1966
1901
1836
1770
1703
1635
1566
1497
1426
1355
1283
1211
1137
1063
989
913
837
761
684
606
528
449
369
290
210
129
48
-32
-114
-196
-278
-361
-443
-526
-610
-693
-776
-860
-943
-1027
-1110
-1194
-1278
-1361
-1444
-1528
-1611
-1693
-1776
-1858
-1940
-2022
-2104
-2185
-2265
-2346
-2425
-2505
-2584
-2662
-2739
-2816
-2893
-2969
-3044
-3118
-3192
-3265
-3337
-3408
-3478
-3548
-3616
-3684
-3751
-3816
-3881
-3945
-4007
-4069
-4129
-4188
-4246
-4303
-4359
-4413
-4466
-4518
-4569
-4618
-4666
-4713
-4758
-4801
-4844
-4885
-4924
-4962
-4999
-5033
-5067
-5099
-5129
-5158
-5185
-5210
-5234
-5257
-5277
-5296
-5314
-5329
-5343
-5356
-5366
-5375
-5382
-5387
-5391
-5393
-5393
-5392
-5388
-5383
-5377
-5368
-5358
-5346
-5332
-5316
-5299
-5280
-5259
-5236
-5212
-5186
-5158
-5128
-5097
-5064
-5029
-4993
-4955
-4915
-4873
-4830
-4786
-4739
-4691
-4641
-4590
-4537
-4483
-4427
-4370
-4311
-4250
-4188
-4125
-4060
-3994
-3926
-3857
-3786
-3714
-3641
-3567
-3491
-3414
-3336
-3257
-3176
-3095
-3012
-2928
-2843
-2757
-2670
-2582
-2493
-2403
-2313
-2221
-2129
-2035
-1941
-1847
-1751
-1655
-1558
-1461
-1363
-1265
-1165
-1066
-966
-866
-765
-664
-562
-461
-359
-257
-154
-52
50
152
255
358
460
563
665
767
869
971
1073
1174
1275
1376
1476
1576
1676
1775
1873
1971
2068
2165
2261
2356
2451
2545
2638
2730
2821
2912
3001
3090
3178
3264
3350
3435
3518
3600
3682
3762
3840
3918
3994
4069
4143
4215
4286
4356
4424
4491
4556
4620
4683
4744
4803
4861
4917
4971
5024
5076
5126
5174
5220
5265
5308
5349
5388
5426
5462
5496
5528
5559
5588
5615
5640
5663
5685
5704
5722
5738
5752
5765
5775
5783
5790
5795
5798
5799
5798
5795
5790
5784
5776
5765
5753
5739
5724
5706
5687
5666
5643
5618
5591
5563
5533
5501
5467
5432
5395
5356
5316
5273
5230
5184
5137
5088
5038
4986
4933
4878
4822
4764
4705
4644
4582
4518
4453
4387
4319
4250
4180
4109
4036
3962
3887
3811
3733
3655
3575
3495
3413
3331
3247
3163
3077
2991
2904
2817
2728
2639
2549
2458
2367
2275
2182
2089
1996
1901
1807
1712
1617
1521
1425
1329
1232
1135
1038
941
844
746
649
551
454
356
259
162
65
-32
-128
-225
-321
-417
-513
-609
-704
-798
-892
-986
-1079
-1172
-1264
-1356
-1447
-1537
-1626
-1715
-1804
-1891
-1978
-2064
-2149
-2233
-2316
-2399
-2480
-2560
-2640
-2719
-2796
-2873
-2948
-3022
-3095
-3167
-3238
-3308
-3377
-3444
-3510
-3575
-3638
-3701
-3762
-3821
-3880
-3937
-3993
-4047
-4100
-4151
-4201
-4250
-4297
-4343
-4388
-4430
-4472
-4512
-4550
-4587
-4623
-4657
-4689
-4720
-4750
-4777
-4804
-4829
-4852
-4874
-4894
-4913
-4930
-4945
-4959
-4972
-4983
-4992
-5000
-5006
-5011
-5015
-5016
-5017
-5015
-5013
-5009
-5003
-4996
-4987
-4977
-4965
-4952
-4938
-4922
-4905
-4886
-4866
-4845
-4822
-4798
-4772
-4745
-4717
-4688
-4657
-4625
-4592
-4557
-4521
-4485
-4446
-4407
-4367
-4325
-4283
-4239
-4194
-4148
-4101
-4053
-4004
-3954
-3903
-3851
-3798
-3744
-3690
-3634
-3578
-3521
-3463
-3404
-3345
-3284
-3224
-3162
-3100
-3037
-2973
-2909
-2844
-2779
-2713
-2647
-2580
-2512
-2445
-2376
-2308
-2239
-2169
-2100
-2030
-1959
-1889
-1818
-1747
-1676
-1604
-1533
-1461
-1389
-1317
-1245
-1173
-1101
-1029
-957
-885
-813
-742
-670
-598
-527
-455
-384
-313
-242
-172
-102
-32
37
107
176
244
313
381
448
515
582
648
714
780
845
909
973
1036
1099
1161
1223
1284
1344
1404
1463
1521
1579
1637
1693
1749
1804
1858
1912
1965
2017
2069
2119
2169
2219
2267
2314
2361
2407
2452
2497
2540
2583
2625
2666
2706
2745
2784
2821
2858
2894
2929
2963
2996
3029
3060
3091
3120
3149
3177
3204
3230
3255
3280
3303
3326
3347
3368
3388
3407
3425
3442
3459
3474
3489
3502
3515
3527
3538
3549
3558
3566
3574
3581
3587
3592
3596
3600
3602
3604
3605
3605
3605
3603
3601
3598
3594
3590
3584
3578
3571
3564
3555
3546
3537
3526
3515
3503
3490
3477
3463
3448
3432
3416
3400
3382
3364
3346
3326
3306
3286
3265
3243
3221
3198
3174
3150
3126
3100
3075
3048
3022
2994
2967
2938
2910
2880
2850
2820
2790
2758
2727
2695
2662
2629
2596
2562
2528
2494
2459
2424
2388
2352
2316
2279
2242
2204
2167
2129
2090
2052
2013
1974
1934
1894
1854
1814
1773
1732
1691
1650
1609
1567
1525
1483
1440
1398
1355
1312
1269
1225
1182
1138
1095
1051
1007
963
918
874
829
785
740
695
650
605
560
515
470
424
379
334
288
243
197
152
106
61
15
-29
-75
-120
-166
-211
-256
-302
-347
-392
-438
-483
-528
-573
-618
-663
-707
-752
-797
-841
-885
-930
-974
-1018
-1061
-1105
-1149
-1192
-1235
-1278
-1321
-1363
-1406
-1448
-1490
-1532
-1573
-1615
-1656
-1697
-1737
-1778
-1818
-1858
-1897
-1936
-1975
-2014
-2052
-2091
-2128
-2166
-2203
-2239
-2276
-2312
-2348
-2383
-2418
-2452
-2486
-2520
-2553
-2586
-2619
-2651
-2682
-2714
-2744
-2774
-2804
-2834
-2862
-2891
-2918
-2946
-2972
-2999
-3024
-3050
-3074
-3098
-3122
-3145
-3167
-3189
-3210
-3231
-3251
-3270
-3289
-3307
-3324
-3341
-3357
-3373
-3387
-3402
-3415
-3428
-3440
-3451
-3462
-3472
-3481
-3490
-3498
-3505
-3511
-3516
-3521
-3525
-3529
-3531
-3533
-3534
-3534
-3533
-3532
-3530
-3527
-3523
-3518
-3513
-3506
-3499
-3491
-3482
-3473
-3462
-3451
-3439
-3426
-3412
-3397
-3382
-3366
-3348
-3330
-3311
-3291
-3271
-3249
-3227
-3204
-3180
-3155
-3129
-3102
-3075
-3046
-3017
-2987
-2956
-2925
-2892
-2859
-2825
-2790
-2754
-2717
-2680
-2641
-2602
-2562
-2522
-2480
-2438
-2395
-2351
-2307
-2261
-2215
-2169
-2121
-2073
-2024
-1975
-1924
-1873
-1822
-1769
-1716
-1663
-1609
-1554
-1498
-1442
-1386
-1328
-1271
-1212
-1153
-1094
-1034
-974
-913
-852
-790
-728
-665
-602
-539
-475
-411
-346
-281
-216
-151
-85
-19
46
112
179
246
313
380
447
515
582
650
717
785
853
920
988
1056
1123
1191
1258
1326
1393
1460
1527
1594
1660
1726
1792
1858
1923
1989
2053
2118
2182
2246
2309
2372
2434
2496
2557
2618
2678
2738
2797
2856
2914
2971
3028
3084
3140
3194
3248
3301
3354
3405
3456
3506
3555
3604
3651
3698
3743
3788
3832
3875
3916
3957
3997
4036
4074
4110
4146
4181
4214
4246
4278
4308
4337
4365
4391
4417
4441
4464
4486
4506
4526
4544
4560
4576
4590
4603
4615
4625
4634
4642
4649
4654
4657
4660
4661
4661
4659
4656
4652
4646
4639
4631
4621
4610
4597
4583
4568
4551
4533
4514
4493
4471
4448
4423
4397
4369
4340
4310
4279
4246
4212
4176
4139
4101
4062
4021
3980
3936
3892
3846
3800
3752
3702
3652
3600
3547
3494
3438
3382
3325
3267
3207
3147
3085
3023
2959
2894
2829
2762
2695
2627
2557
2487
2416
2344
2272
2198
2124
2049
1973
1897
1820
1742
1664
1585
1505
1425
1344
1263
1181
1099
1017
933
850
766
682
597
513
428
342
257
171
85
0
-86
-172
-259
-345
-431
-518
-604
-690
-776
-862
-948
-1034
-1119
-1204
-1289
-1374
-1458
-1542
-1625
-1709
-1791
-1874
-1955
-2037
-2117
-2198
-2277
-2356
-2435
-2513
-2590
-2666
-2742
-2816
-2891
-2964
-3036
-3108
-3179
-3248
-3317
-3385
-3452
-3518
-3583
-3647
-3710
-3772
-3833
-3893
-3951
-4009
-4065
-4120
-4174
-4226
-4278
-4328
-4377
-4424
-4471
-4515
-4559
-4601
-4642
-4682
-4720
-4757
-4792
-4826
-4858
-4889
-4919
-4947
-4974
-4999
-5022
-5045
-5065
-5084
-5102
-5118
-5133
-5146
-5157
-5167
-5175
-5182
-5187
-5191
-5193
-5194
-5193
-5190
-5186
-5181
-5173
-5165
-5154
-5142
-5129
-5114
-5098
-5080
-5060
-5039
-5016
-4992
-4967
-4940
-4911
-4881
-4850
-4817
-4782
-4747
-4709
-4671
-4631
-4589
-4547
-4503
-4457
-4410
-4362
-4313
-4262
-4210
-4157
-4103
-4047
-3990
-3932
-3873
-3813
-3751
-3689
-3625
-3560
-3495
-3428
-3360
-3291
-3222
-3151
-3080
-3007
-2934
-2860
-2785
-2709
-2633
-2555
-2477
-2399
-2319
-2239
-2159
-2077
-1996
-1913
-1830
-1747
-1663
-1579
-1494
-1409
-1324
-1238
-1152
-1065
-979
-892
-805
-717
-630
-543
-455
-367
-279
-192
-104
-16
70
158
246
333
420
507
594
680
766
852
938
1023
1108
1192
1276
1360
1443
1525
1607
1689
1770
1850
1930
2009
2087
2165
2242
2318
2394
2468
2542
2615
2687
2759
2829
2899
2967
3035
3102
3167
3232
3296
3359
3420
3481
3540
3599
3656
3712
3767
3821
3873
3925
3975
4024
4072
4119
4164
4208
4251
4292
4332
4371
4409
4445
4480
4513
4545
4576
4606
4634
4661
4686
4710
4733
4754
4774
4792
4809
4825
4839
4852
4863
4873
4881
4889
4894
4899
4901
4903
4903
4902
4899
4895
4890
4883
4874
4865
4854
4842
4828
4813
4797
4779
4760
4739
4718
4695
4671
4645
4618
4590
4561
4531
4499
4466
4432
4396
4360
4322
4283
4243
4202
4160
4117
4073
4027
3981
3933
3885
3835
3785
3734
3681
3628
3574
3519
3463
3406
3348
3290
3230
3170
3110
3048
2986
2923
2859
2795
2730
2664
2598
2531
2463
2396
2327
2258
2189
2119
2048
1978
1906
1835
1763
1691
1618
1545
1472
1399
1325
1251
1177
1103
1028
954
879
805
730
655
580
505
431
356
281
206
132
57
-16
-90
-164
-238
-311
-385
-458
-531
-603
-675
-747
-819
-890
-961
-1031
-1101
-1171
-1240
-1308
-1376
-1444
-1511
-1578
-1644
-1709
-1774
-1838
-1902
-1965
-2027
-2089
-2150
-2210
-2270
-2329
-2387
-2444
-2501
-2557
-2612
-2666
-2720
-2772
-2824
-2875
-2926
-2975
-3023
-3071
-3118
-3164
-3208
-3252
-3295
-3338
-3379
-3419
-3458
-3497
-3534
-3570
-3606
-3640
-3673
-3706
-3737
-3767
-3797
-3825
-3852
-3879
-3904
-3928
-3951
-3973
-3994
-4014
-4033
-4051
-4068
-4084
-4098
-4112
-4125
-4136
-4147
-4156
-4164
-4172
-4178
-4183
-4187
-4190
-4193
-4194
-4193
-4192
-4190
-4187
-4183
-4178
-4171
-4164
-4156
-4147
-4136
-4125
-4113
-4100
-4085
-4070
-4054
-4037
-4018
-3999
-3979
-3958
-3936
-3914
-3890
-3865
-3840
-3813
-3786
-3758
-3729
-3699
-3668
-3636
-3604
-3570
-3536
-3501
-3466
-3429
-3392
-3354
-3315
-3276
-3236
-3195
-3153
-3111
-3068
-3024
-2979
-2934
-2889
-2842
-2796
-2748
-2700
-2651
-2602
-2552
-2502
-2451
-2399
-2348
-2295
-2242
-2189
-2135
-2081
-2026
-1971
-1916
-1860
-1803
-1747
-1690
-1632
-1575
-1517
-1459
-1400
-1341
-1282
-1223
-1163
-1104
-1044
-984
-923
-863
-802
-741
-681
-620
-559
-497
-436
-375
-314
-252
-191
-130
-68
-7
53
114
176
237
298
358
419
480
540
600
661
720
780
840
899
958
1017
1075
1133
1191
1249
1306
1363
1420
1476
1532
1588
1643
1698
1752
1806
1859
1912
1965
2017
2069
2120
2171
2221
2270
2319
2368
2416
2463
2510
2556
2602
2647
2691
2735
2778
2821
2862
2904
2944
2984
3023
3061
3099
3136
3172
3208
3243
3277
3310
3342
3374
3405
3435
3464
3493
3521
3547
3574
3599
3623
3647
3669
3691
3712
3732
3752
3770
3788
3804
3820
3835
3849
3862
3874
3885
3896
3905
3914
3921
3928
3933
3938
3942
3945
3947
3948
3948
3947
3946
3943
3939
3935
3929
3923
3916
3907
3898
3888
3877
3865
3852
3838
3823
3807
3790
3773
3754
3735
3714
3693
3671
3648
3624
3599
3573
3546
3519
3490
3461
3431
3400
3368
3335
3302
3268
3232
3196
3159
3122
3083
3044
3004
2963
2922
2879
2836
2793
2748
2703
2657
2610
2563
2515
2466
2417
2367
2316
2265
2213
2160
2107
2053
1999
1944
1889
1833
1777
1720
1662
1605
1546
1487
1428
1368
1308
1248
1187
1126
1064
1002
940
877
814
751
688
624
560
496
432
367
302
238
173
107
42
-22
-88
-153
-219
-284
-350
-415
-481
-546
-612
-677
-743
-808
-873
-938
-1003
-1067
-1132
-1196
-1260
-1324
-1387
-1450
-1513
-1576
-1638
-1700
-1762
-1823
-1884
-1945
-2005
-2064
-2123
-2182
-2240
-2298
-2355
-2412
-2468
-2523
-2578
-2633
-2686
-2739
-2792
-2844
-2895
-2945
-2995
-3044
-3092
-3140
-3187
-3233
-3278
-3322
-3366
-3409
-3451
-3492
-3532
-3572
-3610
-3648
-3684
-3720
-3755
-3789
-3822
-3854
-3885
-3915
-3944
-3972
-3999
-4025
-4050
-4074
-4097
-4118
-4139
-4159
-4177
-4195
-4211
-4227
-4241
-4254
-4266
-4277
-4286
-4295
-4303
-4309
-4314
-4318
-4321
-4323
-4323
-4323
-4321
-4318
-4314
-4309
-4303
-4295
-4287
-4277
-4266
-4254
-4240
-4226
-4210
-4194
-4176
-4157
-4137
-4115
-4093
-4069
-4045
-4019
-3992
-3964
-3935
-3905
-3873
-3841
-3807
-3773
-3737
-3701
-3663
-3624
-3585
-3544
-3502
-3460
-3416
-3371
-3326
-3279
-3232
-3183
-3134
-3084
-3033
-2981
-2928
-2874
-2819
-2764
-2708
-2651
-2593
-2535
-2476
-2416
-2355
-2294
-2232
-2169
-2106
-2042
-1977
-1912
-1846
-1780
-1713
-1646
-1578
-1509
-1441
-1371
-1302
-1232
-1161
-1090
-1019
-947
-875
-803
-731
-658
-585
-512
-439
-365
-291
-218
-144
-70
3
77
152
226
300
374
448
522
596
670
743
817
890
963
1036
1109
1181
1253
1325
1396
1467
1538
1608
1678
1748
1817
1885
1953
2021
2088
2155
2221
2286
2351
2415
2478
2541
2603
2665
2726
2786
2845
2904
2961
3018
3075
3130
3184
3238
3291
3343
3394
3444
3493
3541
3588
3634
3679
3724
3767
3809
3850
3890
3929
3967
4004
4040
4074
4108
4140
4171
4201
4230
4258
4285
4310
4334
4357
4379
4400
4419
4437
4454
4470
4484
4498
4510
4520
4530
4538
4545
4551
4555
4558
4560
4561
4560
4559
4556
4551
4546
4539
4530
4521
4510
4498
4485
4471
4455
4438
4420
4401
4380
4359
4336
4312
4286
4260
4232
4203
4173
4142
4110
4076
4041
4006
3969
3931
3892
3852
3811
3769
3725
3681
3636
3590
3543
3494
3445
3395
3344
3292
3239
3186
3131
3076
3019
2962
2904
2846
2786
2726
2665
2603
2541
2478
2414
2350
2285
2219
2153
2086
2019
1951
1882
1813
1744
1674
1604
1533
1462
1391
1319
1247
1174
1101
1028
955
881
808
734
660
585
511
436
362
287
212
137
63
-11
-86
-161
-235
-310
-384
-458
-533
-606
-680
-754
-827
-900
-973
-1045
-1117
-1189
-1261
-1332
-1402
-1473
-1542
-1612
-1681
-1749
-1817
-1884
-1951
-2017
-2083
-2148
-2212
-2276
-2339
-2402
-2464
-2525
-2585
-2645
-2704
-2762
-2819
-2876
-2931
-2986
-3040
-3094
-3146
-3197
-3248
-3298
-3347
-3394
-3441
-3487
-3532
-3576
-3619
-3661
-3702
-3742
-3781
-3819
-3856
-3891
-3926
-3960
-3992
-4024
-4054
-4083
-4111
-4138
-4164
-4189
-4213
-4235
-4256
-4276
-4295
-4313
-4330
-4345
-4360
-4373
-4385
-4396
-4405
-4414
-4421
-4427
-4432
-4435
-4438
-4439
-4439
-4438
-4436
-4432
-4428
-4422
-4415
-4407
-4397
-4387
-4375
-4363
-4349
-4334
-4317
-4300
-4281
-4262
-4241
-4219
-4196
-4172
-4147
-4121
-4094
-4065
-4036
-4005
-3974
-3941
-3908
-3873
-3837
-3801
-3763
-3725
-3685
-3645
-3604
-3561
-3518
-3474
-3429
-3383
-3337
-3289
-3241
-3191
-3141
-3091
-3039
-2987
-2934
-2880
-2825
-2770
-2714
-2657
-2600
-2542
-2484
-2424
-2365
-2304
-2243
-2182
-2120
-2058
-1994
-1931
-1867
-1803
-1738
-1673
-1607
-1541
-1475
-1408
-1341
-1273
-1206
-1138
-1070
-1001
-933
-864
-795
-726
-656
-587
-517
-448
-378
-308
-238
-168
-98
-29
40
110
180
249
319
388
458
527
596
664
733
801
869
937
1005
1072
1139
1205
1272
1337
1403
1468
1533
1597
1661
1724
1787
1849
1911
1973
2034
2094
2154
2213
2271
2329
2387
2443
2499
2555
2609
2663
2716
2769
2821
2872
2922
2972
3021
3069
3116
3162
3208
3252
3296
3339
3381
3422
3463
3502
3541
3578
3615
3651
3685
3719
3752
3784
3815
3845
3874
3902
3929
3954
3979
4003
4026
4048
4069
4088
4107
4125
4141
4157
4171
4185
4197
4208
4218
4227
4235
4242
4248
4253
4256
4259
4260
4261
4260
4258
4255
4251
4246
4240
4233
4225
4215
4205
4194
4181
4167
4153
4137
4120
4102
4083
4063
4042
4020
3997
3973
3948
3922
3895
3867
3838
3808
3777
3745
3712
3678
3643
3608
3571
3533
3495
3456
3415
3374
3332
3289
3246
3201
3156
3110
3063
3015
2967
2918
2868
2817
2765
2713
2660
2607
2553
2498
2442
2386
2329
2272
2214
2156
2096
2037
1977
1916
1855
1793
1731
1668
1605
1542
1478
1414
1349
1284
1219
1153
1087
1021
955
888
821
754
686
619
551
483
415
347
278
210
141
73
4
-63
-132
-201
-269
-338
-406
-474
-543
-611
-679
-747
-814
-882
-949
-1016
-1083
-1149
-1216
-1282
-1347
-1413
-1478
-1542
-1606
-1670
-1734
-1797
-1859
-1922
-1983
-2044
-2105
-2165
-2225
-2284
-2342
-2400
-2457
-2514
-2570
-2625
-2680
-2734
-2787
-2840
-2892
-2943
-2994
-3043
-3092
-3140
-3188
-3234
-3280
-3325
-3369
-3412
-3454
-3495
-3536
-3576
-3614
-3652
-3689
-3725
-3759
-3793
-3826
-3858
-3889
-3919
-3948
-3976
-4003
-4029
-4054
-4077
-4100
-4122
-4142
-4162
-4180
-4198
-4214
-4229
-4243
-4256
-4268
-4278
-4288
-4296
-4304
-4310
-4315
-4319
-4321
-4323
-4324
-4323
-4321
-4318
-4314
-4309
-4303
-4295
-4286
-4277
-4266
-4254
-4240
-4226
-4211
-4194
-4176
-4158
-4138
-4117
-4095
-4071
-4047
-4022
-3995
-3968
-3939
-3910
-3879
-3847
-3814
-3780
-3746
-3710
-3673
-3635
-3596
-3556
-3515
-3474
-3431
-3387
-3343
-3297
-3251
-3204
-3156
-3107
-3057
-3006
-2955
-2902
-2849
-2795
-2741
-2685
-2629
-2572
-2515
-2456
-2397
-2338
-2277
-2216
-2155
-2093
-2030
-1967
-1903
-1838
-1773
-1708
-1642
-1576
-1509
-1442
-1374
-1306
-1238
-1169
-1100
-1030
-960
-890
-820
-749
-679
-608
-537
-465
-394
-322
-250
-179
-107
-35
36
108
180
252
324
396
468
539
611
682
753
824
895
966
1036
1106
1176
1245
1315
1383
1452
1520
1588
1655
1722
1788
1854
1920
1984
2049
2113
2176
2239
2301
2362
2423
2483
2543
2602
2660
2717
2774
2830
2885
2940
2993
3046
3098
3149
3199
3249
3297
3345
3392
3438
3482
3526
3569
3611
3652
3692
3731
3769
3806
3842
3877
3911
3944
3975
4006
4035
4064
4091
4117
4142
4166
4189
4210
4231
4250
4268
4285
4301
4315
4329
4341
4352
4362
4370
4378
4384
4389
4393
4395
4397
4397
4396
4394
4390
4386
4380
4373
4365
4355
4344
4333
4320
4305
4290
4273
4256
4237
4217
4195
4173
4150
4125
4099
4072
4044
4015
3985
3954
3921
3888
3853
3818
3781
3743
3705
3665
3624
3583
3540
3497
3452
3407
3360
3313
3265
3216
3166
3115
3063
3011
2958
2904
2849
2793
2737
2680
2622
2563
2504
2444
2384
2323
2261
2199
2136
2072
2008
1944
1879
1813
1747
1681
1614
1547
1479
1411
1343
1274
1205
1135
1066
996
926
856
785
714
643
572
501
430
359
287
216
145
73
2
-68
-140
-211
-282
-353
-424
-494
-565
-635
-705
-775
-845
-914
-983
-1052
-1120
-1188
-1256
-1323
-1390
-1456
-1522
-1587
-1652
-1717
-1781
-1844
-1907
-1970
-2031
-2093
-2153
-2213
-2272
-2331
-2389
-2446
-2503
-2558
-2613
-2668
-2721
-2774
-2826
-2877
-2927
-2977
-3025
-3073
-3120
-3166
-3211
-3255
-3299
-3341
-3382
-3423
-3462
-3501
-3538
-3575
-3610
-3645
-3678
-3711
-3742
-3773
-3802
-3830
-3858
-3884
-3909
-3933
-3956
-3978
-3998
-4018
-4037
-4054
-4070
-4086
-4100
-4113
-4125
-4135
-4145
-4154
-4161
-4167
-4172
-4176
-4179
-4181
-4182
-4181
-4180
-4177
-4173
-4168
-4162
-4155
-4147
-4137
-4127
-4115
-4103
-4089
-4074
-4058
-4041
-4024
-4004
-3984
-3963
-3941
-3918
-3894
-3869
-3842
-3815
-3787
-3758
-3728
-3697
-3665
-3632
-3598
-3563
-3528
-3491
-3454
-3415
-3376
-3336
-3295
-3254
-3211
-3168
-3124
-3079
-3033
-2987
-2940
-2892
-2844
-2795
-2745
-2694
-2643
-2591
-2539
-2486
-2432
-2378
-2323
-2268
-2212
-2156
-2099
-2042
-1984
-1926
-1867
-1808
-1749
-1689
-1629
-1568
-1507
-1446
-1384
-1323
-1261
-1198
-1136
-1073
-1010
-947
-884
-820
-756
-693
-629
-565
-501
-437
-373
-309
-245
-181
-116
-52
10
74
138
202
265
329
392
455
518
581
643
705
767
829
890
951
1012
1072
1133
1192
1252
1311
1369
1427
1485
1543
1599
1656
1712
1767
1822
1876
1930
1983
2036
2088
2140
2191
2241
2291
2340
2388
2436
2483
2530
2575
2621
2665
2709
2752
2794
2835
2876
2916
2955
2993
3031
3068
3104
3139
3173
3207
3240
3271
3303
3333
3362
3390
3418
3445
3471
3496
3520
3543
3565
3586
3607
3626
3645
3663
3680
3695
3710
3724
3738
3750
3761
3771
3781
3789
3797
3803
3809
3813
3817
3820
3822
3823
3823
3822
3820
3817
3813
3809
3803
3796
3789
3781
3771
3761
3750
3738
3725
3711
3697
3681
3665
3647
3629
3610
3590
3569
3547
3525
3502
3477
3452
3427
3400
3372
3344
3315
3285
3255
3223
3191
3158
3124
3090
3055
3019
2983
2945
2907
2869
2829
2789
2749
2707
2666
2623
2580
2536
2492
2447
2401
2355
2308
2261
2214
2165
2117
2067
2018
1967
1917
1866
1814
1762
1710
1657
1604
1550
1496
1442
1387
1332
1277
1222
1166
1110
1053
997
940
883
825
768
710
652
594
536
478
419
361
302
243
184
126
67
8
-50
-109
-168
-227
-286
-344
-403
-462
-520
-579
-637
-695
-753
-811
-869
-926
-983
-1040
-1097
-1154
-1210
-1266
-1322
-1377
-1433
-1487
-1542
-1596
-1650
-1703
-1756
-1809
-1861
-1913
-1965
-2016
-2066
-2116
-2166
-2215
-2263
-2311
-2359
-2406
-2452
-2498
-2543
-2588
-2632
-2675
-2718
-2760
-2802
-2843
-2883
-2923
-2962
-3000
-3037
-3074
-3110
-3146
-3180
-3214
-3247
-3280
-3311
-3342
-3372
-3401
-3430
-3457
-3484
-3510
-3535
-3560
-3583
-3606
-3627
-3648
-3668
-3687
-3705
-3723
-3739
-3755
-3769
-3783
-3796
-3808
-3818
-3828
-3837
-3846
-3853
-3859
-3864
-3869
-3872
-3874
-3876
-3876
-3876
-3874
-3872
-3869
-3864
-3859
-3853
-3846
-3837
-3828
-3818
-3807
-3795
-3782
-3768
-3753
-3737
-3720
-3702
-3684
-3664
-3643
-3622
-3599
-3576
-3551
-3526
-3500
-3473
-3445
-3416
-3386
-3355
-3323
-3291
-3257
-3223
-3188
-3152
-3115
-3077
-3039
-2999
-2959
-2918
-2876
-2834
-2790
-2746
-2701
-2656
-2609
-2562
-2514
-2466
-2417
-2367
-2316
-2265
-2213
-2160
-2107
-2053
-1999
-1944
-1888
-1832
-1775
-1718
-1660
-1602
-1543
-1484
-1424
-1364
-1303
-1242
-1180
-1118
-1056
-994
-931
-867
-804
-740
-675
-611
-546
-481
-416
-351
-285
-219
-153
-87
-21
44
111
177
244
310
377
443
510
576
643
709
775
841
907
973
1039
1104
1170
1235
1300
1364
1429
1493
1557
1620
1683
1746
1808
1870
1932
1993
2053
2114
2173
2233
2291
2349
2407
2464
2521
2576
2632
2686
2740
2794
2846
2898
2949
3000
3050
3099
3147
3194
3241
3287
3332
3376
3419
3461
3503
3543
3583
3622
3660
3697
3733
3767
3801
3834
3866
3897
3927
3956
3984
4011
4036
4061
4085
4107
4128
4149
4168
4186
4202
4218
4233
4246
4258
4269
4279
4288
4296
4302
4307
4311
4314
4316
4316
4315
4314
4310
4306
4300
4294
4286
4276
4266
4254
4242
4228
4212
4196
4179
4160
4140
4119
4096
4073
4048
4022
3995
3967
3938
3908
3876
3843
3810
3775
3739
3702
3664
3624
3584
3543
3500
3457
3413
3367
3321
3273
3225
3176
3125
3074
3022
2969
2915
2860
2804
2748
2691
2632
2574
2514
2453
2392
2330
2267
2204
2140
2075
2010
1944
1877
1810
1742
1674
1605
1536
1466
1396
1325
1254
1182
1110
1038
965
892
818
745
671
597
522
448
373
298
223
148
73
-1
-77
-152
-227
-303
-378
-453
-528
-603
-678
-753
-827
-902
-976
-1050
-1123
-1197
-1270
-1342
-1414
-1486
-1558
-1629
-1700
-1770
-1840
-1909
-1978
-2046
-2113
-2180
-2247
-2312
-2378
-2442
-2506
-2569
-2631
-2693
-2753
-2813
-2873
-2931
-2989
-3045
-3101
-3156
-3210
-3263
-3316
-3367
-3417
-3467
-3515
-3562
-3608
-3654
-3698
-3741
-3783
-3824
-3864
-3902
-3940
-3976
-4011
-4046
-4078
-4110
-4141
-4170
-4198
-4225
-4251
-4275
-4298
-4320
-4341
-4360
-4378
-4395
-4411
-4425
-4438
-4450
-4460
-4469
-4477
-4484
-4489
-4493
-4495
-4496
-4496
-4495
-4492
-4488
-4483
-4476
-4469
-4459
-4449
-4437
-4424
-4410
-4394
-4377
-4359
-4339
-4319
-4297
-4273
-4249
-4223
-4196
-4168
-4139
-4108
-4076
-4044
-4010
-3974
-3938
-3900
-3862
-3822
-3781
-3739
-3696
-3652
-3607
-3561
-3514
-3466
-3417
-3367
-3316
-3264
-3211
-3157
-3103
-3047
-2991
-2934
-2876
-2817
-2757
-2697
-2636
-2574
-2512
-2448
-2384
-2320
-2255
-2189
-2123
-2056
-1988
-1920
-1852
-1783
-1714
-1644
-1573
-1503
-1432
-1360
-1289
-1217
-1144
-1072
-999
-926
-853
-779
-706
-632
-558
-484
-410
-336
-262
-188
-114
-40
33
106
180
254
327
400
473
546
619
691
763
835
906
977
1048
1118
1188
1257
1326
1395
1463
1530
1597
1664
1729
1795
1859
1923
1987
2050
2112
2173
2234
2294
2353
2411
2469
2526
2582
2637
2691
2745
2797
2849
2900
2950
2999
3047
3094
3141
3186
3230
3273
3316
3357
3397
3436
3474
3511
3547
3582
3616
3649
3681
3711
3741
3769
3796
3822
3847
3871
3894
3915
3936
3955
3973
3990
4005
4020
4033
4046
4057
4067
4075
4083
4089
4095
4099
4102
4103
4104
4103
4102
4099
4095
4089
4083
4076
4067
4057
4046
4035
4021
4007
3992
3976
3958
3940
3920
3900
3878
3855
3832
3807
3781
3754
3727
3698
3668
3638
3606
3574
3540
3506
3471
3434
3397
3360
3321
3281
3241
3200
3158
3115
3072
3028
2983
2937
2891
2844
2796
2748
2699
2649
2599
2548
2497
2445
2392
2339
2286
2231
2177
2122
2067
2011
1954
1898
1841
1783
1726
1668
1609
1551
1492
1433
1373
1314
1254
1194
1134
1073
1013
952
891
831
770
709
648
587
526
465
404
343
283
222
161
101
41
-19
-79
-139
-198
-258
-317
-376
-435
-493
-551
-609
-667
-724
-781
-838
-894
-950
-1005
-1060
-1114
-1169
-1222
-1276
-1328
-1381
-1432
-1484
-1534
-1585
-1634
-1683
-1732
-1780
-1827
-1874
-1920
-1966
-2011
-2055
-2099
-2142
-2185
-2226
-2267
-2308
-2347
-2386
-2425
-2462
-2499
-2535
-2570
-2605
-2639
-2672
-2705
-2736
-2767
-2797
-2826
-2855
-2883
-2910
-2936
-2961
-2986
-3010
-3033
-3055
-3076
-3097
-3116
-3135
-3153
-3171
-3187
-3203
-3218
-3232
-3245
-3257
-3269
-3279
-3289
-3298
-3307
-3314
-3321
-3327
-3332
-3336
-3339
-3342
-3344
-3345
-3345
-3344
-3343
-3341
-3338
-3334
-3330
-3324
-3318
-3311
-3304
-3295
-3286
-3277
-3266
-3255
-3243
-3230
-3216
-3202
-3187
-3171
-3155
-3138
-3120
-3102
-3083
-3063
-3043
-3022
-3000
-2978
-2955
-2931
-2907
-2882
-2857
-2831
-2804
-2777
-2749
-2721
-2692
-2663
-2633
-2602
-2571
-2540
-2508
-2475
-2442
-2409
-2375
-2340
-2305
-2270
-2234
-2198
-2161
-2124
-2086
-2049
-2010
-1972
-1933
-1893
-1853
-1813
-1773
-1732
-1691
-1650
-1608
-1566
-1524
-1481
-1439
-1395
-1352
-1309
-1265
-1221
-1177
-1132
-1088
-1043
-998
-953
-908
-862
-817
-771
-726
-680
-634
-588
-541
-495
-449
-403
-356
-310
-263
-217
-170
-124
-77
-31
15
61
107
154
200
246
292
338
384
430
476
521
567
612
657
702
747
792
836
881
925
969
1013
1056
1099
1143
1185
1228
1270
1312
1354
1395
1437
1478
1518
1558
1598
1638
1677
1716
1755
1793
1831
1868
1905
1942
1978
2014
2050
2085
2119
2154
2187
2221
2254
2286
2318
2350
2381
2411
2441
2471
2500
2528
2556
2584
2611
2637
2663
2688
2713
2737
2761
2784
2806
2828
2850
2870
2890
2910
2929
2947
2965
2982
2998
3014
3029
3044
3057
3071
3083
3095
3106
3117
3127
3136
3144
3152
3159
3166
3172
3177
3181
3185
3188
3190
3191
3192
3192
3192
3190
3188
3186
3182
3178
3173
3167
3161
3154
3146
3137
3128
3118
3107
3095
3083
3070
3056
3042
3026
3010
2994
2976
2958
2939
2920
2899
2878
2857
2834
2811
2787
2762
2737
2711
2684
2657
2629
2600
2570
2540
2509
2478
2446
2413
2379
2345
2310
2275
2239
2202
2165
2127
2088
2049
2009
1969
1928
1886
1844
1802
1759
1715
1671
1626
1581
1535
1489
1442
1395
1347
1299
1250
1201
1152
1102
1051
1001
950
898
846
794
742
689
636
582
528
474
420
366
311
256
201
145
90
34
-21
-77
-133
-190
-246
-302
-359
-416
-472
-529
-586
-642
-699
-756
-812
-869
-925
-982
-1038
-1094
-1150
-1206
-1262
-1318
-1373
-1428
-1483
-1538
-1592
-1646
-1700
-1753
-1807
-1860
-1912
-1964
-2016
-2067
-2118
-2169
-2219
-2268
-2317
-2366
-2414
-2462
-2509
-2555
-2601
-2647
-2691
-2736
-2779
-2822
-2864
-2906
-2947
-2987
-3026
-3065
-3103
-3140
-3177
-3212
-3247
-3282
-3315
-3347
-3379
-3410
-3440
-3469
-3497
-3524
-3551
-3576
-3601
-3624
-3647
-3669
-3690
-3709
-3728
-3746
-3763
-3779
-3793
-3807
-3820
-3832
-3842
-3852
-3860
-3868
-3874
-3880
-3884
-3887
-3889
-3890
-3890
-3889
-3887
-3883
-3879
-3873
-3867
-3859
-3850
-3840
-3829
-3817
-3803
-3789
-3773
-3757
-3739
-3720
-3700
-3679
-3657
-3634
-3609
-3584
-3557
-3530
-3501
-3472
-3441
-3409
-3376
-3342
-3307
-3271
-3235
-3197
-3158
-3118
-3077
-3035
-2992
-2948
-2904
-2858
-2812
-2764
-2716
-2667
-2617
-2566
-2514
-2461
-2408
-2354
-2299
-2243
-2187
-2129
-2071
-2013
-1954
-1894
-1833
-1772
-1710
-1647
-1584
-1520
-1456
-1391
-1326
-1260
-1194
-1128
-1060
-993
-925
-857
-788
-719
-650
-580
-510
-440
-370
-299
-229
-158
-87
-15
55
126
198
269
341
412
484
555
627
698
769
840
911
981
1052
1122
1192
1262
1331
1400
1469
1537
1605
1673
1740
1807
1873
1939
2004
2069
2133
2197
2260
2322
2384
2445
2506
2565
2625
2683
2740
2797
2853
2908
2963
3016
3069
3121
3172
3222
3271
3319
3366
3412
3458
3502
3545
3587
3628
3668
3707
3745
3782
3818
3852
3885
3918
3949
3979
4007
4035
4061
4086
4110
4133
4154
4174
4193
4211
4227
4242
4256
4268
4280
4290
4298
4305
4312
4316
4320
4322
4323
4322
4320
4317
4313
4307
4300
4291
4282
4271
4258
4245
4230
4214
4196
4178
4158
4136
4114
4090
4065
4039
4011
3982
3952
3921
3889
3855
3821
3785
3748
3709
3670
3630
3588
3545
3502
3457
3411
3364
3316
3268
3218
3167
3115
3062
3009
2954
2898
2842
2785
2727
2668
2608
2548
2487
2425
2362
2299
2235
2170
2105
2039
1972
1905
1837
1769
1701
1631
1562
1492
1421
1350
1279
1207
1135
1063
990
917
844
771
698
624
550
476
402
328
254
180
106
32
-41
-115
-189
-263
-337
-410
-484
-557
-630
-702
-775
-847
-918
-990
-1061
-1131
-1202
-1271
-1341
-1410
-1478
-1546
-1613
-1680
-1746
-1811
-1876
-1941
-2004
-2067
-2129
-2191
-2252
-2312
-2371
-2429
-2487
-2544
-2600
-2655
-2709
-2762
-2815
-2866
-2917
-2967
-3015
-3063
-3110
-3155
-3200
-3243
-3286
-3328
-3368
-3407
-3446
-3483
-3519
-3554
-3588
-3620
-3652
-3682
-3711
-3739
-3766
-3792
-3816
-3840
-3862
-3883
-3902
-3921
-3938
-3954
-3969
-3982
-3995
-4006
-4016
-4024
-4032
-4038
-4043
-4047
-4049
-4050
-4051
-4049
-4047
-4043
-4039
-4033
-4025
-4017
-4008
-3997
-3985
-3972
-3957
-3942
-3925
-3908
-3889
-3869
-3848
-3825
-3802
-3778
-3752
-3726
-3698
-3669
-3640
-3609
-3577
-3545
-3511
-3476
-3441
-3404
-3367
-3328
-3289
-3249
-3208
-3166
-3123
-3079
-3035
-2990
-2944
-2897
-2849
-2801
-2752
-2703
-2652
-2602
-2550
-2498
-2445
-2392
-2338
-2283
-2228
-2173
-2116
-2060
-2003
-1946
-1888
-1830
-1771
-1712
-1653
-1593
-1533
-1473
-1412
-1352
-1291
-1230
-1168
-1107
-1045
-983
-922
-860
-798
-735
-673
-611
-549
-487
-425
-363
-301
-239
-178
-116
-55
6
67
127
188
248
308
368
428
487
546
604
663
720
778
835
891
947
1003
1058
1113
1167
1221
1274
1327
1379
1430
1481
1532
1582
1631
1679
1727
1774
1821
1867
1912
1956
2000
2043
2086
2127
2168
2208
2248
2286
2324
2361
2397
2433
2468
2501
2535
2567
2598
2629
2658
2687
2715
2743
2769
2794
2819
2843
2866
2888
2909
2929
2949
2967
2985
3002
3018
3033
3047
3060
3073
3084
3095
3105
3114
3122
3129
3135
3141
3145
3149
3152
3154
3155
3156
3155
3154
3152
3149
3145
3141
3136
3129
3122
3115
3106
3097
3087
3076
3065
3053
3040
3026
3011
2996
2980
2964
2947
2929
2910
2891
2871
2850
2829
2807
2785
2762
2738
2714
2689
2664
2638
2611
2584
2557
2529
2500
2471
2442
2412
2381
2350
2319
2287
2255
2222
2189
2156
2122
2088
2053
2018
1983
1947
1912
1875
1839
1802
1765
1728
1690
1652
1614
1576
1538
1499
1460
1421
1382
1342
1303
1263
1223
1183
1143
1103
1063
1023
982
942
901
861
820
780
739
698
658
617
577
536
495
455
415
374
334
294
254
214
174
134
94
54
15
-23
-62
-101
-140
-179
-218
-256
-294
-332
-370
-407
-445
-482
-519
-555
-592
-628
-664
-700
-735
-770
-805
-840
-874
-908
-942
-976
-1009
-1042
-1074
-1107
-1139
-1170
-1202
-1233
-1263
-1294
-1324
-1354
-1383
-1412
-1441
-1469
-1497
-1524
-1552
-1579
-1605
-1631
-1657
-1682
-1707
-1732
-1756
-1780
-1804
-1827
-1850
-1872
-1894
-1915
-1936
-1957
-1977
-1997
-2017
-2036
-2055
-2073
-2091
-2108
-2125
-2142
-2158
-2174
-2189
-2204
-2219
-2233
-2246
-2260
-2272
-2285
-2297
-2308
-2319
-2330
-2340
-2350
-2359
-2368
-2376
-2384
-2392
-2399
-2406
-2412
-2418
-2423
-2428
-2432
-2436
-2440
-2443
-2446
-2448
-2450
-2451
-2452
-2452
-2452
-2452
-2451
-2449
-2447
-2445
-2442
-2439
-2435
-2431
-2426
-2421
-2416
-2410
-2403
-2397
-2389
-2381
-2373
-2364
-2355
-2345
-2335
-2325
-2314
-2302
-2290
-2278
-2265
-2252
-2238
-2224
-2209
-2194
-2179
-2163
-2146
-2129
-2112
-2094
-2076
-2057
-2038
-2018
-1998
-1978
-1957
-1936
-1914
-1892
-1869
-1846
-1823
-1799
-1775
-1750
-1725
-1699
-1673
-1647
-1620
-1593
-1565
-1537
-1509
-1480
-1451
-1421
-1391
-1361
-1330
-1299
-1268
-1236
-1204
-1171
-1139
-1105
-1072
-1038
-1004
-969
-934
-899
-864
-828
-792
-756
-719
-682
-645
-607
-570
-532
-494
-455
-416
-377
-338
-299
-259
-220
-180
-139
-99
-59
-18
22
63
104
145
186
228
269
311
353
394
436
478
520
562
604
646
688
730
772
814
856
898
940
981
1023
1065
1106
1148
1189
1230
1271
1312
1353
1393
1434
1474
1514
1553
1593
1632
1671
1710
1748
1786
1824
1862
1899
1936
1972
2009
2045
2080
2115
2150
2184
2218
2251
2284
2316
2348
2380
2411
2442
2472
2501
2530
2558
2586
2614
2640
2666
2692
2717
2741
2765
2788
2810
2832
2853
2873
2893
2912
2930
2948
2965
2981
2996
3011
3025
3038
3050
3062
3072
3082
3092
3100
3108
3114
3120
3125
3130
3133
3136
3138
3138
3139
3138
3136
3133
3130
3126
3121
3115
3108
3100
3091
3082
3071
3060
3047
3034
3020
3005
2990
2973
2955
2937
2917
2897
2876
2854
2831
2807
2783
2757
2731
2704
2675
2647
2617
2586
2555
2522
2489
2455
2421
2385
2349
2312
2274
2235
2196
2156
2115
2073
2031
1988
1944
1900
1855
1809
1762
1715
1668
1619
1570
1521
1471
1420
1369
1317
1265
1212
1159
1105
1051
996
941
885
829
773
716
659
601
544
485
427
368
310
250
191
131
72
12
-47
-108
-168
-228
-289
-349
-410
-471
-531
-592
-652
-713
-773
-834
-894
-954
-1014
-1074
-1133
-1193
-1252
-1311
-1369
-1428
-1486
-1543
-1601
-1658
-1714
-1771
-1826
-1882
-1937
-1991
-2045
-2098
-2151
-2204
-2255
-2307
-2357
-2407
-2456
-2505
-2553
-2600
-2647
-2693
-2738
-2782
-2826
-2869
-2911
-2952
-2992
-3032
-3070
-3108
-3145
-3181
-3216
-3250
-3283
-3316
-3347
-3377
-3407
-3435
-3462
-3489
-3514
-3538
-3561
-3583
-3604
-3624
-3643
-3661
-3677
-3693
-3707
-3721
-3733
-3744
-3754
-3762
-3770
-3776
-3782
-3786
-3789
-3790
-3791
-3790
-3789
-3786
-3782
-3776
-3770
-3762
-3753
-3743
-3732
-3720
-3706
-3692
-3676
-3659
-3641
-3622
-3601
-3579
-3557
-3533
-3508
-3482
-3455
-3426
-3397
-3367
-3335
-3302
-3269
-3234
-3198
-3162
-3124
-3085
-3045
-3004
-2963
-2920
-2876
-2832
-2786
-2740
-2693
-2645
-2596
-2546
-2495
-2444
-2392
-2339
-2285
-2230
-2175
-2119
-2063
-2005
-1947
-1889
-1830
-1770
-1709
-1649
-1587
-1525
-1463
-1400
-1336
-1272
-1208
-1144
-1079
-1013
-948
-882
-815
-749
-682
-615
-548
-480
-413
-345
-277
-209
-141
-73
-5
62
130
197
265
333
401
468
536
603
670
737
803
870
935
1001
1066
1131
1196
1260
1324
1387
1450
1513
1575
1636
1697
1757
1817
1876
1935
1992
2050
2106
2162
2217
2272
2325
2378
2430
2481
2532
2582
2630
2678
2726
2772
2817
2861
2905
2947
2989
3029
3069
3108
3145
3182
3217
3252
3285
3317
3349
3379
3408
3436
3463
3488
3513
3537
3559
3580
3600
3619
3637
3653
3669
3683
3696
3708
3719
3728
3737
3744
3750
3755
3758
3761
3762
3762
3761
3758
3755
3750
3744
3737
3729
3720
3709
3697
3685
3671
3655
3639
3622
3603
3584
3563
3542
3519
3495
3470
3444
3417
3389
3360
3330
3298
3266
3233
3199
3164
3129
3092
3054
3015
2976
2936
2895
2853
2810
2766
2722
2677
2631
2584
2537
2489
2440
2390
2340
2290
2238
2187
2134
2081
2028
1973
1919
1864
1808
1752
1696
1639
1582
1524
1467
1408
1350
1291
1232
1173
1113
1053
993
933
873
813
752
692
631
570
510
449
388
328
267
207
146
86
26
-33
-93
-153
-212
-272
-331
-389
-448
-506
-564
-621
-679
-735
-792
-848
-903
-959
-1013
-1067
-1121
-1174
-1227
-1279
-1331
-1382
-1432
-1482
-1532
-1580
-1628
-1676
-1723
-1769
-1814
-1859
-1903
-1946
-1989
-2030
-2071
-2112
-2151
-2190
-2228
-2265
-2301
-2337
-2372
-2405
-2438
-2471
-2502
-2532
-2562
-2591
-2618
-2645
-2671
-2697
-2721
-2744
-2767
-2788
-2809
-2828
-2847
-2865
-2882
-2898
-2913
-2927
-2941
-2953
-2964
-2975
-2984
-2993
-3001
-3007
-3013
-3018
-3022
-3025
-3028
-3029
-3029
-3029
-3028
-3025
-3022
-3018
-3013
-3008
-3001
-2994
-2985
-2976
-2966
-2955
-2944
-2931
-2918
-2904
-2889
-2874
-2858
-2841
-2823
-2804
-2785
-2765
-2744
-2723
-2701
-2678
-2654
-2630
-2605
-2580
-2554
-2527
-2500
-2472
-2444
-2415
-2386
-2355
-2325
-2294
-2262
-2230
-2198
-2164
-2131
-2097
-2063
-2028
-1993
-1957
-1921
-1885
-1848
-1811
-1774
-1736
-1698
-1660
-1622
-1583
-1544
-1505
-1465
-1426
-1386
-1346
-1306
-1265
-1225
-1184
-1144
-1103
-1062
-1021
-980
-939
-898
-856
-815
-774
-733
-692
-650
-609
-568
-527
-486
-446
-405
-364
-324
-283
-243
-203
-163
-123
-84
-44
-5
33
71
110
148
186
224
262
299
336
372
409
445
481
516
551
586
621
655
688
722
755
788
820
852
883
915
945
976
1006
1035
1064
1093
1121
1149
1177
1204
1230
1256
1282
1307
1332
1356
1380
1404
1427
1449
1471
1493
1514
1535
1555
1575
1594
1613
1631
1649
1667
1684
1700
1716
1732
1747
1761
1776
1789
1802
1815
1828
1839
1851
1862
1872
1882
1892
1901
1910
1918
1926
1933
1940
1947
1953
1958
1963
1968
1973
1977
1980
1983
1986
1988
1990
1991
1993
1993
1993
1993
1993
1992
1991
1989
1987
1985
1982
1979
1975
1972
1968
1963
1958
1953
1947
1942
1935
1929
1922
1915
1907
1900
1891
1883
1874
1865
1856
1846
1837
1826
1816
1805
1794
1783
1771
1760
1747
1735
1723
1710
1697
1683
1670
1656
1642
1627
1613
1598
1583
1568
1552
1537
1521
1505
1489
1472
1455
1438
1421
1404
1386
1369
1351
1333
1314
1296
1277
1258
1239
1220
1201
1181
1162
1142
1122
1102
1081
1061
1040
1019
998
977
956
934
913
891
869
847
825
803
780
758
735
712
689
666
643
620
596
573
549
525
501
477
453
429
405
380
356
331
306
281
257
232
206
181
156
131
105
80
54
29
3
-22
-48
-73
-99
-125
-151
-177
-204
-230
-256
-282
-308
-335
-361
-387
-414
-440
-466
-493
-519
-545
-572
-598
-624
-651
-677
-703
-729
-755
-781
-807
-833
-859
-885
-911
-937
-962
-988
-1013
-1039
-1064
-1089
-1114
-1139
-1164
-1189
-1213
-1238
-1262
-1286
-1310
-1334
-1358
-1381
-1404
-1427
-1450
-1473
-1496
-1518
-1540
-1562
-1583
-1605
-1626
-1647
-1667
-1688
-1708
-1727
-1747
-1766
-1785
-1804
-1822
-1840
-1857
-1875
-1892
-1908
-1925
-1941
-1956
-1971
-1986
-2000
-2015
-2028
-2041
-2054
-2067
-2079
-2090
-2101
-2112
-2122
-2132
-2141
-2150
-2158
-2166
-2174
-2180
-2187
-2193
-2198
-2203
-2207
-2211
-2215
-2217
-2220
-2222
-2223
-2223
-2223
-2223
-2222
-2220
-2218
-2216
-2212
-2208
-2204
-2199
-2193
-2187
-2180
-2173
-2165
-2157
-2147
-2138
-2127
-2116
-2105
-2093
-2080
-2066
-2052
-2038
-2023
-2007
-1991
-1974
-1956
-1938
-1919
-1900
-1880
-1859
-1838
-1816
-1794
-1771
-1747
-1723
-1699
-1673
-1648
-1621
-1594
-1567
-1539
-1510
-1481
-1452
-1422
-1391
-1360
-1328
-1296
-1263
-1230
-1196
-1162
-1128
-1092
-1057
-1021
-985
-948
-911
-873
-835
-797
-758
-719
-679
-639
-599
-558
-518
-476
-435
-393
-351
-309
-266
-224
-181
-137
-94
-50
-7
36
80
125
169
213
258
303
347
392
437
482
527
572
617
661
706
751
796
840
885
929
974
1018
1062
1106
1149
1193
1236
1279
1322
1364
1407
1449
1490
1532
1573
1613
1654
1694
1733
1772
1811
1849
1887
1925
1962
1998
2034
2070
2105
2139
2173
2207
2239
2271
2303
2334
2364
2394
2423
2452
2479
2506
2533
2559
2583
2608
2631
2654
2676
2697
2718
2737
2756
2775
2792
2808
2824
2839
2853
2866
2878
2890
2900
2910
2919
2927
2934
2940
2946
2950
2953
2956
2958
2958
2958
2957
2955
2952
2949
2944
2938
2932
2924
2916
2906
2896
2885
2872
2859
2845
2831
2815
2798
2780
2762
2742
2722
2701
2679
2656
2632
2607
2582
2555
2528
2500
2471
2441
2410
2379
2347
2314
2280
2245
2210
2174
2137
2100
2061
2023
1983
1943
1902
1860
1818
1775
1731
1687
1642
1597
1551
1504
1457
1410
1362
1313
1264
1215
1165
1115
1064
1013
961
910
857
805
752
699
645
592
538
484
429
375
320
265
210
155
100
45
-10
-65
-121
-176
-231
-287
-342
-397
-452
-508
-562
-617
-672
-726
-781
-835
-888
-942
-995
-1048
-1101
-1153
-1205
-1257
-1308
-1359
-1409
-1460
-1509
-1558
-1607
-1655
-1703
-1750
-1796
-1842
-1888
-1932
-1977
-2020
-2063
-2105
-2147
-2188
-2228
-2268
-2307
-2345
-2382
-2418
-2454
-2489
-2523
-2557
-2589
-2621
-2652
-2682
-2711
-2739
-2767
-2793
-2819
-2844
-2867
-2890
-2912
-2933
-2953
-2972
-2990
-3008
-3024
-3039
-3053
-3066
-3079
-3090
-3100
-3109
-3117
-3125
-3131
-3136
-3140
-3143
-3145
-3147
-3147
-3146
-3144
-3141
-3137
-3132
-3126
-3119
-3111
-3102
-3092
-3081
-3069
-3056
-3042
-3028
-3012
-2995
-2977
-2958
-2939
-2918
-2897
-2874
-2851
-2827
-2802
-2776
-2749
-2721
-2692
-2663
-2633
-2602
-2570
-2537
-2504
-2469
-2434
-2399
-2362
-2325
-2287
-2248
-2209
-2169
-2129
-2087
-2045
-2003
-1960
-1916
-1872
-1827
-1782
-1736
-1690
-1643
-1596
-1548
-1500
-1451
-1403
-1353
-1303
-1253
-1203
-1152
-1101
-1050
-999
-947
-895
-843
-790
-738
-685
-632
-579
-526
-473
-420
-367
-314
-260
-207
-154
-101
-48
4
57
110
163
215
268
320
372
423
475
526
577
628
678
728
778
827
876
925
973
1021
1068
1115
1161
1207
1253
1298
1342
1386
1429
1472
1515
1556
1597
1638
1678
1717
1755
1793
1830
1867
1903
1938
1973
2006
2039
2072
2103
2134
2164
2193
2222
2249
2276
2302
2328
2352
2376
2399
2421
2442
2462
2482
2501
2519
2536
2552
2567
2581
2595
2608
2620
2631
2641
2650
2658
2666
2672
2678
2683
2687
2690
2693
2694
2695
2695
2694
2692
2689
2685
2681
2676
2670
2663
2655
2647
2637
2627
2616
2605
2592
2579
2565
2550
2535
2519
2502
2484
2466
2447
2427
2406
2385
2363
2341
2318
2294
2270
2245
2219
2193
2167
2139
2111
2083
2054
2025
1995
1964
1933
1902
1870
1838
1805
1772
1738
1704
1670
1635
1600
1565
1529
1493
1457
1420
1383
1346
1309
1271
1233
1195
1157
1118
1079
1041
1002
963
923
884
845
805
766
726
687
647
607
568
528
489
449
410
370
331
291
252
213
174
136
97
59
20
-17
-55
-92
-130
-167
-204
-241
-277
-314
-350
-385
-421
-456
-490
-525
-559
-593
-626
-659
-692
-724
-756
-788
-819
-849
-880
-909
-939
-968
-997
-1025
-1052
-1080
-1106
-1133
-1158
-1184
-1209
-1233
-1257
-1280
-1303
-1326
-1348
-1369
-1390
-1410
-1430
-1449
-1468
-1486
-1504
-1521
-1538
-1554
-1570
-1585
-1600
-1614
-1627
-1640
-1653
-1665
-1676
-1687
-1698
-1707
-1717
-1726
-1734
-1742
-1749
-1756
-1762
-1767
-1773
-1777
-1782
-1785
-1788
-1791
-1793
-1795
-1796
-1797
-1797
-1797
-1796
-1795
-1794
-1792
-1789
-1786
-1783
-1779
-1775
-1770
-1765
-1760
-1754
-1747
-1741
-1734
-1726
-1718
-1710
-1701
-1692
-1683
-1673
-1663
-1653
-1642
-1631
-1620
-1608
-1596
-1584
-1572
-1559
-1546
-1532
-1518
-1504
-1490
-1476
-1461
-1446
-1431
-1415
-1400
-1384
-1368
-1352
-1335
-1318
-1302
-1285
-1267
-1250
-1233
-1215
-1197
-1179
-1161
-1143
-1124
-1106
-1087
-1069
-1050
-1031
-1012
-993
-974
-955
-935
-916
-896
-877
-857
-838
-818
-799
-779
-759
-739
-720
-700
-680
-660
-640
-621
-601
-581
-561
-541
-522
-502
-482
-463
-443
-423
-404
-384
-365
-345
-326
-306
-287
-268
-249
-230
-211
-192
-173
-154
-135
-116
-98
-79
-61
-42
-24
-6
11
29
47
65
83
101
118
136
153
170
188
205
222
239
256
272
289
305
322
338
354
370
386
402
418
434
449
465
480
495
511
526
541
555
570
585
599
614
628
642
656
670
684
697
711
724
738
751
764
777
790
803
816
828
841
853
865
877
889
901
913
924
936
947
958
969
980
991
1002
1012
1023
1033
1043
1053
1063
1073
1083
1092
1102
1111
1120
1129
1138
1146
1155
1163
1171
1179
1187
1195
1203
1210
1217
1224
1231
1238
1244
1251
1257
1263
1269
1275
1280
1285
1291
1295
1300
1305
1309
1313
1317
1321
1324
1328
1331
1334
1336
1339
1341
1343
1345
1346
1348
1349
1349
1350
1350
1350
1350
1350
1349
1348
1347
1346
1344
1342
1340
1337
1335
1332
1328
1325
1321
1317
1312
1308
1303
1297
1292
1286
1280
1273
1266
1259
1252
1244
1236
1228
1220
1211
1201
1192
1182
1172
1162
1151
1140
1128
1117
1105
1092
1080
1067
1054
1040
1026
1012
997
983
968
952
936
920
904
887
871
853
836
818
800
781
763
744
724
705
685
665
645
624
603
582
560
539
517
495
472
449
427
403
380
356
333
309
284
260
235
211
186
160
135
109
84
58
32
6
-19
-46
-72
-99
-126
-152
-179
-206
-234
-261
-288
-315
-343
-370
-397
-425
-452
-480
-507
-535
-562
-590
-617
-645
-672
-699
-726
-753
-781
-807
-834
-861
-888
-914
-941
-967
-993
-1019
-1045
-1070
-1096
-1121
-1146
-1171
-1195
-1219
-1243
-1267
-1291
-1314
-1337
-1360
-1382
-1404
-1426
-1448
-1469
-1490
-1510
-1530
-1550
-1570
-1589
-1607
-1625
-1643
-1661
-1678
-1694
-1710
-1726
-1741
-1756
-1771
-1785
-1798
-1811
-1823
-1835
-1847
-1858
-1868
-1878
-1887
-1896
-1905
-1912
-1920
-1926
-1932
-1938
-1943
-1948
-1951
-1955
-1957
-1960
-1961
-1962
-1963
-1962
-1962
-1960
-1958
-1956
-1952
-1949
-1944
-1939
-1934
-1927
-1920
-1913
-1905
-1896
-1887
-1877
-1867
-1856
-1844
-1832
-1819
-1805
-1791
-1777
-1761
-1745
-1729
-1712
-1694
-1676
-1657
-1638
-1618
-1598
-1577
-1555
-1533
-1511
-1488
-1464
-1440
-1415
-1390
-1364
-1338
-1312
-1284
-1257
-1229
-1200
-1171
-1142
-1112
-1082
-1051
-1020
-989
-957
-925
-892
-859
-826
-793
-759
-724
-690
-655
-620
-585
-549
-513
-477
-441
-404
-368
-331
-294
-256
-219
-181
-144
-106
-68
-30
7
45
83
121
160
198
236
275
313
351
389
427
465
503
541
579
616
653
691
728
765
802
838
874
910
946
982
1017
1052
1087
1121
1155
1189
1223
1256
1288
1321
1353
1384
1415
1446
1476
1506
1536
1565
1593
1621
1649
1676
1702
1728
1753
1778
1802
1826
1849
1872
1894
1915
1936
1956
1976
1995
2013
2031
2048
2064
2080
2095
2109
2123
2136
2148
2160
2171
2181
2191
2200
2208
2215
2222
2228
2233
2238
2241
2244
2247
2248
2249
2249
2249
2247
2245
2243
2239
2235
2230
2224
2218
2211
2203
2194
2185
2175
2164
2152
2140
2127
2114
2100
2085
2069
2053
2036
2018
2000
1981
1961
1941
1920
1899
1877
1854
1831
1807
1782
1757
1732
1706
1679
1652
1624
1595
1567
1537
1507
1477
1446
1415
1383
1351
1319
1286
1252
1218
1184
1150
1115
1080
1044
1008
972
936
899
862
825
787
749
711
673
635
596
557
519
480
440
401
362
322
283
243
204
164
125
85
45
6
-33
-72
-112
-151
-190
-229
-268
-307
-346
-384
-423
-461
-499
-537
-574
-612
-649
-686
-722
-759
-794
-830
-865
-900
-935
-969
-1003
-1037
-1070
-1103
-1135
-1167
-1198
-1229
-1260
-1290
-1320
-1349
-1378
-1406
-1433
-1461
-1487
-1513
-1539
-1564
-1588
-1612
-1635
-1658
-1680
-1702
-1723
-1743
-1763
-1782
-1800
-1818
-1835
-1852
-1868
-1883
-1898
-1912
-1925
-1938
-1950
-1961
-1972
-1982
-1991
-2000
-2008
-2015
-2022
-2028
-2033
-2038
-2042
-2045
-2048
-2050
-2051
-2052
-2052
-2051
-2049
-2047
-2044
-2041
-2037
-2032
-2027
-2021
-2014
-2007
-1999
-1990
-1981
-1971
-1961
-1950
-1938
-1926
-1913
-1899
-1885
-1871
-1856
-1840
-1824
-1807
-1789
-1771
-1753
-1734
-1715
-1695
-1674
-1653
-1632
-1610
-1588
-1565
-1542
-1518
-1494
-1469
-1445
-1419
-1394
-1368
-1341
-1315
-1288
-1260
-1233
-1205
-1176
-1148
-1119
-1090
-1060
-1031
-1001
-971
-940
-910
-879
-848
-817
-786
-755
-723
-692
-660
-629
-597
-565
-533
-501
-469
-437
-404
-372
-340
-308
-276
-244
-212
-180
-148
-116
-84
-53
-21
9
40
72
102
133
164
194
225
255
285
314
344
373
402
431
459
487
515
543
570
597
624
650
676
702
728
753
777
802
826
849
873
896
918
940
962
983
1004
1024
1045
1064
1083
1102
1120
1138
1156
1173
1189
1205
1221
1236
1251
1265
1279
1292
1305
1318
1330
1341
1352
1363
1373
1382
1391
1400
1408
1416
1423
1429
1436
1441
1447
1451
1456
1460
1463
1466
1468
1470
1472
1473
1474
1474
1474
1473
1472
1470
1468
1466
1463
1459
1456
1451
1447
1442
1437
1431
1425
1418
1411
1404
1396
1388
1380
1371
1362
1352
1342
1332
1322
1311
1300
1288
1276
1264
1252
1239
1226
1213
1200
1186
1172
1158
1143
1128
1113
1098
1083
1067
1051
1035
1019
1003
986
969
952
935
918
901
883
865
848
830
812
794
776
757
739
720
702
683
665
646
627
608
590
571
552
533
514
495
476
457
438
419
401
382
363
344
326
307
288
270
251
233
215
196
178
160
142
124
106
89
71
54
36
19
2
-14
-31
-47
-64
-80
-97
-113
-129
-145
-160
-176
-191
-206
-221
-236
-251
-265
-279
-294
-308
-321
-335
-348
-361
-374
-387
-400
-412
-425
-437
-449
-460
-472
-483
-494
-505
-516
-526
-536
-547
-556
-566
-576
-585
-594
-603
-612
-620
-628
-636
-644
-652
-660
-667
-674
-681
-688
-694
-701
-707
-713
-719
-724
-730
-735
-740
-745
-750
-754
-758
-763
-767
-770
-774
-778
-781
-784
-787
-790
-792
-795
-797
-799
-802
-803
-805
-807
-808
-809
-811
-812
-812
-813
-814
-814
-814
-815
-815
-814
-814
-814
-813
-813
-812
-811
-810
-809
-808
-807
-805
-804
-802
-800
-798
-796
-794
-792
-790
-787
-785
-782
-780
-777
-774
-771
-768
-765
-761
-758
-755
-751
-747
-744
-740
-736
-732
-728
-724
-720
-715
-711
-706
-702
-697
-692
-688
-683
-678
-673
-668
-662
-657
-652
-646
-641
-635
-629
-624
-618
-612
-606
-600
-594
-587
-581
-575
-568
-562
-555
-548
-542
-535
-528
-521
-514
-506
-499
-492
-485
-477
-469
-462
-454
-446
-438
-430
-422
-414
-406
-398
-389
-381
-372
-364
-355
-346
-338
-329
-320
-311
-301
-292
-283
-274
-264
-255
-245
-235
-225
-216
-206
-196
-186
-176
-165
-155
-145
-134
-124
-113
-103
-92
-81
-70
-60
-49
-38
-27
-15
-4
6
17
29
40
51
63
74
86
98
109
121
133
144
156
168
180
192
204
216
227
239
251
263
275
287
299
311
323
335
347
359
371
383
395
407
419
431
443
454
466
478
489
501
513
524
535
547
558
569
581
592
603
614
625
635
646
657
667
677
688
698
708
718
727
737
747
756
765
774
783
792
801
809
818
826
834
842
849
857
864
871
878
885
892
898
904
910
916
921
927
932
937
941
946
950
954
957
961
964
967
970
972
974
976
978
980
981
982
982
983
983
983
982
982
981
980
978
976
974
972
969
966
963
959
956
952
947
943
938
932
927
921
915
909
902
895
888
880
872
864
856
847
838
829
820
810
800
789
779
768
757
745
734
722
710
697
685
672
659
645
631
618
603
589
575
560
545
529
514
498
483
466
450
434
417
400
383
366
349
332
314
296
278
260
242
224
205
187
168
149
130
111
92
73
54
35
15
-3
-23
-42
-62
-81
-101
-121
-140
-160
-179
-199
-219
-238
-258
-278
-297
-317
-336
-355
-375
-394
-413
-432
-451
-470
-489
-507
-526
-544
-563
-581
-599
-617
-634
-652
-669
-686
-703
-720
-737
-753
-769
-785
-801
-817
-832
-847
-862
-876
-891
-905
-919
-932
-945
-958
-971
-983
-996
-1007
-1019
-1030
-1041
-1052
-1062
-1072
-1081
-1091
-1099
-1108
-1116
-1124
-1132
-1139
-1146
-1152
-1158
-1164
-1169
-1174
-1179
-1183
-1187
-1190
-1193
-1196
-1198
-1200
-1202
-1203
-1204
-1204
-1204
-1204
-1203
-1202
-1200
-1198
-1196
-1193
-1190
-1186
-1183
-1178
-1173
-1168
-1163
-1157
-1151
-1144
-1137
-1130
-1122
-1114
-1105
-1096
-1087
-1078
-1068
-1057
-1047
-1036
-1024
-1013
-1000
-988
-975
-962
-949
-935
-921
-907
-892
-877
-862
-847
-831
-815
-799
-782
-765
-748
-731
-713
-695
-677
-659
-641
-622
-603
-584
-564
-545
-525
-505
-485
-465
-445
-424
-404
-383
-362
-341
-320
-299
-278
-256
-235
-213
-192
-170
-148
-127
-105
-83
-61
-39
-18
3
25
47
69
90
112
134
155
177
198
220
241
262
283
304
325
346
366
387
407
427
447
467
487
506
526
545
564
582
601
619
637
655
672
690
707
724
740
756
772
788
804
819
834
848
863
877
890
904
917
929
942
954
965
977
988
999
1009
1019
1028
1038
1047
1055
1063
1071
1079
1086
1092
1099
1104
1110
1115
1120
1124
1128
1132
1135
1138
1140
1143
1144
1145
1146
1147
1147
1147
1146
1145
1144
1142
1140
1137
1134
1131
1127
1123
1119
1114
1109
1103
1097
1091
1084
1078
1070
1063
1055
1046
1038
1029
1019
1010
1000
989
979
968
957
945
934
922
909
897
884
871
857
843
830
815
801
786
771
756
741
726
710
694
678
662
645
628
612
595
578
560
543
525
508
490
472
454
436
418
399
381
362
344
325
307
288
269
251
232
213
194
175
156
138
119
100
81
63
44
25
7
-11
-29
-48
-66
-84
-103
-121
-139
-156
-174
-192
-209
-227
-244
-261
-278
-295
-311
-328
-344
-360
-376
-392
-407
-423
-438
-453
-468
-482
-497
-511
-525
-538
-552
-565
-578
-590
-603
-615
-627
-639
-650
-661
-672
-683
-693
-703
-713
-723
-732
-741
-750
-758
-766
-774
-782
-789
-796
-803
-809
-815
-821
-826
-831
-836
-841
-845
-849
-853
-856
-859
-862
-865
-867
-869
-870
-872
-873
-873
-874
-874
-874
-873
-872
-871
-870
-868
-867
-864
-862
-859
-856
-853
-849
-846
-842
-837
-833
-828
-823
-818
-812
-806
-800
-794
-788
-781
-774
-767
-759
-752
-744
-736
-728
-719
-711
-702
-693
-684
-675
-665
-655
-646
-636
-625
-615
-605
-594
-583
-573
-562
-551
-539
-528
-517
-505
-493
-482
-470
-458
-446
-434
-422
-409
-397
-385
-372
-360
-347
-335
-322
-310
-297
-285
-272
-259
-246
-234
-221
-208
-196
-183
-170
-158
-145
-133
-120
-108
-95
-83
-70
-58
-46
-34
-21
-9
2
14
25
37
49
60
72
83
95
106
117
128
139
150
160
171
181
191
202
212
221
231
241
250
260
269
278
287
296
304
313
321
329
337
345
353
360
367
375
382
388
395
402
408
414
420
426
432
437
443
448
453
458
462
467
471
475
479
483
487
490
493
496
499
502
505
507
509
511
513
515
517
518
519
521
522
522
523
523
524
524
524
524
523
523
522
522
521
520
519
517
516
514
512
511
509
507
504
502
499
497
494
491
488
485
482
479
475
472
468
464
461
457
453
449
444
440
436
431
427
422
417
412
408
403
398
393
387
382
377
372
366
361
355
350
344
339
333
327
321
316
310
304
298
292
286
280
274
268
262
256
250
243
237
231
225
219
213
206
200
194
188
181
175
169
163
157
150
144
138
132
126
120
113
107
101
95
89
83
77
71
65
59
53
47
41
36
30
24
18
13
7
1
-3
-9
-14
-20
-25
-31
-36
-41
-47
-52
-57
-62
-67
-72
-77
-82
-87
-92
-97
-102
-107
-111
-116
-121
-125
-130
-134
-138
-143
-147
-151
-155
-160
-164
-168
-172
-176
-179
-183
-187
-191
-194
-198
-201
-205
-208
-212
-215
-218
-221
-225
-228
-231
-234
-236
-239
-242
-245
-248
-250
-253
-255
-258
-260
-262
-265
-267
-269
-271
-273
-275
-277
-279
-281
-282
-284
-286
-287
-289
-290
-292
-293
-294
-295
-297
-298
-299
-300
-301
-301
-302
-303
-303
-304
-305
-305
-305
-306
-306
-306
-307
-307
-307
-307
-307
-306
-306
-306
-306
-305
-305
-304
-304
-303
-302
-301
-301
-300
-299
-298
-297
-295
-294
-293
-292
-290
-289
-287
-286
-284
-282
-280
-279
-277
-275
-273
-271
-268
-266
-264
-262
-259
-257
-254
-252
-249
-246
-244
-241
-238
-235
-232
-229
-226
-223
-219
-216
-213
-209
-206
-202
-199
-195
-192
-188
-184
-180
-176
-172
-169
-164
-160
-156
-152
-148
-144
-139
-135
-131
-126
-122
-117
-113
-108
-104
-99
-94
-90
-85
-80
-75
-70
-66
-61
-56
-51
-46
-41
-36
-31
-26
-21
-16
-11
-6
0
4
9
14
19
24
29
35
40
45
50
55
60
65
71
76
81
86
91
96
101
106
111
116
121
126
131
136
140
145
150
155
159
164
169
173
178
182
187
191
195
200
204
208
212
216
220
224
228
232
236
239
243
246
250
253
256
260
263
266
269
272
275
277
280
283
285
288
290
292
294
296
298
300
302
303
305
306
308
309
310
311
312
313
314
314
315
315
316
316
316
316
316
316
315
315
314
314
313
312
311
310
309
307
306
304
303
301
299
297
295
293
291
288
286
283
281
278
275
272
269
266
262
259
255
252
248
244
241
237
233
228
224
220
216
211
206
202
197
192
187
183
178
172
167
162
157
151
146
141
135
129
124
118
112
107
101
95
89
83
77
71
65
59
53
47
41
35
28
22
16
10
4
-2
-8
-14
-20
-27
-33
-39
-45
-51
-58
-64
-70
-76
-82
-88
-94
-100
-106
-112
-118
-124
-130
-135
-141
-147
-152
-158
-163
-169
-174
-179
-185
-190
-195
-200
-205
-210
-214
-219
-224
-228
-233
-237
-241
-245
-249
-253
-257
-261
-265
-268
-272
-275
-278
-281
-284
-287
-290
-293
-295
-298
-300
-302
-304
-306
-308
-310
-312
-313
-314
-316
-317
-318
-318
-319
-320
-320
-321
-321
-321
-321
-321
-320
-320
-319
-319
-318
-317
-316
-315
-313
-312
-310
-308
-307
-305
-303
-300
-298
-296
-293
-290
-287
-285
-281
-278
-275
-272
-268
-265
-261
-257
-253
-249
-245
-241
-236
-232
-227
-223
-218
-213
-208
-203
-198
-193
-188
-183
-177
-172
-166
-161
-155
-149
-144
-138
-132
-126
-120
-114
-108
-102
-95
-89
-83
-77
-70
-64
-58
-51
-45
-38
-32
-25
-19
-12
-6
0
