0
-62
-125
-188
-250
-313
-376
-438
-501
-563
-626
-688
-751
-813
-875
-937
-999
-1061
-1123
-1185
-1247
-1308
-1370
-1431
-1492
-1554
-1614
-1675
-1736
-1796
-1857
-1917
-1977
-2036
-2096
-2155
-2214
-2273
-2331
-2389
-2446
-2504
-2560
-2617
-2672
-2728
-2782
-2836
-2890
-2942
-2994
-3045
-3095
-3144
-3192
-3239
-3285
-3330
-3373
-3415
-3456
-3495
-3532
-3568
-3602
-3634
-3664
-3692
-3719
-3743
-3764
-3784
-3801
-3815
-3827
-3837
-3844
-3848
-3849
-3847
-3842
-3835
-3824
-3811
-3794
-3774
-3751
-3725
-3695
-3663
-3627
-3588
-3546
-3501
-3452
-3401
-3347
-3289
-3229
-3166
-3100
-3031
-2960
-2886
-2810
-2732
-2651
-2569
-2484
-2398
-2310
-2220
-2129
-2037
-1944
-1850
-1755
-1660
-1564
-1468
-1372
-1275
-1179
-1084
-989
-894
-801
-708
-616
-526
-437
-350
-264
-180
-98
-18
59
135
208
280
349
416
480
542
602
659
713
765
815
862
908
950
991
1029
1066
1100
1133
1164
1193
1220
1247
1272
1296
1318
1340
1362
1382
1403
1423
1443
1463
1483
1503
1524
1546
1568
1592
1616
1641
1668
1696
1725
1756
1789
1823
1859
1897
1936
1978
2021
2066
2113
2162
2213
2265
2319
2375
2432
2490
2550
2611
2674
2737
2801
2865
2930
2996
3061
3127
3192
3257
3321
3384
3446
3507
3566
3624
3680
3733
3785
3833
3879
3922
3962
3999
4032
4061
4087
4108
4126
4139
4148
4152
4152
4147
4137
4123
4104
4080
4051
4017
3979
3936
3888
3835
3778
3716
3650
3580
3506
3427
3345
3259
3170
3077
2981
2883
2781
2677
2571
2463
2353
2242
2130
2016
1901
1786
1671
1555
1440
1325
1210
1096
984
872
762
653
546
441
338
237
138
42
-51
-143
-232
-318
-401
-482
-561
-636
-709
-779
-847
-912
-975
-1036
-1094
-1150
-1204
-1257
-1307
-1356
-1404
-1451
-1496
-1540
-1584
-1628
-1670
-1713
-1756
-1799
-1842
-1886
-1930
-1976
-2022
-2069
-2118
-2168
-2220
-2273
-2328
-2385
-2443
-2504
-2566
-2630
-2697
-2765
-2835
-2906
-2980
-3055
-3132
-3210
-3290
-3371
-3453
-3536
-3619
-3703
-3787
-3871
-3955
-4038
-4121
-4203
-4283
-4362
-4439
-4514
-4586
-4655
-4722
-4785
-4845
-4900
-4952
-4999
-5041
-5078
-5110
-5137
-5157
-5172
-5181
-5183
-5179
-5168
-5151
-5127
-5096
-5057
-5012
-4960
-4901
-4834
-4761
-4681
-4593
-4500
-4399
-4293
-4180
-4061
-3936
-3806
-3670
-3529
-3384
-3235
-3081
-2924
-2763
-2600
-2433
-2265
-2095
-1924
-1752
-1579
-1406
-1234
-1062
-891
-723
-556
-391
-229
-71
83
234
381
524
661
794
921
1042
1158
1267
1370
1467
1558
1642
1719
1789
1853
1910
1961
2005
2042
2073
2098
2116
2129
2136
2138
2134
2126
2113
2095
2074
2049
2021
1990
1957
1921
1884
1845
1806
1766
1726
1687
1648
1611
1575
1542
1510
1482
1456
1434
1416
1402
1392
1387
1387
1392
1402
1418
1440
1467
1500
1539
1584
1635
1693
1756
1825
1899
1980
2065
2156
2253
2354
2459
2569
2683
2801
2922
3046
3173
3301
3432
3564
3697
3830
3963
4096
4227
4358
4486
4613
4736
4856
4972
5085
5192
5295
5392
5484
5569
5647
5719
5784
5841
5890
5931
5964
5989
6005
6012
6011
6000
5981
5952
5915
5868
5813
5748
5675
5594
5504
5405
5299
5185
5064
4935
4799
4657
4509
4355
4195
4030
3861
3687
3510
3329
3145
2958
2769
2579
2387
2195
2002
1809
1617
1425
1235
1046
859
675
493
314
138
-33
-201
-366
-526
-682
-834
-980
-1122
-1259
-1391
-1519
-1641
-1758
-1870
-1977
-2080
-2177
-2270
-2358
-2442
-2522
-2598
-2670
-2738
-2803
-2864
-2923
-2978
-3032
-3083
-3132
-3179
-3225
-3270
-3314
-3357
-3399
-3441
-3484
-3526
-3569
-3612
-3657
-3702
-3748
-3795
-3844
-3894
-3945
-3999
-4053
-4109
-4167
-4226
-4287
-4349
-4413
-4477
-4543
-4610
-4677
-4745
-4814
-4882
-4951
-5019
-5087
-5154
-5220
-5284
-5347
-5408
-5467
-5523
-5576
-5626
-5672
-5715
-5754
-5788
-5818
-5843
-5862
-5877
-5885
-5888
-5885
-5875
-5859
-5837
-5808
-5772
-5729
-5680
-5623
-5560
-5490
-5413
-5329
-5239
-5142
-5039
-4929
-4813
-4692
-4565
-4433
-4296
-4154
-4008
-3857
-3703
-3546
-3386
-3224
-3059
-2893
-2725
-2557
-2388
-2219
-2051
-1884
-1719
-1555
-1393
-1234
-1079
-927
-778
-634
-495
-360
-231
-107
10
122
228
327
420
506
586
658
724
782
834
878
916
948
972
991
1003
1009
1010
1005
995
980
961
938
911
881
848
813
776
738
698
658
618
579
541
504
469
437
408
382
360
343
330
323
321
325
336
354
378
410
449
496
550
613
685
764
852
948
1053
1166
1287
1416
1553
1698
1851
2011
2178
2351
2531
2717
2908
3104
3306
3511
3720
3932
4146
4363
4581
4799
5018
5237
5454
5670
5884
6095
6302
6505
6703
6896
7083
7264
7437
7603
7760
7910
8049
8180
8300
8410
8509
8597
8674
8739
8792
8833
8861
8877
8881
8872
8850
8816
8769
8709
8638
8554
8457
8349
8230
8099
7957
7805
7642
7470
7287
7096
6897
6689
6474
6252
6023
5788
5548
5303
5053
4800
4544
4285
4024
3762
3499
3235
2972
2709
2448
2189
1931
1677
1425
1177
933
694
459
229
5
-213
-425
-632
-832
-1026
-1213
-1393
-1567
-1733
-1893
-2045
-2191
-2329
-2461
-2586
-2704
-2816
-2921
-3020
-3113
-3200
-3281
-3357
-3428
-3494
-3555
-3612
-3665
-3714
-3759
-3801
-3841
-3877
-3911
-3943
-3974
-4002
-4030
-4056
-4081
-4106
-4130
-4155
-4179
-4203
-4228
-4253
-4279
-4306
-4333
-4361
-4390
-4420
-4452
-4484
-4517
-4551
-4586
-4622
-4658
-4696
-4734
-4772
-4811
-4850
-4889
-4928
-4967
-5005
-5043
-5080
-5116
-5151
-5185
-5217
-5248
-5276
-5303
-5327
-5349
-5368
-5385
-5399
-5410
-5418
-5422
-5423
-5421
-5415
-5406
-5393
-5376
-5356
-5332
-5304
-5273
-5238
-5200
-5158
-5113
-5064
-5012
-4957
-4899
-4838
-4775
-4709
-4641
-4570
-4498
-4424
-4348
-4271
-4193
-4114
-4034
-3953
-3873
-3792
-3711
-3630
-3550
-3471
-3392
-3314
-3238
-3162
-3088
-3016
-2945
-2875
-2808
-2742
-2679
-2617
-2557
-2499
-2442
-2388
-2335
-2284
-2235
-2187
-2140
-2095
-2050
-2007
-1964
-1922
-1880
-1838
-1796
-1753
-1710
-1666
-1620
-1574
-1525
-1474
-1422
-1366
-1308
-1247
-1182
-1114
-1041
-965
-884
-799
-709
-615
-515
-409
-299
-183
-61
66
199
338
483
634
790
953
1120
1294
1473
1657
1846
2040
2238
2441
2648
2859
3073
3291
3511
3733
3958
4184
4411
4639
4867
5094
5321
5547
5771
5992
6211
6427
6638
6846
7048
7245
7437
7622
7800
7970
8134
8288
8435
8572
8699
8817
8925
9022
9109
9184
9248
9301
9341
9370
9387
9391
9383
9363
9331
9286
9229
9160
9079
8986
8881
8764
8636
8497
8347
8186
8016
7835
7645
7446
7238
7022
6798
6567
6330
6085
5836
5581
5321
5057
4789
4519
4246
3971
3694
3417
3140
2862
2586
2311
2037
1766
1498
1233
972
715
463
216
-25
-261
-491
-714
-931
-1141
-1343
-1539
-1726
-1906
-2077
-2241
-2396
-2543
-2682
-2812
-2934
-3048
-3154
-3251
-3340
-3421
-3495
-3561
-3619
-3670
-3714
-3751
-3781
-3805
-3823
-3835
-3841
-3842
-3839
-3830
-3817
-3800
-3779
-3755
-3728
-3698
-3666
-3631
-3595
-3557
-3518
-3478
-3438
-3397
-3356
-3315
-3274
-3235
-3196
-3158
-3121
-3087
-3053
-3022
-2992
-2965
-2940
-2918
-2897
-2880
-2865
-2852
-2843
-2836
-2832
-2830
-2832
-2836
-2843
-2852
-2864
-2879
-2896
-2915
-2937
-2961
-2987
-3015
-3045
-3077
-3110
-3145
-3182
-3219
-3258
-3297
-3337
-3378
-3420
-3462
-3504
-3546
-3588
-3630
-3671
-3712
-3753
-3792
-3831
-3869
-3905
-3941
-3974
-4007
-4037
-4066
-4093
-4118
-4141
-4162
-4180
-4197
-4210
-4221
-4230
-4236
-4239
-4239
-4236
-4230
-4221
-4209
-4193
-4175
-4153
-4128
-4099
-4066
-4031
-3991
-3948
-3901
-3851
-3796
-3738
-3676
-3611
-3541
-3467
-3389
-3308
-3222
-3133
-3039
-2941
-2839
-2734
-2624
-2510
-2392
-2271
-2145
-2015
-1882
-1744
-1603
-1458
-1310
-1158
-1002
-843
-681
-516
-347
-176
-1
175
354
536
721
907
1095
1285
1476
1669
1863
2058
2253
2449
2645
2841
3036
3231
3426
3619
3811
4001
4190
4376
4560
4741
4919
5094
5265
5433
5596
5756
5910
6060
6205
6344
6478
6606
6727
6843
6952
7054
7150
7238
7320
7394
7460
7519
7570
7613
7648
7675
7694
7705
7708
7703
7689
7668
7638
7600
7554
7500
7438
7369
7291
7207
7115
7015
6909
6796
6676
6550
6417
6279
6135
5985
5830
5670
5505
5336
5163
4986
4805
4621
4434
4245
4053
3859
3664
3467
3269
3071
2871
2672
2473
2274
2076
1879
1683
1489
1297
1106
918
733
550
370
194
20
-148
-314
-476
-634
-788
-938
-1083
-1223
-1359
-1490
-1617
-1738
-1855
-1967
-2073
-2175
-2272
-2364
-2451
-2533
-2611
-2683
-2751
-2814
-2873
-2927
-2977
-3022
-3064
-3101
-3134
-3164
-3190
-3212
-3232
-3247
-3260
-3270
-3278
-3282
-3285
-3285
-3283
-3279
-3274
-3267
-3259
-3249
-3239
-3228
-3216
-3204
-3192
-3179
-3166
-3154
-3142
-3131
-3120
-3110
-3101
-3093
-3086
-3081
-3077
-3075
-3074
-3075
-3079
-3084
-3091
-3100
-3112
-3126
-3142
-3160
-3181
-3204
-3230
-3258
-3289
-3322
-3358
-3396
-3436
-3479
-3524
-3571
-3621
-3672
-3726
-3781
-3839
-3898
-3958
-4020
-4083
-4147
-4213
-4279
-4346
-4413
-4480
-4548
-4616
-4683
-4749
-4815
-4880
-4944
-5006
-5066
-5125
-5181
-5235
-5287
-5335
-5380
-5422
-5460
-5494
-5525
-5550
-5571
-5587
-5598
-5604
-5604
-5599
-5587
-5569
-5545
-5515
-5477
-5433
-5382
-5324
-5258
-5185
-5105
-5017
-4921
-4818
-4707
-4588
-4462
-4328
-4186
-4036
-3879
-3715
-3543
-3364
-3178
-2984
-2784
-2578
-2365
-2146
-1920
-1690
-1453
-1212
-966
-715
-460
-201
61
326
594
865
1138
1412
1688
1964
2241
2517
2793
3069
3342
3614
3884
4152
4416
4677
4933
5186
5434
5677
5914
6146
6371
6590
6802
7007
7204
7394
7576
7749
7914
8070
8217
8355
8483
8602
8712
8812
8902
8983
9053
9114
9164
9205
9236
9258
9269
9271
9264
9247
9221
9186
9142
9090
9029
8960
8883
8798
8706
8606
8500
8387
8268
8143
8012
7876
7734
7588
7438
7283
7125
6963
6798
6631
6461
6288
6114
5938
5761
5583
5404
5225
5045
4866
4686
4507
4329
4152
3975
3800
3627
3455
3284
3116
2949
2784
2622
2461
2303
2147
1993
1842
1693
1547
1403
1261
1122
985
850
718
588
460
334
210
88
-31
-148
-265
-379
-492
-603
-712
-820
-927
-1032
-1136
-1239
-1340
-1440
-1540
-1638
-1735
-1831
-1927
-2021
-2114
-2207
-2298
-2389
-2478
-2567
-2655
-2742
-2827
-2912
-2996
-3078
-3160
-3240
-3319
-3397
-3473
-3549
-3622
-3694
-3765
-3834
-3902
-3967
-4031
-4094
-4154
-4213
-4270
-4325
-4378
-4429
-4478
-4525
-4570
-4613
-4655
-4694
-4731
-4767
-4800
-4832
-4862
-4890
-4917
-4942
-4965
-4987
-5007
-5026
-5044
-5061
-5077
-5091
-5105
-5118
-5130
-5142
-5153
-5163
-5174
-5184
-5194
-5203
-5213
-5223
-5233
-5244
-5254
-5265
-5276
-5288
-5300
-5313
-5326
-5339
-5353
-5367
-5381
-5396
-5411
-5426
-5442
-5457
-5472
-5487
-5501
-5515
-5529
-5541
-5552
-5563
-5571
-5579
-5584
-5588
-5589
-5587
-5583
-5577
-5567
-5553
-5536
-5515
-5490
-5460
-5426
-5387
-5343
-5293
-5238
-5178
-5111
-5039
-4960
-4874
-4782
-4684
-4578
-4466
-4346
-4219
-4086
-3945
-3796
-3641
-3478
-3309
-3132
-2948
-2758
-2561
-2357
-2147
-1930
-1708
-1480
-1247
-1008
-765
-517
-264
-8
250
513
778
1046
1315
1586
1858
2130
2403
2675
2946
3215
3483
3748
4011
4270
4525
4777
5023
5264
5500
5729
5952
6168
6377
6578
6771
6956
7132
7298
7456
7604
7743
7871
7989
8097
8194
8281
8357
8422
8476
8520
8553
8575
8587
8588
8578
8559
8529
8489
8440
8381
8313
8236
8151
8057
7955
7845
7729
7605
7475
7339
7197
7050
6898
6741
6581
6417
6249
6079
5907
5733
5558
5381
5204
5026
4849
4672
4496
4321
4148
3977
3807
3641
3476
3315
3157
3003
2852
2705
2562
2423
2288
2157
2030
1908
1791
1678
1569
1465
1365
1269
1178
1091
1008
929
854
782
714
650
588
530
474
421
371
323
277
233
190
149
109
70
32
-4
-41
-78
-114
-151
-188
-225
-262
-301
-340
-380
-421
-463
-507
-552
-597
-645
-693
-744
-795
-848
-903
-958
-1016
-1074
-1134
-1195
-1257
-1321
-1385
-1450
-1516
-1583
-1651
-1719
-1787
-1856
-1925
-1994
-2064
-2133
-2202
-2270
-2338
-2406
-2473
-2539
-2605
-2669
-2733
-2796
-2858
-2918
-2977
-3036
-3092
-3148
-3202
-3256
-3307
-3358
-3407
-3455
-3502
-3548
-3592
-3636
-3678
-3719
-3760
-3799
-3838
-3876
-3914
-3950
-3987
-4022
-4058
-4093
-4128
-4163
-4197
-4232
-4266
-4301
-4335
-4370
-4404
-4439
-4474
-4509
-4544
-4579
-4614
-4649
-4684
-4719
-4753
-4788
-4821
-4854
-4886
-4918
-4948
-4978
-5005
-5032
-5056
-5079
-5100
-5118
-5134
-5147
-5157
-5163
-5166
-5166
-5161
-5153
-5140
-5122
-5099
-5072
-5039
-5000
-4956
-4905
-4849
-4786
-4717
-4641
-4559
-4469
-4373
-4270
-4159
-4041
-3916
-3784
-3644
-3498
-3344
-3183
-3015
-2840
-2659
-2471
-2276
-2075
-1868
-1656
-1438
-1214
-986
-753
-516
-275
-31
216
467
719
974
1230
1488
1746
2004
2261
2518
2774
3027
3279
3527
3773
4015
4252
4486
4714
4936
5153
5363
5566
5763
5952
6133
6305
6470
6625
6771
6908
7036
7154
7261
7359
7446
7523
7590
7646
7691
7726
7751
7765
7768
7762
7745
7718
7681
7635
7579
7514
7440
7357
7266
7167
7060
6946
6824
6696
6562
6422
6276
6125
5969
5809
5645
5478
5307
5134
4959
4782
4603
4424
4244
4063
3883
3703
3524
3346
3170
2995
2823
2653
2486
2321
2160
2002
1847
1696
1549
1406
1268
1133
1003
877
755
638
525
417
313
213
118
27
-59
-142
-221
-296
-367
-434
-499
-560
-617
-672
-724
-774
-821
-866
-908
-949
-988
-1026
-1062
-1098
-1132
-1165
-1198
-1230
-1262
-1294
-1325
-1357
-1389
-1421
-1454
-1487
-1521
-1555
-1591
-1627
-1664
-1702
-1741
-1781
-1822
-1864
-1907
-1951
-1996
-2042
-2090
-2138
-2187
-2236
-2287
-2338
-2391
-2443
-2497
-2551
-2605
-2660
-2715
-2770
-2826
-2881
-2937
-2992
-3048
-3103
-3159
-3214
-3268
-3322
-3376
-3430
-3482
-3535
-3586
-3637
-3688
-3737
-3786
-3834
-3882
-3928
-3974
-4019
-4063
-4107
-4149
-4191
-4231
-4271
-4310
-4348
-4385
-4421
-4456
-4490
-4522
-4554
-4585
-4614
-4642
-4669
-4695
-4719
-4742
-4763
-4782
-4800
-4816
-4830
-4842
-4852
-4860
-4865
-4868
-4868
-4865
-4859
-4850
-4838
-4823
-4804
-4781
-4754
-4723
-4688
-4649
-4605
-4556
-4502
-4444
-4380
-4310
-4235
-4155
-4069
-3977
-3879
-3774
-3664
-3547
-3425
-3295
-3160
-3017
-2869
-2714
-2553
-2385
-2211
-2031
-1845
-1652
-1454
-1251
-1041
-827
-607
-383
-153
79
317
558
803
1051
1301
1555
1810
2066
2324
2583
2842
3101
3360
3618
3874
4128
4380
4629
4875
5117
5355
5589
5817
6040
6256
6466
6670
6866
7054
7235
7407
7570
7724
7869
8004
8129
8244
8348
8442
8525
8597
8658
8708
8746
8773
8789
8794
8787
8768
8739
8698
8647
8585
8512
8428
8335
8231
8118
7996
7864
7724
7575
7419
7254
7083
6905
6720
6530
6333
6132
5926
5716
5503
5286
5066
4844
4620
4395
4169
3943
3716
3489
3264
3040
2817
2596
2377
2162
1949
1739
1533
1331
1134
940
751
567
388
214
46
-117
-274
-426
-573
-714
-849
-978
-1102
-1220
-1332
-1439
-1541
-1637
-1728
-1813
-1894
-1970
-2042
-2108
-2171
-2229
-2284
-2335
-2382
-2426
-2467
-2505
-2540
-2573
-2603
-2631
-2658
-2682
-2706
-2728
-2748
-2768
-2787
-2806
-2824
-2841
-2858
-2876
-2893
-2910
-2928
-2946
-2964
-2983
-3002
-3022
-3042
-3063
-3084
-3106
-3128
-3152
-3175
-3200
-3225
-3250
-3276
-3302
-3329
-3355
-3383
-3410
-3437
-3465
-3493
-3520
-3548
-3575
-3602
-3629
-3656
-3682
-3708
-3733
-3758
-3782
-3806
-3830
-3852
-3875
-3896
-3917
-3937
-3957
-3976
-3995
-4013
-4031
-4048
-4064
-4080
-4096
-4111
-4126
-4140
-4154
-4168
-4182
-4195
-4208
-4221
-4234
-4247
-4259
-4272
-4284
-4296
-4308
-4320
-4331
-4342
-4353
-4364
-4374
-4383
-4392
-4400
-4407
-4414
-4419
-4423
-4426
-4427
-4426
-4424
-4419
-4413
-4403
-4392
-4377
-4359
-4339
-4314
-4286
-4254
-4218
-4177
-4132
-4082
-4027
-3966
-3900
-3829
-3751
-3668
-3578
-3482
-3380
-3271
-3155
-3032
-2902
-2765
-2621
-2471
-2313
-2147
-1975
-1796
-1610
-1417
-1218
-1011
-799
-580
-356
-125
110
350
596
847
1101
1359
1621
1885
2153
2422
2693
2965
3237
3510
3782
4054
4324
4592
4857
5120
5379
5633
5883
6128
6367
6600
6826
7045
7255
7458
7652
7837
8012
8177
8332
8476
8609
8731
8841
8939
9026
9100
9161
9211
9248
9272
9283
9282
9269
9243
9204
9154
9091
9017
8931
8834
8726
8607
8478
8339
8191
8034
7869
7695
7514
7326
7131
6930
6724
6514
6299
6080
5859
5635
5409
5182
4955
4727
4500
4273
4049
3826
3606
3390
3176
2967
2763
2563
2369
2180
1997
1821
1651
1488
1331
1183
1041
907
780
661
550
446
349
260
179
104
37
-22
-76
-124
-165
-201
-231
-256
-276
-292
-304
-312
-317
-320
-320
-318
-314
-310
-305
-300
-296
-292
-289
-288
-289
-293
-299
-309
-322
-339
-360
-386
-416
-452
-492
-539
-590
-648
-711
-780
-856
-937
-1025
-1118
-1218
-1323
-1434
-1551
-1674
-1802
-1935
-2073
-2215
-2362
-2514
-2669
-2828
-2989
-3154
-3322
-3491
-3662
-3835
-4008
-4182
-4356
-4530
-4704
-4876
-5047
-5216
-5383
-5547
-5709
-5867
-6021
-6172
-6318
-6459
-6596
-6728
-6854
-6975
-7089
-7198
-7301
-7397
-7487
-7571
-7647
-7717
-7781
-7837
-7887
-7930
-7966
-7996
-8019
-8035
-8046
-8049
-8047
-8039
-8025
-8005
-7979
-7949
-7913
-7872
-7826
-7776
-7722
-7663
-7600
-7534
-7464
-7391
-7314
-7234
-7152
-7067
-6979
-6889
-6796
-6702
-6605
-6506
-6405
-6303
-6198
-6092
-5983
-5874
-5762
-5648
-5532
-5415
-5295
-5174
-5050
-4923
-4794
-4663
-4529
-4392
-4252
-4109
-3963
-3813
-3659
-3502
-3341
-3175
-3006
-2832
-2653
-2470
-2282
-2089
-1892
-1689
-1481
-1268
-1050
-827
-598
-364
-126
117
366
619
877
1139
1406
1677
1951
2230
2511
2795
3082
3371
3662
3955
4248
4542
4837
5131
5424
5716
6006
6294
6579
6860
7138
7411
7679
7942
8198
8448
8691
8926
9153
9371
9580
9779
9968
10147
10315
10472
10617
10750
10870
10978
11074
11156
11225
11281
11324
11353
11368
11370
11358
11333
11295
11243
11179
11102
11012
10910
10796
10671
10534
10387
10229
10062
9885
9700
9506
9305
9096
8881
8660
8434
8203
7968
7730
7489
7246
7002
6757
6512
6267
6023
5781
5542
5305
5072
4842
4617
4397
4182
3973
3770
3574
3384
3201
3026
2858
2698
2546
2402
2265
2137
2017
1904
1800
1703
1613
1531
1456
1388
1326
1271
1221
1177
1138
1103
1072
1045
1021
999
980
962
945
929
912
894
876
855
832
806
777
744
706
664
615
562
502
435
361
280
191
95
-9
-121
-243
-373
-511
-658
-814
-979
-1152
-1333
-1523
-1721
-1927
-2141
-2362
-2590
-2824
-3065
-3312
-3564
-3821
-4082
-4347
-4615
-4886
-5159
-5433
-5708
-5983
-6258
-6531
-6803
-7072
-7338
-7601
-7858
-8111
-8358
-8599
-8832
-9058
-9276
-9486
-9686
-9876
-10057
-10226
-10385
-10532
-10668
-10791
-10902
-11001
-11087
-11160
-11219
-11266
-11299
-11320
-11327
-11321
-11301
-11269
-11224
-11167
-11097
-11016
-10922
-10817
-10702
-10575
-10438
-10292
-10136
-9971
-9798
-9617
-9428
-9233
-9031
-8824
-8612
-8394
-8173
-7948
-7721
-7490
-7258
-7024
-6790
-6555
-6320
-6086
-5852
-5620
-5390
-5162
-4937
-4714
-4495
-4278
-4066
-3857
-3653
-3453
-3257
-3065
-2878
-2696
-2518
-2344
-2176
-2011
-1852
-1696
-1544
-1397
-1253
-1113
-976
-843
-712
-584
-458
-335
-213
-93
25
143
260
377
494
611
729
847
966
1086
1208
1332
1458
1585
1715
1847
1982
2119
2259
2402
2547
2695
2846
3000
3156
3315
3476
3640
3806
3973
4143
4314
4486
4660
4834
5008
5183
5358
5531
5705
5876
6047
6215
6381
6544
6704
6860
7013
7161
7304
7443
7576
7703
7825
7940
8048
8149
8243
8330
8409
8480
8543
8598
8644
8682
8712
8733
8745
8748
8743
8730
8708
8678
8639
8593
8538
8477
8407
8331
8247
8158
8062
7960
7852
7740
7622
7501
7375
7246
7113
6978
6841
6702
6561
6420
6277
6135
5993
5852
5712
5573
5436
5301
5168
5039
4912
4789
4669
4553
4440
4332
4228
4129
4034
3943
3857
3775
3698
3625
3556
3492
3432
3375
3323
3273
3227
3184
3143
3105
3069
3034
3001
2969
2937
2906
2874
2842
2808
2773
2736
2697
2655
2611
2562
2510
2453
2392
2325
2253
2176
2093
2003
1907
1805
1695
1578
1455
1323
1185
1039
885
724
556
380
197
6
-190
-394
-604
-821
-1044
-1272
-1506
-1744
-1987
-2234
-2485
-2739
-2996
-3255
-3516
-3777
-4040
-4302
-4564
-4824
-5083
-5340
-5594
-5844
-6090
-6332
-6568
-6799
-7023
-7241
-7451
-7654
-7848
-8034
-8211
-8378
-8535
-8682
-8818
-8944
-9058
-9161
-9253
-9333
-9401
-9457
-9501
-9534
-9554
-9563
-9559
-9545
-9518
-9481
-9432
-9372
-9302
-9221
-9131
-9031
-8922
-8804
-8677
-8543
-8401
-8253
-8097
-7936
-7770
-7599
-7423
-7244
-7061
-6875
-6688
-6498
-6308
-6117
-5926
-5735
-5545
-5356
-5170
-4985
-4803
-4625
-4449
-4278
-4110
-3947
-3788
-3635
-3486
-3342
-3204
-3072
-2945
-2823
-2708
-2598
-2493
-2394
-2301
-2213
-2130
-2052
-1979
-1910
-1846
-1786
-1730
-1677
-1627
-1580
-1536
-1493
-1452
-1413
-1374
-1336
-1298
-1260
-1221
-1181
-1139
-1096
-1050
-1001
-950
-895
-836
-774
-707
-636
-559
-478
-391
-299
-201
-97
11
127
249
377
511
651
797
949
1107
1270
1440
1614
1794
1978
2168
2361
2559
2760
2965
3173
3383
3596
3810
4025
4242
4459
4676
4892
5108
5322
5534
5744
5950
6154
6353
6548
6739
6924
7104
7277
7444
7605
7758
7903
8040
8169
8290
8402
8505
8598
8682
8756
8820
8875
8919
8953
8977
8991
8995
8988
8972
8945
8908
8862
8806
8740
8666
8582
8489
8388
8278
8161
8036
7903
7763
7617
7464
7306
7141
6971
6797
6618
6435
6248
6057
5864
5668
5470
5270
5069
4866
4662
4458
4254
4050
3846
3643
3441
3240
3040
2842
2646
2452
2260
2071
1884
1699
1518
1338
1162
989
819
651
487
325
166
10
-142
-292
-440
-585
-728
-868
-1006
-1142
-1275
-1407
-1537
-1665
-1792
-1917
-2041
-2164
-2286
-2407
-2527
-2646
-2765
-2883
-3000
-3118
-3235
-3351
-3468
-3584
-3701
-3817
-3933
-4049
-4165
-4280
-4396
-4511
-4626
-4740
-4854
-4967
-5080
-5192
-5302
-5412
-5520
-5626
-5731
-5835
-5936
-6035
-6131
-6225
-6316
-6404
-6489
-6570
-6648
-6722
-6791
-6857
-6918
-6974
-7026
-7072
-7113
-7149
-7179
-7204
-7223
-7236
-7242
-7243
-7237
-7226
-7207
-7183
-7152
-7114
-7070
-7020
-6963
-6900
-6830
-6754
-6673
-6585
-6491
-6391
-6286
-6176
-6060
-5939
-5813
-5683
-5548
-5409
-5266
-5119
-4969
-4816
-4659
-4500
-4339
-4175
-4010
-3843
-3675
-3506
-3337
-3167
-2996
-2826
-2657
-2488
-2320
-2153
-1987
-1823
-1661
-1500
-1342
-1187
-1033
-883
-735
-590
-448
-310
-174
-42
86
212
334
453
569
681
790
896
999
1099
1196
1290
1381
1470
1557
1641
1723
1803
1881
1958
2033
2107
2180
2252
2324
2395
2465
2536
2607
2678
2750
2822
2895
2969
3044
3120
3198
3277
3358
3440
3525
3611
3699
3789
3882
3976
4072
4170
4270
4372
4476
4581
4688
4797
4907
5018
5130
5244
5358
5472
5587
5701
5816
5930
6043
6156
6267
6376
6484
6589
6692
6792
6889
6983
7073
7158
7239
7316
7388
7454
7514
7569
7618
7660
7695
7723
7744
7758
7764
7762
7752
7734
7708
7673
7630
7578
7517
7447
7369
7282
7186
7082
6969
6847
6717
6579
6432
6277
6115
5945
5768
5583
5392
5194
4990
4780
4565
4344
4118
3888
3654
3417
3176
2932
2686
2438
2188
1938
1686
1435
1184
933
684
436
191
-51
-292
-529
-762
-991
-1216
-1436
-1651
-1861
-2064
-2262
-2453
-2638
-2816
-2987
-3151
-3308
-3457
-3598
-3732
-3858
-3976
-4086
-4189
-4284
-4371
-4450
-4521
-4586
-4643
-4692
-4735
-4771
-4800
-4823
-4840
-4851
-4856
-4856
-4851
-4842
-4828
-4811
-4790
-4765
-4738
-4708
-4676
-4642
-4607
-4571
-4534
-4497
-4460
-4423
-4387
-4352
-4319
-4287
-4257
-4230
-4205
-4182
-4163
-4147
-4134
-4125
-4120
-4118
-4121
-4128
-4138
-4153
-4173
-4196
-4223
-4255
-4291
-4331
-4375
-4422
-4473
-4528
-4586
-4647
-4710
-4777
-4845
-4916
-4989
-5062
-5137
-5213
-5290
-5366
-5442
-5518
-5593
-5667
-5738
-5808
-5876
-5941
-6002
-6061
-6115
-6166
-6212
-6253
-6289
-6320
-6345
-6365
-6378
-6385
-6385
-6378
-6365
-6345
-6317
-6282
-6239
-6189
-6132
-6067
-5994
-5914
-5826
-5731
-5628
-5519
-5402
-5278
-5147
-5010
-4866
-4716
-4560
-4398
-4231
-4059
-3882
-3700
-3514
-3324
-3131
-2934
-2734
-2532
-2328
-2121
-1914
-1705
-1495
-1285
-1075
-866
-656
-448
-241
-35
167
369
568
765
959
1150
1337
1521
1702
1879
2051
2220
2385
2545
2702
2854
3001
3145
3284
3419
3550
3676
3798
3917
4032
4142
4250
4353
4454
4551
4646
4737
4826
4913
4997
5079
5160
5238
5316
5392
5467
5541
5614
5687
5759
5831
5903
5975
6047
6120
6192
6266
6339
6413
6487
6562
6638
6714
6790
6867
6944
7021
7098
7176
7253
7329
7405
7480
7555
7628
7699
7769
7837
7903
7966
8027
8084
8138
8189
8235
8278
8315
8348
8376
8398
8415
8425
8429
8427
8418
8402
8379
8348
8310
8264
8210
8148
8078
7999
7913
7818
7715
7603
7483
7355
7218
7074
6921
6761
6593
6418
6236
6046
5850
5648
5440
5226
5006
4782
4552
4319
4082
3842
3598
3352
3105
2855
2605
2354
2102
1851
1601
1352
1105
860
618
378
142
-89
-317
-540
-758
-971
-1178
-1380
-1575
-1764
-1946
-2121
-2289
-2450
-2604
-2751
-2890
-3022
-3146
-3263
-3372
-3474
-3570
-3658
-3739
-3814
-3882
-3944
-4000
-4051
-4096
-4136
-4172
-4203
-4230
-4254
-4275
-4293
-4308
-4322
-4334
-4344
-4355
-4365
-4375
-4385
-4396
-4409
-4424
-4440
-4459
-4480
-4504
-4532
-4563
-4598
-4637
-4680
-4728
-4779
-4836
-4897
-4963
-5033
-5108
-5188
-5272
-5360
-5453
-5551
-5652
-5756
-5864
-5976
-6090
-6207
-6326
-6446
-6568
-6691
-6815
-6938
-7061
-7183
-7304
-7423
-7539
-7653
-7763
-7868
-7970
-8066
-8157
-8242
-8320
-8392
-8455
-8511
-8559
-8598
-8627
-8647
-8658
-8658
-8647
-8626
-8594
-8551
-8497
-8431
-8354
-8266
-8165
-8054
-7931
-7796
-7651
-7494
-7327
-7148
-6960
-6762
-6553
-6336
-6110
-5875
-5632
-5382
-5124
-4861
-4591
-4316
-4036
-3751
-3464
-3173
-2880
-2586
-2290
-1994
-1698
-1403
-1109
-818
-529
-244
36
313
585
852
1112
1366
1613
1853
2085
2309
2524
2731
2928
3117
3295
3465
3625
3774
3915
4045
4165
4276
4377
4469
4551
4624
4688
4744
4791
4830
4861
4885
4902
4912
4916
4914
4907
4896
4879
4860
4836
4810
4781
4751
4719
4686
4652
4619
4586
4554
4523
4493
4466
4441
4419
4399
4384
4371
4362
4358
4357
4361
4368
4381
4397
4419
4444
4474
4508
4546
4588
4634
4683
4736
4792
4850
4910
4973
5037
5103
5169
5236
5303
5370
5435
5499
5562
5622
5679
5733
5784
5830
5872
5908
5940
5965
5984
5997
6002
6000
5991
5974
5948
5915
5872
5822
5762
5693
5616
5529
5434
5329
5216
5094
4964
4825
4678
4523
4360
4191
4014
3831
3642
3447
3247
3042
2833
2620
2404
2185
1964
1742
1519
1296
1073
851
630
412
196
-16
-224
-429
-628
-822
-1010
-1192
-1366
-1534
-1694
-1845
-1988
-2123
-2249
-2365
-2472
-2569
-2657
-2734
-2802
-2860
-2909
-2947
-2976
-2995
-3005
-3005
-2997
-2980
-2955
-2922
-2882
-2834
-2779
-2719
-2652
-2580
-2504
-2423
-2339
-2251
-2161
-2070
-1976
-1883
-1789
-1695
-1603
-1512
-1423
-1337
-1255
-1176
-1102
-1032
-968
-909
-856
-810
-771
-739
-714
-697
-688
-687
-694
-709
-732
-764
-805
-853
-910
-974
-1047
-1127
-1215
-1309
-1411
-1519
-1633
-1753
-1878
-2007
-2142
-2279
-2421
-2564
-2711
-2858
-3007
-3156
-3305
-3454
-3601
-3746
-3888
-4028
-4164
-4295
-4422
-4544
-4660
-4769
-4872
-4968
-5056
-5136
-5207
-5271
-5325
-5370
-5405
-5431
-5447
-5454
-5450
-5436
-5413
-5379
-5336
-5282
-5220
-5147
-5066
-4976
-4876
-4769
-4653
-4530
-4400
-4262
-4119
-3969
-3814
-3654
-3490
-3321
-3149
-2975
-2798
-2619
-2439
-2259
-2078
-1898
-1719
-1541
-1365
-1191
-1021
-854
-691
-531
-377
-227
-83
55
188
315
436
550
658
759
854
941
1022
1096
1164
1225
1279
1328
1370
1406
1436
1462
1482
1497
1508
1515
1518
1518
1515
1510
1502
1493
1482
1471
1460
1448
1437
1427
1419
1412
1407
1405
1406
1410
1418
1429
1445
1465
1489
1519
1553
1592
1637
1686
1742
1802
1867
1938
2014
2095
2181
2271
2366
2464
2567
2674
2783
2896
3011
3128
3247
3367
3488
3609
3731
3851
3970
4088
4204
4317
4427
4533
4635
4732
4824
4911
4992
5066
5133
5193
5246
5290
5326
5354
5373
5383
5383
5375
5356
5329
5291
5244
5187
5121
5045
4960
4865
4762
4650
4529
4401
4264
4120
3969
3812
3648
3479
3304
3125
2941
2755
2565
2372
2178
1983
1787
1591
1396
1202
1010
820
633
449
270
95
-73
-237
-395
-547
-691
-828
-958
-1080
-1193
-1298
-1394
-1481
-1560
-1629
-1689
-1740
-1782
-1815
-1839
-1854
-1861
-1859
-1849
-1831
-1806
-1773
-1734
-1689
-1637
-1581
-1519
-1453
-1383
-1310
-1234
-1156
-1077
-996
-916
-836
-756
-678
-603
-530
-460
-395
-334
-278
-227
-182
-144
-113
-89
-73
-65
-65
-74
-91
-118
-154
-199
-254
-318
-392
-475
-567
-669
-780
-899
-1027
-1163
-1307
-1459
-1618
-1783
-1955
-2133
-2315
-2503
-2694
-2889
-3087
-3287
-3488
-3691
-3893
-4095
-4296
-4495
-4692
-4885
-5074
-5259
-5438
-5611
-5778
-5937
-6089
-6232
-6367
-6492
-6607
-6711
-6805
-6887
-6958
-7017
-7064
-7099
-7120
-7129
-7125
-7108
-7078
-7035
-6979
-6910
-6828
-6734
-6627
-6508
-6378
-6235
-6082
-5918
-5743
-5558
-5364
-5161
-4950
-4731
-4504
-4271
-4032
-3787
-3537
-3283
-3026
-2765
-2503
-2238
-1973
-1708
-1442
-1178
-915
-654
-396
-141
109
356
598
835
1066
1291
1509
1721
1925
2122
2312
2493
2666
2831
2988
3135
3275
3405
3527
3640
3745
3841
3929
4008
4080
4143
4199
4247
4288
4322
4350
4371
4386
4395
4399
4397
4391
4381
4366
4348
4326
4302
4274
4245
4213
4180
4145
4109
4072
4035
3997
3959
3922
3884
3848
3811
3776
3741
3708
3675
3644
3614
3585
3557
3530
3504
3480
3456
3433
3411
3390
3369
3349
3329
3309
3289
3268
3248
3226
3204
3181
3157
3131
3104
3075
3045
3012
2978
2941
2901
2859
2815
2768
2718
2665
2610
2552
2491
2427
2360
2291
2219
2144
2068
1988
1907
1824
1739
1653
1565
1476
1387
1296
1206
1115
1025
935
847
759
673
589
507
427
350
277
206
139
77
18
-35
-84
-129
-168
-202
-231
-254
-271
-282
-287
-286
-280
-267
-248
-223
-192
-156
-114
-66
-13
44
106
174
245
321
400
483
568
656
746
838
931
1024
1118
1212
1304
1396
1486
1573
1658
1740
1818
1892
1961
2025
2083
2135
2181
2220
2252
2276
2292
2299
2299
2289
2270
2242
2205
2158
2101
2034
1958
1872
1777
1671
1556
1432
1299
1157
1006
846
678
503
321
131
-64
-266
-474
-686
-903
-1124
-1348
-1575
-1804
-2034
-2266
-2497
-2728
-2957
-3185
-3411
-3633
-3852
-4066
-4275
-4479
-4677
-4867
-5051
-5226
-5393
-5552
-5701
-5840
-5969
-6088
-6196
-6292
-6378
-6452
-6513
-6564
-6602
-6627
-6641
-6643
-6632
-6610
-6575
-6529
-6472
-6403
-6323
-6232
-6131
-6020
-5899
-5770
-5631
-5484
-5330
-5168
-5000
-4825
-4645
-4460
-4271
-4078
-3882
-3683
-3483
-3282
-3079
-2877
-2676
-2476
-2278
-2082
-1889
-1700
-1514
-1334
-1158
-988
-824
-667
-516
-372
-236
-108
12
124
228
323
409
487
556
615
666
708
741
765
781
788
787
778
762
737
706
667
623
571
514
452
384
312
236
156
73
-13
-101
-191
-283
-376
-470
-563
-656
-748
-839
-928
-1015
-1100
-1182
-1260
-1335
-1406
-1473
-1535
-1592
-1645
-1692
-1733
-1769
-1799
-1822
-1840
-1851
-1856
-1855
-1847
-1833
-1812
-1785
-1752
-1712
-1666
-1614
-1555
-1491
-1422
-1346
-1265
-1179
-1088
-993
-892
-787
-678
-565
-449
-328
-205
-79
50
181
315
451
589
729
869
1011
1154
1298
1442
1587
1732
1877
2022
2166
2310
2453
2596
2738
2879
3019
3158
3295
3431
3566
3699
3831
3960
4089
4215
4340
4463
4583
4702
4819
4934
5046
5156
5264
5370
5473
5574
5672
5767
5860
5950
6037
6121
6202
6279
6354
6424
6491
6555
6614
6669
6720
6767
6809
6846
6878
6906
6928
6944
6955
6960
6959
6952
6939
6919
6892
6859
6818
6771
6716
6654
6584
6507
6422
6329
6228
6120
6004
5879
5747
5607
5459
5304
5141
4970
4792
4607
4414
4215
4009
3796
3578
3353
3123
2888
2648
2403
2154
1902
1646
1387
1126
863
598
333
67
-198
-464
-728
-991
-1252
-1510
-1765
-2016
-2263
-2506
-2743
-2974
-3199
-3417
-3628
-3832
-4027
-4214
-4392
-4560
-4719
-4869
-5008
-5136
-5254
-5361
-5456
-5541
-5614
-5676
-5726
-5764
-5791
-5806
-5810
-5803
-5785
-5755
-5715
-5664
-5603
-5532
-5451
-5362
-5263
-5155
-5040
-4917
-4787
-4650
-4508
-4359
-4206
-4048
-3887
-3722
-3554
-3385
-3214
-3042
-2869
-2698
-2527
-2357
-2190
-2025
-1864
-1706
-1553
-1404
-1261
-1124
-993
-868
-751
-641
-538
-444
-358
-281
-213
-153
-103
-62
-31
-9
3
6
0
-15
-40
-74
-117
-168
-228
-296
-373
-456
-547
-645
-750
-860
-977
-1098
-1224
-1355
-1489
-1626
-1767
-1909
-2054
-2199
-2345
-2491
-2637
-2782
-2926
-3068
-3207
-3343
-3476
-3605
-3729
-3849
-3964
-4073
-4176
-4273
-4363
-4446
-4522
-4590
-4651
-4703
-4748
-4784
-4812
-4831
-4841
-4843
-4836
-4821
-4797
-4764
-4722
-4672
-4614
-4548
-4474
-4391
-4302
-4204
-4100
-3989
-3871
-3747
-3618
-3482
-3341
-3195
-3045
-2890
-2732
-2570
-2405
-2237
-2066
-1894
-1720
-1544
-1368
-1191
-1014
-837
-660
-484
-310
-136
35
204
372
537
700
859
1016
1169
1318
1464
1606
1744
1878
2007
2133
2254
2370
2482
2590
2693
2791
2885
2974
3058
3138
3214
3285
3352
3414
3472
3526
3575
3621
3662
3700
3734
3764
3790
3813
3833
3849
3862
3872
3878
3882
3883
3881
3876
3869
3859
3846
3832
3814
3795
3773
3749
3723
3695
3665
3632
3598
3562
3525
3485
3444
3401
3356
3310
3262
3213
3162
3110
3056
3001
2945
2888
2830
2770
2710
2649
2587
2524
2461
2397
2333
2269
2204
2140
2075
2011
1948
1884
1822
1760
1699
1640
1581
1525
1469
1416
1365
1315
1268
1224
1182
1143
1107
1074
1044
1018
995
976
961
949
941
938
939
943
953
966
984
1006
1032
1063
1098
1137
1180
1228
1279
1334
1393
1456
1522
1591
1663
1738
1815
1895
1977
2061
2146
2232
2319
2407
2495
2583
2670
2757
2842
2926
3008
3087
3164
3238
3308
3374
3436
3494
3546
3593
3635
3670
3699
3722
3738
3746
3747
3740
3725
3702
3671
3631
3583
3525
3459
3384
3299
3206
3104
2992
2872
2743
2605
2458
2302
2139
1967
1788
1601
1406
1205
997
782
562
336
105
-130
-370
-614
-861
-1111
-1363
-1617
-1872
-2128
-2384
-2639
-2894
-3147
-3398
-3647
-3893
-4135
-4372
-4605
-4833
-5055
-5271
-5481
-5683
-5878
-6064
-6243
-6413
-6573
-6724
-6866
-6997
-7119
-7229
-7330
-7419
-7497
-7564
-7620
-7664
-7698
-7720
-7730
-7730
-7718
-7695
-7661
-7617
-7562
-7496
-7421
-7335
-7241
-7136
-7023
-6902
-6772
-6634
-6489
-6337
-6178
-6013
-5843
-5667
-5486
-5301
-5113
-4921
-4726
-4529
-4329
-4129
-3927
-3725
-3523
-3322
-3121
-2921
-2724
-2528
-2335
-2145
-1958
-1775
-1595
-1420
-1250
-1084
-923
-768
-618
-474
-336
-203
-77
42
156
263
364
459
547
628
704
773
836
893
944
989
1029
1063
1091
1115
1133
1147
1156
1161
1163
1160
1154
1144
1132
1117
1099
1080
1058
1035
1010
985
958
931
904
876
849
822
796
770
746
723
701
681
663
646
631
619
609
601
596
593
593
595
600
608
619
632
648
666
687
711
737
766
797
830
866
903
943
985
1028
1073
1119
1167
1216
1267
1318
1370
1423
1476
1530
1584
1639
1693
1747
1801
1854
1907
1960
2011
2062
2112
2160
2207
2254
2298
2342
2383
2424
2462
2499
2534
2567
2599
2628
2656
2681
2705
2727
2747
2765
2781
2794
2807
2817
2825
2831
2836
2839
2840
2839
2837
2833
2827
2820
2811
2801
2789
2776
2761
2745
2728
2710
2690
2669
2648
2625
2600
2575
2549
2522
2494
2465
2435
2404
2372
2339
2306
2271
2236
2200
2163
2125
2086
2046
2006
1964
1922
1879
1835
1790
1745
1698
1651
1603
1554
1504
1454
1402
1350
1297
1243
1189
1134
1078
1022
965
908
850
791
733
674
615
555
496
436
377
317
258
199
141
83
26
-30
-85
-140
-194
-246
-298
-347
-396
-443
-488
-531
-572
-612
-649
-684
-716
-746
-774
-798
-821
-840
-857
-870
-881
-888
-893
-894
-893
-888
-880
-868
-854
-836
-816
-792
-765
-736
-703
-667
-629
-588
-545
-499
-451
-400
-348
-294
-238
-180
-121
-61
0
61
123
186
249
311
374
436
497
557
616
674
729
783
835
884
931
974
1015
1052
1086
1116
1142
1165
1182
1196
1205
1209
1208
1202
1191
1175
1153
1127
1094
1057
1014
965
911
851
786
715
640
559
473
381
285
185
79
-29
-143
-261
-383
-508
-637
-768
-902
-1039
-1178
-1319
-1461
-1605
-1749
-1895
-2040
-2186
-2331
-2475
-2618
-2760
-2900
-3038
-3173
-3306
-3436
-3562
-3685
-3803
-3917
-4027
-4132
-4231
-4326
-4414
-4497
-4574
-4645
-4709
-4766
-4817
-4861
-4899
-4929
-4952
-4968
-4977
-4979
-4974
-4961
-4942
-4916
-4883
-4843
-4796
-4744
-4684
-4619
-4548
-4471
-4389
-4301
-4209
-4112
-4010
-3905
-3795
-3682
-3566
-3448
-3326
-3203
-3078
-2951
-2823
-2695
-2566
-2437
-2308
-2180
-2053
-1927
-1803
-1680
-1560
-1442
-1327
-1215
-1106
-1001
-899
-801
-707
-617
-532
-451
-374
-303
-236
-174
-116
-63
-16
26
65
99
128
152
173
189
201
210
214
216
214
209
201
191
178
164
148
130
111
92
71
51
31
11
-8
-26
-44
-60
-74
-86
-96
-103
-108
-110
-109
-104
-96
-85
-69
-50
-27
0
31
67
106
150
198
251
307
367
432
500
572
647
726
807
892
980
1070
1162
1257
1353
1451
1550
1649
1750
1851
1951
2052
2151
2250
2348
2444
2538
2629
2719
2805
2888
2968
3045
3117
3185
3249
3309
3364
3413
3458
3498
3532
3561
3584
3602
3614
3620
3621
3616
3606
3591
3570
3544
3512
3476
3435
3390
3340
3286
3229
3167
3103
3035
2965
2892
2817
2741
2663
2584
2504
2424
2344
2265
2186
2108
2032
1957
1884
1814
1747
1683
1622
1564
1511
1462
1417
1376
1340
1310
1284
1263
1248
1238
1233
1234
1240
1252
1269
1291
1319
1351
1389
1432
1479
1530
1586
1646
1709
1776
1846
1919
1994
2071
2150
2231
2313
2395
2478
2560
2642
2724
2804
2882
2958
3032
3103
3171
3236
3296
3353
3405
3452
3494
3531
3562
3588
3607
3621
3628
3629
3623
3610
3591
3565
3533
3493
3447
3395
3336
3270
3199
3121
3038
2949
2854
2754
2650
2540
2427
2310
2189
2064
1937
1807
1675
1542
1407
1270
1134
997
860
724
589
455
323
192
65
-60
-182
-301
-416
-527
-635
-738
-837
-931
-1020
-1104
-1183
-1258
-1327
-1391
-1450
-1504
-1552
-1596
-1635
-1670
-1700
-1725
-1746
-1764
-1777
-1788
-1795
-1800
-1801
-1801
-1799
-1796
-1791
-1786
-1781
-1775
-1770
-1766
-1763
-1761
-1762
-1764
-1770
-1778
-1790
-1806
-1825
-1849
-1877
-1910
-1948
-1991
-2040
-2094
-2153
-2219
-2290
-2367
-2450
-2539
-2633
-2733
-2839
-2950
-3067
-3189
-3315
-3446
-3582
-3721
-3864
-4011
-4160
-4312
-4466
-4622
-4780
-4938
-5096
-5254
-5412
-5568
-5723
-5875
-6025
-6172
-6315
-6454
-6588
-6716
-6840
-6957
-7067
-7171
-7267
-7356
-7436
-7508
-7571
-7625
-7670
-7706
-7731
-7747
-7753
-7749
-7735
-7710
-7676
-7631
-7576
-7512
-7437
-7353
-7260
-7158
-7047
-6927
-6799
-6663
-6520
-6370
-6213
-6050
-5882
-5708
-5530
-5347
-5161
-4972
-4781
-4587
-4392
-4196
-4000
-3804
-3609
-3415
-3223
-3033
-2846
-2662
-2482
-2306
-2135
-1968
-1807
-1651
-1501
-1357
-1219
-1088
-963
-845
-734
-630
-532
-442
-358
-281
-210
-146
-88
-36
10
51
87
118
145
168
188
204
218
230
241
250
259
267
276
286
298
311
327
346
369
395
427
463
504
551
604
664
730
804
884
973
1069
1173
1285
1405
1533
1669
1813
1965
2125
2293
2468
2650
2839
3035
3237
3444
3657
3875
4098
4324
4553
4785
5019
5254
5491
5727
5963
6197
6430
6660
6886
7108
7326
7538
7743
7942
8133
8316
8490
8655
8809
8953
9086
9207
9316
9412
9495
9565
9622
9665
9693
9708
9708
9693
9665
9621
9564
9492
9406
9307
9194
9067
8928
8776
8612
8437
8250
8053
7847
7631
7406
7174
6934
6689
6437
6181
5920
5657
5391
5123
4855
4586
4319
4053
3790
3530
3274
3022
2777
2537
2305
2080
1863
1655
1457
1268
1089
921
764
619
485
363
253
155
69
-3
-65
-114
-151
-176
-189
-192
-183
-163
-134
-94
-45
11
77
151
231
318
411
509
611
716
825
935
1047
1159
1271
1382
1492
1599
1703
1803
1898
1988
2072
2150
2220
2283
2338
2384
2420
2448
2465
2472
2469
2454
2429
2393
2346
2288
2218
2137
2045
1943
1830
1706
1572
1428
1275
1113
943
764
577
384
184
-20
-231
-446
-665
-888
-1113
-1339
-1567
-1795
-2022
-2249
-2474
-2696
-2915
-3130
-3341
-3547
-3747
-3940
-4127
-4306
-4477
-4640
-4794
-4939
-5075
-5201
-5316
-5422
-5517
-5601
-5675
-5738
-5790
-5832
-5863
-5884
-5895
-5896
-5886
-5868
-5841
-5805
-5760
-5708
-5649
-5582
-5510
-5431
-5348
-5260
-5168
-5073
-4975
-4875
-4773
-4671
-4569
-4467
-4366
-4266
-4170
-4075
-3985
-3898
-3816
-3739
-3667
-3601
-3541
-3487
-3441
-3401
-3369
-3345
-3328
-3319
-3318
-3325
-3340
-3362
-3393
-3431
-3476
-3528
-3588
-3654
-3726
-3804
-3887
-3976
-4069
-4166
-4266
-4369
-4475
-4582
-4691
-4800
-4909
-5018
-5124
-5229
-5332
-5431
-5526
-5616
-5702
-5782
-5856
-5922
-5982
-6034
-6078
-6113
-6139
-6155
-6162
-6160
-6146
-6123
-6089
-6044
-5989
-5923
-5847
-5759
-5662
-5554
-5436
-5308
-5170
-5024
-4868
-4704
-4533
-4353
-4167
-3974
-3776
-3572
-3364
-3151
-2935
-2717
-2497
-2275
-2053
-1831
-1610
-1390
-1172
-958
-747
-540
-338
-141
48
232
409
578
740
893
1037
1171
1297
1412
1518
1614
1699
1774
1839
1893
1938
1972
1996
2011
2016
2012
2000
1979
1950
1914
1871
1821
1766
1705
1640
1571
1499
1424
1347
1270
1192
1114
1037
963
891
822
757
697
643
594
552
518
491
473
464
464
474
494
525
566
619
683
759
845
944
1054
1175
1308
1452
1607
1772
1948
2134
2329
2533
2746
2966
3194
3428
3669
3914
4164
4417
4673
4932
5191
5450
5709
5966
6221
6472
6719
6960
7196
7424
7645
7857
8059
8251
8432
8601
8758
8901
9031
9146
9247
9332
9401
9455
9492
9512
9515
9502
9471
9424
9359
9278
9180
9065
8934
8788
8625
8448
8257
8051
7832
7601
7358
7103
6838
6564
6281
5990
5693
5389
5081
4768
4453
4135
3817
3499
3182
2866
2554
2246
1943
1646
1355
1072
798
533
278
34
-197
-418
-625
-819
-1000
-1166
-1318
-1455
-1576
-1682
-1773
-1848
-1908
-1951
-1980
-1993
-1991
-1974
-1942
-1897
-1838
-1765
-1680
-1583
-1474
-1355
-1225
-1086
-939
-784
-621
-453
-279
-101
79
263
449
635
822
1007
1191
1372
1549
1722
1889
2051
2206
2353
2492
2623
2744
2855
2956
3046
3124
3191
3246
3289
3319
3337
3342
3334
3313
3280
3234
3176
3105
3023
2929
2823
2707
2580
2443
2296
2141
1977
1806
1627
1442
1251
1055
854
650
443
234
23
-188
-399
-610
-820
-1027
-1232
-1433
-1630
-1822
-2009
-2190
-2365
-2533
-2694
-2847
-2992
-3129
-3257
-3376
-3485
-3586
-3677
-3759
-3831
-3894
-3947
-3991
-4026
-4052
-4070
-4078
-4079
-4072
-4057
-4036
-4007
-3973
-3933
-3888
-3838
-3785
-3727
-3667
-3605
-3541
-3475
-3409
-3344
-3278
-3214
-3152
-3092
-3034
-2981
-2930
-2885
-2843
-2807
-2777
-2752
-2734
-2722
-2717
-2718
-2727
-2743
-2766
-2797
-2835
-2880
-2933
-2993
-3060
-3134
-3215
-3302
-3395
-3493
-3598
-3707
-3821
-3939
-4061
-4186
-4314
-4444
-4576
-4709
-4842
-4976
-5109
-5240
-5370
-5498
-5623
-5745
-5862
-5975
-6083
-6186
-6283
-6373
-6456
-6533
-6602
-6662
-6715
-6759
-6794
-6821
-6838
-6847
-6846
-6835
-6815
-6786
-6748
-6701
-6645
-6580
-6506
-6424
-6334
-6236
-6131
-6020
-5901
-5777
-5647
-5511
-5371
-5227
-5080
-4929
-4776
-4621
-4464
-4307
-4150
-3993
-3836
-3682
-3529
-3379
-3231
-3088
-2948
-2812
-2682
-2556
-2436
-2322
-2214
-2113
-2018
-1930
-1849
-1775
-1708
-1648
-1595
-1549
-1510
-1478
-1453
-1434
-1421
-1414
-1412
-1416
-1424
-1437
-1453
-1473
-1496
-1521
-1548
-1576
-1605
-1633
-1661
-1688
-1713
-1736
-1755
-1771
-1782
-1788
-1789
-1784
-1772
-1752
-1725
-1690
-1646
-1593
-1530
-1458
-1375
-1282
-1178
-1064
-938
-801
-652
-493
-322
-140
52
256
471
696
931
1176
1430
1694
1965
2245
2531
2825
3124
3429
3739
4053
4370
4689
5010
5331
5653
5974
6293
6610
6923
7232
7536
7834
8125
8409
8684
8950
9206
9452
9686
9908
10117
10314
10496
10664
10818
10956
11079
11185
11276
11350
11407
11448
11472
11479
11469
11443
11400
11340
11265
11173
11066
10944
10807
10656
10492
10314
10123
9921
9707
9483
9249
9007
8755
8497
8232
7961
7686
7406
7123
6838
6552
6265
5978
5693
5409
5129
4852
4579
4312
4050
3796
3548
3308
3077
2855
2643
2440
2248
2067
1897
1739
1592
1457
1335
1224
1126
1040
966
905
855
817
791
776
772
779
796
823
859
904
957
1018
1086
1161
1242
1328
1419
1514
1612
1713
1816
1920
2024
2128
2232
2334
2434
2531
2624
2714
2798
2878
2952
3019
3080
3134
3179
3217
3247
3267
3279
3281
3274
3258
3231
3195
3148
3092
3026
2950
2864
2769
2664
2550
2427
2295
2154
2006
1849
1686
1515
1338
1154
965
771
572
369
162
-47
-259
-474
-690
-907
-1125
-1343
-1560
-1776
-1991
-2204
-2414
-2622
-2826
-3026
-3223
-3415
-3602
-3783
-3960
-4131
-4295
-4454
-4606
-4752
-4891
-5023
-5149
-5267
-5379
-5483
-5581
-5672
-5757
-5834
-5905
-5970
-6028
-6081
-6127
-6168
-6204
-6234
-6260
-6281
-6297
-6310
-6319
-6324
-6326
-6325
-6322
-6316
-6309
-6300
-6289
-6277
-6265
-6251
-6238
-6224
-6210
-6197
-6184
-6171
-6160
-6149
-6139
-6131
-6123
-6117
-6112
-6109
-6107
-6106
-6107
-6108
-6111
-6115
-6121
-6127
-6133
-6141
-6149
-6157
-6165
-6174
-6182
-6190
-6197
-6203
-6208
-6212
-6215
-6216
-6215
-6212
-6207
-6199
-6188
-6175
-6159
-6139
-6117
-6091
-6061
-6027
-5990
-5949
-5904
-5855
-5803
-5746
-5685
-5620
-5552
-5479
-5403
-5323
-5239
-5152
-5062
-4969
-4873
-4773
-4672
-4568
-4462
-4354
-4244
-4133
-4020
-3907
-3794
-3679
-3565
-3451
-3338
-3225
-3114
-3003
-2894
-2787
-2682
-2579
-2479
-2381
-2287
-2195
-2107
-2022
-1940
-1862
-1788
-1717
-1650
-1588
-1529
-1473
-1422
-1375
-1331
-1291
-1254
-1220
-1190
-1163
-1138
-1116
-1097
-1080
-1064
-1050
-1037
-1025
-1014
-1003
-992
-980
-968
-955
-940
-923
-904
-883
-859
-831
-800
-764
-725
-680
-631
-577
-517
-451
-379
-301
-217
-126
-28
75
187
306
432
565
705
852
1007
1168
1336
1511
1693
1881
2075
2275
2480
2691
2907
3127
3352
3581
3813
4047
4285
4524
4765
5007
5249
5491
5733
5974
6212
6449
6683
6913
7139
7361
7578
7789
7993
8192
8382
8566
8741
8907
9064
9212
9349
9476
9593
9698
9793
9875
9946
10004
10051
10085
10106
10115
10111
10094
10065
10023
9969
9902
9823
9732
9629
9514
9388
9251
9103
8945
8777
8599
8413
8217
8014
7803
7585
7360
7129
6893
6652
6407
6158
5906
5652
5396
5139
4881
4623
4366
4110
3856
3605
3356
3111
2870
2634
2403
2177
1958
1745
1539
1340
1150
967
792
627
470
322
184
55
-63
-172
-272
-361
-441
-511
-571
-621
-661
-692
-714
-726
-729
-724
-710
-688
-658
-620
-575
-523
-465
-401
-331
-256
-176
-92
-4
87
181
279
378
478
580
682
785
887
989
1089
1188
1284
1378
1470
1558
1642
1722
1799
1870
1937
1998
2054
2104
2149
2187
2219
2244
2263
2276
2281
2280
2272
2257
2236
2207
2172
2130
2081
2026
1965
1897
1823
1743
1658
1567
1471
1370
1264
1154
1039
921
798
673
544
413
279
142
4
-134
-275
-417
-559
-702
-844
-987
-1128
-1269
-1409
-1548
-1685
-1820
-1953
-2083
-2211
-2337
-2459
-2578
-2695
-2807
-2916
-3022
-3124
-3222
-3316
-3406
-3492
-3574
-3652
-3726
-3796
-3862
-3923
-3981
-4035
-4085
-4131
-4173
-4212
-4247
-4278
-4306
-4331
-4353
-4372
-4389
-4402
-4413
-4421
-4428
-4432
-4434
-4434
-4433
-4430
-4426
-4421
-4415
-4407
-4399
-4390
-4381
-4371
-4361
-4351
-4341
-4331
-4321
-4311
-4302
-4292
-4284
-4276
-4268
-4261
-4255
-4249
-4245
-4241
-4238
-4235
-4234
-4233
-4233
-4234
-4236
-4238
-4242
-4246
-4251
-4256
-4262
-4269
-4276
-4284
-4293
-4302
-4311
-4321
-4331
-4341
-4352
-4363
-4374
-4385
-4397
-4408
-4420
-4431
-4443
-4454
-4466
-4477
-4488
-4500
-4511
-4522
-4532
-4543
-4553
-4563
-4573
-4583
-4593
-4602
-4611
-4620
-4629
-4637
-4646
-4654
-4662
-4669
-4677
-4684
-4690
-4697
-4703
-4709
-4715
-4720
-4725
-4729
-4732
-4736
-4738
-4740
-4741
-4741
-4741
-4739
-4736
-4732
-4727
-4721
-4712
-4703
-4691
-4678
-4663
-4645
-4625
-4603
-4578
-4551
-4521
-4487
-4450
-4410
-4367
-4320
-4269
-4213
-4154
-4091
-4023
-3950
-3873
-3790
-3703
-3611
-3513
-3410
-3302
-3188
-3069
-2943
-2813
-2676
-2534
-2386
-2232
-2072
-1906
-1735
-1559
-1376
-1188
-995
-797
-594
-385
-172
45
267
493
723
956
1193
1433
1676
1921
2168
2417
2668
2919
3172
3424
3677
3929
4180
4429
4678
4923
5167
5407
5644
5878
6107
6331
6550
6764
6972
7174
7370
7558
7740
7913
8079
8236
8385
8526
8657
8779
8892
8995
9088
9171
9245
9308
9361
9403
9436
9458
9470
9473
9465
9447
9419
9382
9335
9279
9214
9140
9058
8968
8870
8764
8651
8532
8406
8275
8137
7995
7848
7698
7543
7385
7225
7062
6897
6732
6565
6399
6232
6066
5902
5739
5578
5419
5264
5112
4964
4820
4680
4546
4416
4293
4174
4062
3957
3858
3765
3680
3601
3530
3465
3408
3358
3316
3280
3252
3231
3217
3210
3209
3215
3227
3245
3269
3298
3333
3372
3416
3464
3516
3571
3629
3690
3753
3818
3884
3950
4018
4085
4151
4217
4281
4344
4404
4462
4516
4567
4614
4656
4694
4727
4755
4776
4792
4802
4805
4801
4790
4772
4747
4714
4673
4625
4569
4505
4434
4354
4267
4172
4069
3959
3841
3716
3584
3445
3300
3148
2989
2825
2655
2480
2300
2115
1926
1733
1536
1336
1133
928
720
511
301
89
-122
-334
-546
-757
-968
-1177
-1385
-1590
-1794
-1994
-2192
-2387
-2578
-2766
-2950
-3129
-3304
-3475
-3641
-3803
-3959
-4111
-4257
-4399
-4535
-4666
-4792
-4912
-5028
-5138
-5243
-5344
-5439
-5530
-5616
-5698
-5775
-5848
-5917
-5983
-6044
-6102
-6157
-6209
-6259
-6305
-6349
-6391
-6431
-6469
-6505
-6540
-6574
-6607
-6639
-6670
-6701
-6731
-6761
-6791
-6821
-6852
-6882
-6913
-6944
-6976
-7008
-7041
-7074
-7108
-7142
-7177
-7212
-7248
-7284
-7320
-7357
-7393
-7430
-7466
-7503
-7539
-7574
-7609
-7643
-7677
-7709
-7739
-7769
-7797
-7823
-7847
-7869
-7889
-7907
-7922
-7934
-7944
-7950
-7954
-7954
-7952
-7945
-7936
-7922
-7906
-7885
-7861
-7833
-7801
-7766
-7727
-7684
-7637
-7587
-7533
-7476
-7415
-7350
-7283
-7212
-7138
-7061
-6982
-6900
-6815
-6728
-6638
-6547
-6454
-6359
-6262
-6164
-6065
-5964
-5863
-5761
-5658
-5555
-5452
-5348
-5245
-5141
-5038
-4934
-4832
-4729
-4627
-4526
-4425
-4325
-4225
-4126
-4027
-3929
-3832
-3735
-3639
-3542
-3446
-3350
-3254
-3158
-3062
-2965
-2868
-2770
-2671
-2570
-2469
-2366
-2261
-2154
-2046
-1935
-1821
-1705
-1586
-1463
-1338
-1209
-1076
-940
-800
-655
-507
-354
-196
-34
131
302
478
658
843
1032
1227
1425
1628
1836
2047
2263
2482
2705
2931
3161
3393
3629
3866
4105
4347
4589
4832
5076
5321
5565
5808
6050
6291
6530
6766
7000
7230
7456
7678
7896
8108
8315
8516
8710
8898
9078
9250
9415
9571
9719
9857
9986
10106
10215
10315
10404
10483
10551
10609
10655
10691
10716
10729
10732
10724
10706
10676
10636
10586
10526
10455
10375
10286
10187
10080
9965
9841
9710
9571
9426
9275
9117
8955
8787
8615
8439
8260
8078
7894
7708
7520
7332
7143
6955
6768
6581
6397
6214
6034
5857
5684
5514
5348
5187
5031
4880
4734
4593
4459
4330
4208
4091
3981
3878
3781
3690
3606
3528
3457
3391
3332
3279
3231
3189
3152
3120
3092
3069
3051
3036
3024
3016
3010
3007
3005
3005
3006
3008
3011
3013
3014
3015
3015
3013
3009
3003
2994
2982
2966
2947
2924
2897
2865
2829
2788
2742
2691
2634
2572
2505
2432
2354
2270
2181
2086
1986
1881
1771
1655
1535
1411
1282
1150
1013
873
730
584
435
284
131
-22
-177
-334
-490
-647
-803
-959
-1113
-1266
-1417
-1565
-1712
-1855
-1995
-2132
-2264
-2393
-2517
-2637
-2751
-2861
-2965
-3064
-3158
-3246
-3328
-3404
-3474
-3539
-3598
-3651
-3698
-3740
-3776
-3806
-3832
-3852
-3867
-3878
-3884
-3886
-3883
-3878
-3869
-3856
-3841
-3824
-3804
-3783
-3760
-3736
-3712
-3687
-3662
-3637
-3613
-3590
-3568
-3547
-3529
-3513
-3499
-3488
-3480
-3475
-3473
-3475
-3480
-3490
-3503
-3521
-3542
-3568
-3598
-3632
-3671
-3714
-3760
-3811
-3866
-3924
-3986
-4052
-4121
-4193
-4267
-4345
-4424
-4506
-4589
-4674
-4760
-4847
-4934
-5021
-5109
-5195
-5281
-5366
-5449
-5531
-5610
-5687
-5761
-5832
-5899
-5963
-6023
-6079
-6130
-6177
-6219
-6257
-6289
-6316
-6337
-6353
-6364
-6369
-6369
-6363
-6351
-6335
-6312
-6285
-6252
-6214
-6172
-6124
-6072
-6016
-5956
-5892
-5824
-5753
-5679
-5603
-5524
-5442
-5359
-5275
-5189
-5103
-5015
-4928
-4841
-4754
-4668
-4583
-4499
-4416
-4336
-4257
-4181
-4107
-4035
-3967
-3901
-3838
-3779
-3722
-3669
-3620
-3573
-3530
-3490
-3454
-3420
-3389
-3362
-3337
-3314
-3294
-3276
-3260
-3245
-3232
-3220
-3208
-3197
-3186
-3175
-3163
-3150
-3136
-3120
-3102
-3082
-3059
-3033
-3003
-2970
-2932
-2890
-2843
-2791
-2734
-2671
-2602
-2527
-2446
-2359
-2265
-2164
-2056
-1942
-1821
-1692
-1557
-1415
-1267
-1111
-949
-781
-607
-426
-240
-49
146
348
553
763
976
1192
1411
1632
1855
2080
2305
2530
2755
2980
3203
3424
3643
3859
4071
4280
4484
4683
4877
5064
5246
5420
5588
5747
5899
6043
6178
6303
6420
6528
6626
6714
6792
6860
6919
6967
7005
7034
7052
7061
7060
7050
7031
7003
6966
6921
6868
6807
6739
6665
6584
6497
6405
6309
6207
6103
5994
5884
5771
5656
5541
5425
5309
5194
5080
4968
4858
4750
4646
4546
4450
4358
4272
4191
4115
4045
3982
3925
3875
3832
3796
3767
3745
3731
3724
3724
3731
3745
3767
3795
3829
3870
3917
3969
4027
4090
4157
4229
4304
4383
4464
4547
4633
4720
4807
4894
4981
5068
5152
5235
5315
5392
5466
5535
5599
5659
5712
5760
5802
5836
5863
5883
5894
5898
5893
5879
5857
5825
5785
5735
5676
5608
5531
5445
5350
5246
5133
5012
4883
4746
4602
4450
4292
4127
3957
3781
3600
3414
3225
3032
2837
2639
2440
2240
2039
1838
1638
1439
1243
1048
857
669
486
307
133
-34
-197
-352
-501
-643
-777
-903
-1021
-1131
-1232
-1324
-1408
-1482
-1547
-1604
-1651
-1690
-1720
-1741
-1753
-1757
-1754
-1742
-1723
-1697
-1664
-1625
-1581
-1530
-1475
-1416
-1352
-1285
-1216
-1144
-1070
-995
-920
-845
-771
-697
-626
-557
-490
-427
-368
-314
-264
-220
-182
-150
-125
-106
-95
-91
-96
-108
-129
-158
-195
-241
-296
-360
-432
-512
-601
-698
-804
-917
-1038
-1166
-1301
-1443
-1591
-1745
-1905
-2069
-2239
-2412
-2589
-2769
-2951
-3136
-3322
-3509
-3696
-3883
-4070
-4255
-4438
-4619
-4797
-4972
-5143
-5310
-5471
-5628
-5779
-5924
-6062
-6194
-6319
-6437
-6547
-6650
-6745
-6832
-6911
-6981
-7044
-7098
-7144
-7183
-7213
-7235
-7250
-7257
-7257
-7251
-7237
-7217
-7191
-7159
-7122
-7080
-7033
-6982
-6927
-6869
-6809
-6745
-6680
-6613
-6545
-6476
-6408
-6339
-6271
-6203
-6138
-6073
-6011
-5952
-5895
-5840
-5789
-5742
-5698
-5658
-5621
-5589
-5561
-5536
-5516
-5500
-5488
-5479
-5475
-5474
-5476
-5482
-5490
-5501
-5515
-5530
-5548
-5566
-5585
-5605
-5625
-5644
-5663
-5680
-5695
-5708
-5719
-5726
-5729
-5728
-5723
-5712
-5695
-5673
-5644
-5609
-5566
-5515
-5457
-5391
-5315
-5232
-5139
-5037
-4926
-4806
-4676
-4536
-4387
-4229
-4062
-3885
-3699
-3504
-3300
-3089
-2869
-2641
-2406
-2164
-1916
-1662
-1402
-1137
-868
-595
-319
-41
239
521
803
1085
1367
1647
1925
2200
2472
2740
3002
3260
3511
3756
3993
4222
4443
4656
4858
5051
5234
5406
5567
5717
5856
5983
6097
6200
6291
6369
6436
6490
6532
6563
6581
6589
6585
6570
6545
6509
6464
6410
6347
6276
6197
6111
6019
5920
5817
5709
5597
5483
5366
5247
5127
5007
4887
4768
4651
4537
4426
4318
4215
4117
4025
3939
3859
3786
3721
3664
3615
3575
3543
3521
3508
3505
3511
3526
3552
3587
3631
3685
3747
3819
3900
3988
4085
4189
4301
4419
4543
4673
4808
4947
5090
5236
5385
5535
5686
5838
5989
6139
6287
6432
6575
6713
6846
6973
7095
7209
7316
7415
7505
7585
7656
7717
7766
7805
7831
7846
7848
7838
7815
7779
7731
7669
7594
7506
7405
7291
7165
7026
6875
6713
6539
6354
6158
5953
5738
5514
5282
5042
4795
4542
4284
4020
3753
3482
3209
2934
2658
2382
2107
1833
1561
1293
1029
769
514
266
24
-210
-436
-654
-862
-1061
-1250
-1428
-1595
-1750
-1894
-2026
-2146
-2253
-2348
-2430
-2500
-2557
-2601
-2633
-2653
-2661
-2657
-2642
-2616
-2579
-2531
-2474
-2408
-2333
-2249
-2158
-2060
-1955
-1845
-1730
-1610
-1487
-1361
-1232
-1103
-972
-841
-712
-583
-457
-333
-213
-97
13
119
220
313
400
479
551
614
669
714
751
778
795
802
799
787
764
731
688
635
572
499
418
326
226
118
1
-123
-255
-394
-539
-691
-848
-1010
-1177
-1347
-1521
-1697
-1876
-2056
-2237
-2419
-2600
-2780
-2960
-3137
-3312
-3484
-3652
-3817
-3977
-4132
-4282
-4427
-4565
-4698
-4823
-4942
-5054
-5159
-5256
-5346
-5429
-5504
-5571
-5631
-5683
-5728
-5765
-5796
-5819
-5836
-5846
-5850
-5848
-5841
-5828
-5811
-5789
-5762
-5733
-5699
-5663
-5625
-5584
-5542
-5499
-5455
-5411
-5366
-5323
-5280
-5239
-5199
-5161
-5126
-5093
-5063
-5036
-5013
-4993
-4977
-4964
-4956
-4952
-4952
-4956
-4964
-4977
-4993
-5013
-5037
-5064
-5095
-5129
-5166
-5205
-5246
-5290
-5334
-5381
-5427
-5474
-5521
-5568
-5613
-5657
-5699
-5739
-5776
-5809
-5839
-5864
-5884
-5899
-5909
-5912
-5909
-5899
-5882
-5857
-5825
-5784
-5735
-5677
-5610
-5534
-5450
-5355
-5252
-5139
-5017
-4886
-4745
-4596
-4437
-4270
-4095
-3911
-3720
-3521
-3315
-3102
-2883
-2658
-2428
-2193
-1954
-1712
-1466
-1218
-968
-716
-465
-213
37
287
534
779
1020
1258
1491
1718
1940
2155
2364
2565
2758
2942
3118
3285
3441
3588
3724
3850
3965
4069
4161
4243
4313
4371
4419
4455
4480
4494
4497
4490
4473
4445
4408
4362
4307
4244
4173
4094
4009
3918
3822
3721
3615
3506
3394
3279
3164
3047
2930
2814
2700
2587
2477
2370
2267
2169
2076
1989
1908
1834
1768
1709
1659
1617
1585
1562
1549
1546
1553
1570
1598
1636
1685
1744
1814
1894
1984
2084
2193
2312
2440
2577
2721
2874
3034
3200
3373
3551
3734
3922
4113
4307
4503
4701
4899
5098
5296
5492
5686
5877
6065
6248
6425
6597
6762
6920
7070
7212
7344
7466
7579
7680
7770
7849
7915
7969
8011
8039
8054
8056
8044
8019
7980
7928
7862
7783
7690
7584
7466
7335
7192
7037
6871
6694
6507
6309
6103
5887
5664
5433
5195
4952
4703
4449
4192
3931
3669
3404
3139
2874
2610
2347
2086
1829
1575
1326
1082
844
612
387
170
-37
-237
-428
-609
-780
-940
-1089
-1228
-1354
-1470
-1573
-1665
-1744
-1812
-1867
-1911
-1942
-1962
-1971
-1967
-1953
-1928
-1893
-1847
-1792
-1727
-1654
-1572
-1482
-1386
-1282
-1172
-1057
-937
-812
-684
-553
-419
-284
-147
-10
125
261
396
528
658
784
907
1026
1139
1247
1350
1446
1535
1617
1692
1759
1818
1869
1911
1944
1968
1984
1990
1987
1975
1954
1923
1884
1836
1778
1712
1638
1555
1465
1367
1261
1148
1029
903
771
634
491
344
192
37
-122
-284
-448
-615
-784
-954
-1124
-1295
-1466
-1637
-1806
-1975
-2142
-2307
-2470
-2630
-2787
-2941
-3092
-3239
-3382
-3521
-3656
-3786
-3912
-4033
-4149
-4261
-4368
-4470
-4567
-4659
-4747
-4830
-4908
-4982
-5051
-5116
-5177
-5234
-5287
-5337
-5383
-5426
-5466
-5503
-5537
-5569
-5599
-5626
-5652
-5676
-5699
-5721
-5741
-5761
-5780
-5798
-5816
-5834
-5851
-5868
-5886
-5903
-5921
-5939
-5957
-5975
-5993
-6012
-6030
-6049
-6068
-6086
-6104
-6122
-6139
-6155
-6171
-6186
-6199
-6211
-6221
-6230
-6236
-6240
-6241
-6240
-6235
-6227
-6216
-6201
-6181
-6158
-6130
-6098
-6060
-6017
-5970
-5916
-5857
-5793
-5722
-5646
-5563
-5475
-5380
-5279
-5171
-5058
-4938
-4812
-4681
-4543
-4399
-4250
-4096
-3936
-3771
-3601
-3426
-3248
-3065
-2879
-2689
-2496
-2301
-2103
-1904
-1703
-1501
-1299
-1096
-893
-692
-491
-292
-95
99
290
479
663
844
1019
1190
1356
1516
1669
1817
1958
2091
2218
2337
2448
2552
2648
2735
2814
2885
2947
3001
3047
3084
3113
3134
3147
3152
3149
3138
3121
3096
3065
3027
2983
2934
2879
2820
2755
2687
2616
2541
2464
2384
2303
2221
2138
2056
1973
1892
1812
1734
1659
1586
1517
1452
1391
1336
1285
1240
1201
1168
1142
1123
1111
1107
1110
1122
1141
1169
1205
1249
1302
1363
1432
1509
1595
1689
1790
1899
2016
2139
2270
2406
2549
2698
2851
3010
3173
3340
3510
3683
3858
4035
4213
4392
4570
4749
4925
5100
5273
5442
5608
5770
5927
6078
6224
6363
6495
6619
6735
6843
6942
7031
7110
7180
7239
7287
7324
7349
7363
7366
7356
7335
7301
7256
7198
7129
7048
6955
6850
6734
6607
6469
6320
6161
5993
5815
5627
5432
5228
5017
4799
4574
4344
4108
3868
3623
3376
3126
2873
2620
2366
2112
1858
1606
1356
1109
865
625
390
160
-63
-281
-491
-694
-889
-1076
-1253
-1421
-1579
-1727
-1865
-1991
-2107
-2212
-2304
-2386
-2455
-2513
-2559
-2593
-2615
-2625
-2624
-2611
-2587
-2552
-2506
-2449
-2382
-2305
-2219
-2123
-2019
-1907
-1786
-1659
-1524
-1384
-1238
-1086
-930
-771
-608
-442
-274
-105
64
235
405
574
742
907
1070
1229
1384
1536
1682
1823
1958
2086
2208
2323
2430
2530
2621
2704
2778
2843
2899
2946
2983
3010
3028
3037
3035
3024
3003
2973
2933
2884
2825
2758
2682
2597
2505
2404
2295
2180
2057
1927
1792
1650
1503
1351
1194
1033
868
700
529
356
180
3
-174
-353
-532
-711
-890
-1068
-1244
-1419
-1592
-1762
-1930
-2095
-2257
-2415
-2569
-2720
-2866
-3008
-3145
-3278
-3406
-3529
-3647
-3760
-3868
-3971
-4068
-4161
-4248
-4331
-4408
-4481
-4548
-4612
-4670
-4724
-4774
-4820
-4862
-4901
-4935
-4967
-4995
-5020
-5042
-5062
-5079
-5094
-5106
-5117
-5127
-5135
-5141
-5146
-5150
-5153
-5156
-5158
-5159
-5159
-5159
-5159
-5159
-5158
-5157
-5156
-5154
-5153
-5151
-5148
-5145
-5142
-5138
-5134
-5129
-5123
-5116
-5108
-5099
-5088
-5076
-5062
-5046
-5028
-5008
-4986
-4961
-4934
-4903
-4870
-4834
-4794
-4751
-4704
-4654
-4600
-4542
-4480
-4415
-4345
-4271
-4193
-4111
-4025
-3935
-3840
-3742
-3640
-3534
-3425
-3311
-3195
-3075
-2952
-2827
-2699
-2568
-2435
-2301
-2165
-2027
-1889
-1750
-1610
-1471
-1332
-1193
-1056
-919
-785
-653
-523
-395
-271
-150
-33
79
187
291
390
484
572
655
732
802
866
924
976
1020
1058
1090
1114
1131
1142
1146
1144
1134
1119
1097
1069
1035
996
951
902
847
788
725
659
589
517
442
365
287
208
128
48
-30
-108
-185
-259
-331
-401
-466
-528
-585
-637
-683
-724
-758
-786
-807
-820
-825
-823
-811
-792
-763
-726
-679
-623
-558
-483
-399
-305
-202
-90
31
161
301
448
605
769
940
1119
1305
1497
1695
1898
2107
2319
2536
2755
2977
3201
3427
3653
3878
4104
4328
4549
4768
4984
5195
5402
5603
5798
5987
6168
6341
6506
6661
6808
6944
7069
7184
7287
7379
7458
7525
7580
7622
7651
7667
7670
7660
7636
7600
7550
7488
7413
7325
7226
7114
6991
6857
6713
6558
6393
6220
6038
5847
5650
5446
5236
5020
4800
4576
4349
4120
3889
3657
3425
3194
2965
2737
2513
2292
2076
1864
1659
1460
1268
1084
909
742
584
437
299
173
57
-46
-139
-220
-288
-345
-389
-420
-440
-447
-441
-424
-395
-353
-301
-237
-163
-78
16
120
233
355
485
622
766
916
1071
1231
1395
1562
1732
1903
2076
2249
2422
2593
2763
2930
3094
3254
3409
3558
3702
3839
3969
4091
4205
4310
4405
4491
4567
4632
4686
4729
4761
4781
4790
4786
4770
4743
4703
4652
4588
4513
4427
4328
4219
4099
3968
3828
3677
3517
3348
3170
2985
2792
2592
2386
2173
1956
1733
1507
1277
1044
809
573
335
96
-141
-379
-615
-850
-1082
-1312
-1539
-1762
-1980
-2194
-2404
-2608
-2806
-2999
-3185
-3365
-3538
-3705
-3865
-4018
-4164
-4302
-4434
-4559
-4676
-4787
-4891
-4989
-5080
-5164
-5243
-5316
-5383
-5446
-5503
-5556
-5604
-5649
-5690
-5727
-5762
-5794
-5824
-5853
-5880
-5906
-5931
-5956
-5980
-6005
-6031
-6057
-6084
-6113
-6143
-6175
-6209
-6245
-6283
-6323
-6366
-6411
-6458
-6508
-6560
-6615
-6671
-6730
-6791
-6853
-6916
-6981
-7047
-7114
-7181
-7248
-7315
-7382
-7447
-7512
-7574
-7634
-7692
-7747
-7799
-7847
-7890
-7929
-7964
-7992
-8015
-8032
-8042
-8046
-8042
-8031
-8012
-7984
-7949
-7905
-7852
-7791
-7720
-7641
-7552
-7454
-7347
-7230
-7105
-6971
-6827
-6675
-6515
-6346
-6170
-5985
-5794
-5595
-5390
-5179
-4962
-4739
-4512
-4281
-4046
-3807
-3566
-3323
-3079
-2833
-2588
-2342
-2098
-1855
-1614
-1376
-1141
-910
-683
-461
-244
-34
170
367
558
740
915
1081
1239
1388
1528
1658
1779
1891
1993
2085
2168
2242
2305
2360
2405
2441
2469
2488
2499
2503
2499
2487
2470
2446
2417
2383
2344
2302
2256
2207
2156
2104
2050
1997
1943
1891
1840
1792
1746
1704
1665
1631
1602
1579
1562
1551
1547
1550
1562
1581
1608
1645
1690
1743
1806
1879
1960
2051
2151
2260
2378
2505
2641
2785
2937
3097
3265
3439
3620
3807
3999
4197
4399
4605
4814
5025
5239
5453
5668
5883
6097
6310
6520
6727
6930
7129
7323
7511
7692
7866
8032
8190
8339
8478
8608
8726
8834
8930
9014
9086
9145
9192
9226
9247
9254
9248
9229
9197
9151
9092
9020
8935
8838
8728
8607
8474
8330
8175
8010
7835
7651
7459
7259
7051
6837
6617
6392
6163
5930
5693
5455
5215
4974
4733
4493
4255
4019
3785
3556
3330
3109
2894
2685
2483
2288
2101
1921
1751
1589
1437
1295
1162
1039
927
825
734
653
583
523
474
435
405
386
376
376
384
401
426
458
498
545
597
655
718
785
856
931
1007
1086
1165
1245
1325
1404
1482
1558
1630
1700
1766
1827
1883
1933
1978
2015
2046
2070
2085
2093
2092
2082
2063
2035
1998
1952
1896
1830
1755
1671
1577
1474
1362
1242
1112
975
829
676
516
349
176
-3
-187
-377
-571
-768
-969
-1172
-1378
-1585
-1793
-2001
-2209
-2416
-2622
-2825
-3026
-3224
-3418
-3607
-3793
-3973
-4147
-4315
-4477
-4632
-4780
-4921
-5054
-5179
-5296
-5405
-5505
-5597
-5680
-5755
-5822
-5880
-5930
-5971
-6005
-6030
-6048
-6059
-6063
-6060
-6051
-6036
-6015
-5989
-5958
-5923
-5884
-5842
-5797
-5749
-5700
-5649
-5597
-5545
-5493
-5441
-5391
-5342
-5294
-5250
-5207
-5169
-5133
-5101
-5074
-5051
-5033
-5019
-5011
-5008
-5010
-5018
-5031
-5050
-5074
-5104
-5139
-5180
-5226
-5276
-5332
-5392
-5456
-5524
-5596
-5671
-5749
-5829
-5912
-5995
-6080
-6166
-6251
-6336
-6420
-6503
-6584
-6662
-6737
-6808
-6876
-6939
-6996
-7048
-7094
-7133
-7166
-7190
-7207
-7216
-7217
-7208
-7190
-7163
-7127
-7080
-7024
-6957
-6881
-6794
-6697
-6589
-6472
-6345
-6207
-6060
-5904
-5738
-5563
-5380
-5188
-4988
-4781
-4566
-4345
-4118
-3885
-3647
-3404
-3157
-2906
-2653
-2397
-2139
-1880
-1620
-1361
-1102
-844
-588
-334
-83
164
407
647
881
1110
1334
1551
1762
1965
2162
2351
2532
2705
2870
3027
3175
3315
3446
3569
3683
3788
3885
3974
4055
4127
4192
4249
4299
4342
4379
4409
4433
4452
4465
4474
4478
4479
4476
4471
4462
4452
4440
4427
4414
4400
4386
4373
4361
4351
4342
4336
4332
4331
4333
4338
4347
4360
4377
4398
4424
4454
4488
4527
4570
4618
4670
4727
4787
4852
4921
4993
5069
5148
5229
5314
5400
5488
5578
5669
5760
5852
5944
6035
6124
6213
6299
6383
6464
6542
6616
6686
6751
6811
6866
6915
6958
6994
7024
7046
7061
7069
7069
7060
7044
7019
6986
6944
6894
6835
6768
6693
6609
6518
6418
6311
6196
6074
5945
5810
5668
5520
5367
5209
5046
4879
4708
4534
4357
4179
3998
3817
3634
3452
3270
3090
2911
2734
2559
2388
2220
2057
1897
1743
1594
1451
1314
1184
1060
944
834
732
638
552
474
404
342
288
242
205
175
154
139
133
134
141
156
177
204
237
275
318
366
417
472
530
591
654
718
783
849
914
979
1043
1105
1165
1222
1276
1326
1372
1414
1450
1481
1506
1524
1536
1541
1539
1530
1513
1488
1455
1413
1364
1306
1240
1166
1083
993
894
787
673
551
422
286
144
-4
-159
-319
-485
-655
-830
-1008
-1190
-1375
-1561
-1750
-1940
-2131
-2322
-2512
-2702
-2890
-3077
-3261
-3442
-3620
-3794
-3963
-4128
-4287
-4441
-4589
-4731
-4865
-4993
-5114
-5226
-5332
-5429
-5518
-5599
-5671
-5735
-5791
-5838
-5877
-5907
-5930
-5944
-5950
-5948
-5939
-5922
-5898
-5868
-5831
-5788
-5738
-5684
-5624
-5560
-5491
-5419
-5343
-5264
-5183
-5100
-5014
-4928
-4841
-4753
-4666
-4579
-4493
-4408
-4326
-4245
-4166
-4091
-4018
-3949
-3884
-3822
-3765
-3712
-3663
-3619
-3580
-3546
-3517
-3493
-3474
-3460
-3451
-3447
-3448
-3454
-3464
-3479
-3498
-3521
-3548
-3579
-3613
-3650
-3690
-3732
-3777
-3824
-3872
-3921
-3971
-4022
-4072
-4123
-4172
-4221
-4269
-4315
-4359
-4400
-4439
-4475
-4508
-4537
-4562
-4583
-4600
-4612
-4620
-4623
-4620
-4613
-4600
-4581
-4558
-4528
-4493
-4452
-4406
-4354
-4296
-4234
-4165
-4092
-4013
-3929
-3841
-3747
-3650
-3548
-3442
-3332
-3218
-3101
-2981
-2859
-2733
-2606
-2476
-2345
-2212
-2077
-1942
-1806
-1670
-1533
-1397
-1260
-1124
-989
-855
-721
-589
-458
-328
-201
-74
49
171
292
411
527
642
755
866
974
1081
1187
1290
1392
1492
1591
1689
1785
1881
1975
2069
2162
2255
2348
2440
2533
2626
2719
2813
2908
3003
3099
3197
3295
3395
3496
3599
3703
3808
3916
4024
4135
4247
4360
4475
4591
4709
4827
4947
5068
5189
5311
5433
5555
5677
5799
5920
6040
6159
6276
6392
6505
6616
6725
6830
6932
7029
7123
7212
7297
7376
7450
7518
7580
7635
7684
7726
7761
7788
7808
7819
7823
7818
7805
7783
7753
7714
7667
7610
7545
7472
7389
7298
7199
7091
6975
6851
6720
6581
6434
6281
6121
5955
5784
5606
5424
5237
5045
4850
4652
4450
4247
4041
3835
3627
3419
3211
3005
2799
2595
2393
2194
1999
1807
1619
1436
1258
1085
918
758
604
457
317
184
60
-56
-164
-264
-356
-439
-513
-579
-636
-684
-724
-755
-778
-793
-799
-797
-788
-771
-748
-717
-680
-636
-587
-532
-472
-408
-340
-267
-192
-114
-33
48
132
216
301
386
470
553
634
714
791
865
935
1002
1065
1123
1176
1224
1267
1303
1334
1358
1376
1387
1391
1388
1378
1360
1336
1304
1265
1218
1164
1103
1035
960
879
790
696
595
489
376
259
136
9
-122
-257
-397
-540
-685
-833
-984
-1136
-1290
-1444
-1599
-1755
-1910
-2064
-2218
-2370
-2521
-2670
-2816
-2960
-3100
-3238
-3372
-3502
-3628
-3749
-3866
-3979
-4086
-4189
-4286
-4379
-4465
-4547
-4623
-4693
-4758
-4818
-4872
-4920
-4964
-5001
-5034
-5062
-5085
-5103
-5116
-5125
-5129
-5129
-5126
-5118
-5107
-5093
-5076
-5055
-5032
-5007
-4979
-4949
-4918
-4885
-4850
-4814
-4778
-4740
-4702
-4663
-4624
-4585
-4546
-4507
-4468
-4430
-4392
-4355
-4318
-4282
-4247
-4212
-4178
-4145
-4113
-4082
-4051
-4021
-3992
-3964
-3936
-3909
-3882
-3855
-3829
-3803
-3778
-3752
-3726
-3700
-3674
-3647
-3620
-3592
-3564
-3535
-3505
-3474
-3442
-3409
-3375
-3339
-3302
-3264
-3225
-3184
-3142
-3098
-3053
-3006
-2958
-2909
-2858
-2806
-2753
-2699
-2643
-2587
-2529
-2471
-2412
-2352
-2292
-2231
-2170
-2109
-2048
-1988
-1927
-1867
-1807
-1748
-1690
-1633
-1576
-1521
-1468
-1415
-1364
-1315
-1268
-1222
-1178
-1136
-1095
-1057
-1021
-987
-954
-924
-895
-869
-844
-821
-799
-780
-761
-744
-728
-713
-699
-686
-673
-661
-648
-636
-623
-609
-595
-580
-564
-546
-526
-504
-480
-454
-425
-392
-357
-318
-276
-230
-179
-125
-66
-3
65
138
216
299
387
480
579
683
792
906
1026
1151
1281
1415
1555
1700
1849
2002
2159
2321
2486
2654
2826
3001
3178
3357
3538
3720
3903
4087
4272
4456
4640
4822
5004
5183
5360
5534
5706
5873
6037
6196
6350
6499
6642
6779
6910
7033
7150
7259
7360
7453
7538
7614
7681
7739
7787
7827
7856
7876
7886
7887
7877
7858
7828
7789
7741
7682
7614
7537
7451
7356
7252
7140
7020
6891
6756
6613
6464
6308
6146
5978
5806
5628
5447
5261
5073
4881
4687
4491
4294
4096
3898
3699
3502
3305
3110
2916
2725
2537
2352
2171
1993
1821
1652
1489
1332
1179
1033
893
760
633
513
400
294
195
103
19
-57
-127
-190
-245
-293
-334
-368
-395
-416
-430
-438
-439
-435
-426
-411
-391
-366
-337
-303
-266
-226
-182
-136
-87
-36
15
69
124
179
235
291
346
401
455
507
557
606
653
697
738
776
811
843
871
896
916
932
945
953
956
956
950
940
926
907
884
856
824
787
746
701
652
598
541
480
416
348
277
203
126
46
-35
-119
-206
-294
-384
-476
-569
-663
-758
-853
-949
-1045
-1141
-1238
-1334
-1429
-1524
-1618
-1711
-1803
-1894
-1984
-2072
-2159
-2244
-2327
-2409
-2489
-2567
-2643
-2717
-2789
-2859
-2927
-2993
-3057
-3119
-3179
-3237
-3293
-3348
-3400
-3451
-3500
-3548
-3594
-3638
-3681
-3723
-3763
-3802
-3840
-3877
-3913
-3948
-3982
-4016
-4048
-4080
-4111
-4142
-4172
-4202
-4231
-4259
-4288
-4316
-4343
-4370
-4397
-4423
-4449
-4474
-4499
-4524
-4548
-4571
-4594
-4616
-4638
-4658
-4678
-4697
-4716
-4733
-4749
-4764
-4777
-4790
-4800
-4810
-4818
-4824
-4829
-4832
-4833
-4833
-4830
-4825
-4819
-4810
-4799
-4786
-4771
-4754
-4734
-4712
-4688
-4661
-4633
-4602
-4569
-4534
-4496
-4457
-4415
-4371
-4326
-4278
-4229
-4178
-4126
-4071
-4016
-3959
-3900
-3841
-3780
-3719
-3656
-3593
-3529
-3465
-3400
-3335
-3270
-3205
-3140
-3075
-3010
-2946
-2882
-2818
-2755
-2693
-2632
-2571
-2512
-2453
-2395
-2339
-2283
-2228
-2175
-2123
-2071
-2021
-1972
-1923
-1876
-1830
-1784
-1739
-1695
-1652
-1609
-1566
-1524
-1482
-1440
-1398
-1356
-1314
-1271
-1227
-1183
-1138
-1091
-1044
-995
-945
-893
-839
-783
-725
-665
-603
-538
-470
-399
-326
-249
-170
-87
-1
88
181
277
377
481
588
699
813
931
1052
1177
1306
1438
1573
1711
1853
1997
2145
2295
2448
2603
2760
2919
3081
3243
3407
3573
3739
3906
4073
4241
4408
4576
4742
4907
5072
5235
5396
5555
5711
5865
6016
6164
6309
6449
6586
6719
6846
6970
7088
7201
7308
7410
7506
7596
7680
7757
7828
7892
7950
8000
8044
8081
8110
8133
8148
8156
8157
8151
8138
8118
8091
8058
8017
7970
7916
7856
7790
7718
7639
7556
7467
7372
7273
7169
7061
6948
6832
6712
6588
6462
6332
6200
6066
5931
5793
5654
5514
5374
5233
5092
4951
4811
4671
4532
4395
4259
4125
3993
3863
3735
3610
3488
3369
3253
3140
3031
2925
2823
2725
2630
2540
2453
2370
2291
2216
2145
2078
2015
1955
1899
1847
1798
1753
1711
1672
1636
1603
1572
1544
1517
1493
1471
1451
1431
1413
1396
1379
1363
1347
1331
1314
1297
1279
1260
1240
1218
1195
1170
1142
1112
1080
1045
1007
965
921
873
822
767
708
645
579
509
434
356
273
186
96
1
-97
-200
-306
-417
-531
-648
-769
-894
-1021
-1152
-1285
-1421
-1559
-1700
-1842
-1986
-2132
-2279
-2427
-2576
-2725
-2874
-3024
-3173
-3321
-3469
-3615
-3761
-3904
-4046
-4185
-4322
-4457
-4588
-4717
-4842
-4963
-5081
-5195
-5305
-5410
-5511
-5607
-5699
-5786
-5868
-5945
-6017
-6084
-6146
-6202
-6253
-6299
-6340
-6376
-6407
-6433
-6454
-6470
-6481
-6488
-6490
-6489
-6483
-6473
-6459
-6441
-6421
-6397
-6370
-6340
-6308
-6274
-6238
-6199
-6160
-6119
-6076
-6033
-5990
-5946
-5901
-5857
-5814
-5770
-5728
-5686
-5645
-5606
-5568
-5532
-5497
-5465
-5434
-5405
-5379
-5354
-5333
-5313
-5296
-5281
-5268
-5258
-5251
-5245
-5242
-5241
-5242
-5245
-5250
-5257
-5265
-5275
-5286
-5298
-5311
-5325
-5339
-5353
-5368
-5382
-5396
-5409
-5422
-5433
-5443
-5452
-5458
-5463
-5465
-5464
-5461
-5455
-5446
-5433
-5417
-5396
-5372
-5344
-5311
-5273
-5232
-5185
-5133
-5077
-5015
-4949
-4877
-4800
-4718
-4630
-4538
-4440
-4337
-4229
-4116
-3998
-3875
-3747
-3615
-3478
-3337
-3192
-3043
-2890
-2734
-2574
-2411
-2245
-2077
-1906
-1732
-1557
-1380
-1201
-1022
-841
-659
-477
-294
-112
70
252
433
614
793
971
1148
1324
1497
1669
1838
2006
2171
2334
2494
2652
2807
2959
3109
3256
3400
3541
3680
3815
3948
4079
4207
4332
4455
4575
4693
4809
4922
5034
5144
5252
5358
5463
5567
5669
5770
5869
5968
6066
6164
6260
6357
6452
6548
6643
6737
6832
6926
7020
7115
7209
7302
7396
7490
7583
7676
7768
7860
7952
8042
8132
8221
8309
8395
8480
8563
8644
8723
8800
8874
8945
9014
9079
9140
9198
9251
9300
9345
9385
9419
9449
9472
9490
9502
9508
9507
9500
9486
9464
9436
9401
9358
9307
9249
9184
9110
9030
8941
8845
8741
8629
8510
8384
8251
8110
7963
7809
7648
7482
7309
7131
6947
6758
6565
6367
6166
5961
5752
5541
5328
5112
4896
4678
4459
4241
4022
3805
3589
3374
3161
2951
2744
2540
2340
2144
1953
1766
1584
1408
1238
1074
916
764
619
481
350
226
109
0
-102
-197
-285
-366
-440
-506
-567
-620
-667
-709
-744
-773
-798
-817
-832
-843
-850
-853
-854
-852
-848
-843
-836
-829
-822
-815
-809
-804
-801
-800
-802
-808
-817
-830
-848
-870
-898
-932
-971
-1017
-1069
-1129
-1195
-1269
-1350
-1439
-1536
-1640
-1752
-1872
-2000
-2135
-2278
-2429
-2586
-2751
-2923
-3101
-3286
-3476
-3672
-3873
-4079
-4289
-4503
-4720
-4940
-5163
-5387
-5611
-5837
-6062
-6287
-6510
-6732
-6950
-7166
-7378
-7585
-7788
-7984
-8175
-8358
-8535
-8703
-8863
-9014
-9156
-9288
-9410
-9521
-9622
-9711
-9788
-9854
-9908
-9949
-9979
-9995
-10000
-9992
-9971
-9938
-9893
-9836
-9767
-9686
-9593
-9490
-9375
-9250
-9115
-8971
-8817
-8654
-8484
-8305
-8120
-7927
-7729
-7526
-7318
-7106
-6891
-6672
-6452
-6230
-6008
-5785
-5563
-5342
-5123
-4906
-4692
-4482
-4276
-4075
-3879
-3688
-3504
-3326
-3155
-2991
-2835
-2688
-2548
-2417
-2294
-2180
-2075
-1979
-1892
-1814
-1745
-1685
-1633
-1590
-1556
-1530
-1511
-1501
-1497
-1501
-1511
-1527
-1549
-1576
-1609
-1645
-1685
-1729
-1775
-1824
-1874
-1925
-1977
-2029
-2081
-2131
-2180
-2227
-2271
-2312
-2349
-2382
-2410
-2434
-2452
-2464
-2470
-2470
-2463
-2449
-2428
-2399
-2363
-2319
-2267
-2207
-2139
-2063
-1980
-1888
-1789
-1682
-1568
-1446
-1317
-1182
-1040
-892
-738
-578
-414
-244
-71
106
287
471
658
847
1037
1229
1421
1613
1805
1997
2187
2376
2562
2746
2927
3105
3280
3450
3616
3777
3934
4085
4231
4371
4506
4634
4757
4873
4984
5088
5186
5277
5363
5443
5516
5584
5647
5704
5755
5802
5844
5882
5915
5945
5971
5993
6013
6030
6046
6059
6071
6081
6091
6101
6110
6120
6130
6141
6153
6167
6183
6200
6219
6241
6266
6293
6323
6356
6392
6431
6473
6518
6566
6616
6670
6726
6785
6846
6909
6974
7040
7108
7177
7246
7315
7384
7453
7520
7586
7650
7712
7771
7826
7878
7926
7968
8006
8037
8063
8081
8093
8097
8094
8082
8061
8031
7992
7944
7885
7817
7738
7648
7548
7437
7316
7184
7040
6887
6722
6547
6362
6167
5962
5747
5524
5291
5050
4801
4545
4281
4012
3736
3455
3169
2880
2587
2291
1994
1695
1396
1097
798
502
208
-82
-369
-651
-928
-1200
-1464
-1721
-1970
-2211
-2442
-2664
-2876
-3077
-3266
-3445
-3611
-3765
-3907
-4035
-4151
-4254
-4344
-4420
-4484
-4534
-4571
-4595
-4606
-4605
-4591
-4566
-4529
-4481
-4422
-4353
-4275
-4187
-4091
-3987
-3876
-3758
-3635
-3506
-3374
-3237
-3098
-2957
-2814
-2671
-2529
-2387
-2248
-2111
-1977
-1848
-1723
-1604
-1491
-1385
-1286
-1195
-1113
-1040
-977
-923
-880
-847
-825
-815
-815
-828
-851
-887
-934
-992
-1062
-1144
-1236
-1339
-1453
-1577
-1711
-1854
-2006
-2166
-2334
-2510
-2692
-2880
-3073
-3270
-3472
-3677
-3884
-4092
-4301
-4511
-4719
-4926
-5131
-5332
-5529
-5722
-5909
-6090
-6265
-6431
-6590
-6739
-6879
-7009
-7129
-7237
-7334
-7419
-7492
-7552
-7600
-7634
-7655
-7663
-7657
-7638
-7606
-7560
-7501
-7428
-7343
-7246
-7136
-7014
-6880
-6735
-6580
-6414
-6239
-6055
-5862
-5662
-5454
-5240
-5020
-4795
-4565
-4332
-4097
-3859
-3619
-3379
-3139
-2900
-2663
-2428
-2196
-1967
-1743
-1524
-1310
-1103
-902
-709
-523
-345
-176
-16
134
276
407
529
640
741
832
913
983
1043
1092
1132
1162
1182
1192
1194
1186
1170
1147
1115
1077
1031
980
922
860
793
722
647
570
490
408
326
242
159
76
-5
-85
-163
-238
-311
-379
-444
-504
-560
-610
-654
-693
-726
-753
-773
-787
-793
-793
-786
-773
-752
-725
-691
-650
-603
-550
-491
-426
-356
-280
-200
-116
-27
64
160
258
359
462
566
671
776
882
987
1091
1194
1295
1394
1491
1584
1674
1760
1842
1919
1991
2059
2121
2178
2229
2274
2313
2345
2372
2393
2407
2415
2417
2414
2404
2389
2368
2342
2311
2275
2235
2191
2143
2092
2039
1982
1924
1864
1803
1742
1680
1619
1558
1499
1442
1387
1335
1286
1241
1200
1163
1131
1105
1084
1070
1062
1060
1065
1078
1097
1124
1158
1201
1250
1308
1373
1445
1525
1613
1707
1808
1916
2031
2151
2277
2409
2545
2685
2830
2978
3129
3283
3438
3595
3752
3909
4066
4221
4375
4526
4674
4819
4959
5094
5223
5347
5464
5573
5675
5769
5853
5929
5995
6051
6096
6131
6155
6168
6169
6158
6136
6102
6056
5999
5929
5848
5755
5651
5536
5410
5273
5126
4969
4802
4627
4443
4250
4051
3844
3631
3413
3189
2961
2730
2495
2258
2019
1780
1540
1301
1064
828
595
365
140
-80
-295
-505
-707
-903
-1091
-1270
-1441
-1603
-1755
-1897
-2029
-2150
-2260
-2360
-2448
-2525
-2590
-2644
-2686
-2717
-2737
-2745
-2743
-2729
-2706
-2671
-2627
-2574
-2511
-2440
-2360
-2273
-2178
-2077
-1969
-1856
-1739
-1617
-1491
-1362
-1231
-1099
-965
-831
-697
-564
-433
-304
-177
-55
63
178
287
391
489
580
665
742
811
873
926
971
1007
1034
1052
1061
1061
1052
1033
1006
969
924
870
807
737
658
571
478
377
270
157
38
-85
-214
-347
-484
-623
-766
-911
-1057
-1204
-1352
-1499
-1646
-1792
-1936
-2078
-2217
-2353
-2485
-2613
-2737
-2855
-2969
-3076
-3177
-3272
-3361
-3442
-3516
-3583
-3643
-3695
-3740
-3777
-3806
-3828
-3842
-3848
-3847
-3839
-3824
-3802
-3774
-3739
-3698
-3651
-3599
-3542
-3480
-3413
-3343
-3270
-3193
-3114
-3033
-2950
-2866
-2781
-2695
-2610
-2525
-2442
-2359
-2279
-2201
-2126
-2053
-1984
-1919
-1857
-1800
-1748
-1700
-1658
-1620
-1589
-1562
-1541
-1526
-1517
-1514
-1516
-1524
-1538
-1557
-1582
-1612
-1647
-1687
-1731
-1780
-1834
-1891
-1951
-2015
-2082
-2151
-2222
-2295
-2369
-2444
-2520
-2595
-2671
-2745
-2819
-2891
-2961
-3028
-3093
-3154
-3212
-3267
-3316
-3362
-3402
-3438
-3468
-3492
-3511
-3523
-3530
-3530
-3523
-3511
-3491
-3465
-3432
-3393
-3347
-3294
-3236
-3171
-3100
-3023
-2940
-2852
-2758
-2660
-2557
-2449
-2338
-2222
-2104
-1982
-1858
-1731
-1603
-1473
-1342
-1211
-1079
-947
-816
-686
-557
-430
-305
-183
-63
53
166
276
382
483
580
672
760
842
919
991
1058
1119
1174
1224
1268
1307
1340
1369
1391
1409
1422
1430
1433
1432
1427
1417
1405
1389
1370
1348
1324
1298
1270
1241
1211
1180
1150
1119
1089
1060
1032
1006
982
960
941
924
911
902
897
895
898
906
918
936
958
986
1020
1058
1103
1152
1208
1269
1336
1408
1485
1568
1657
1750
1848
1951
2058
2170
2285
2405
2527
2653
2782
2913
3046
3181
3317
3454
3592
3731
3869
4006
4143
4278
4411
4543
4672
4798
4920
5040
5155
5266
5372
5474
5570
5661
5746
5825
5898
5965
6025
6078
6125
6164
6197
6222
6240
6251
6254
6250
6239
6221
6196
6164
6125
6079
6027
5968
5903
5831
5755
5672
5584
5491
5393
5291
5184
5073
4959
4841
4720
4596
4470
4341
4211
4079
3945
3811
3675
3540
3404
3268
3133
2998
2863
2730
2598
2468
2339
2211
2086
1962
1841
1722
1605
1491
1379
1270
1163
1059
958
859
762
668
577
488
401
317
235
155
77
0
-73
-146
-217
-287
-356
-423
-489
-555
-620
-684
-748
-811
-874
-937
-1000
-1063
-1127
-1190
-1254
-1318
-1383
-1448
-1514
-1581
-1648
-1716
-1784
-1853
-1923
-1993
-2064
-2135
-2207
-2279
-2352
-2425
-2497
-2570
-2643
-2715
-2787
-2859
-2930
-3000
-3069
-3137
-3204
-3270
-3334
-3397
-3457
-3516
-3572
-3626
-3678
-3727
-3773
-3817
-3857
-3895
-3929
-3960
-3988
-4012
-4032
-4049
-4063
-4072
-4078
-4080
-4079
-4074
-4065
-4052
-4035
-4015
-3992
-3965
-3935
-3901
-3865
-3825
-3782
-3737
-3689
-3638
-3586
-3531
-3474
-3416
-3356
-3294
-3232
-3168
-3104
-3040
-2975
-2910
-2845
-2780
-2716
-2653
-2591
-2530
-2470
-2412
-2355
-2300
-2248
-2198
-2150
-2104
-2061
-2021
-1984
-1950
-1919
-1891
-1866
-1845
-1826
-1811
-1800
-1791
-1786
-1784
-1786
-1790
-1798
-1809
-1823
-1839
-1858
-1880
-1905
-1931
-1960
-1991
-2024
-2058
-2094
-2131
-2169
-2208
-2248
-2288
-2328
-2369
-2409
-2449
-2488
-2526
-2564
-2599
-2634
-2666
-2697
-2726
-2752
-2775
-2796
-2814
-2829
-2840
-2848
-2853
-2853
-2850
-2843
-2832
-2816
-2797
-2773
-2744
-2711
-2674
-2632
-2585
-2534
-2478
-2418
-2353
-2284
-2210
-2132
-2049
-1963
-1872
-1777
-1679
-1576
-1470
-1361
-1248
-1132
-1013
-892
-767
-641
-512
-381
-248
-114
21
157
295
433
572
711
850
988
1126
1264
1400
1535
1669
1801
1932
2060
2186
2310
2430
2548
2663
2775
2883
2988
3089
3186
3279
3368
3452
3532
3608
3679
3745
3807
3863
3915
3962
4004
4041
4073
4100
4122
4139
4151
4158
4160
4158
4151
4139
4123
4102
4077
4048
4015
3978
3937
3892
3844
3793
3738
3681
3621
3558
3493
3425
3356
3284
3212
3138
3062
2986
2909
2831
2754
2676
2598
2520
2443
2367
2291
2217
2144
2073
2003
1935
1869
1805
1743
1684
1628
1574
1523
1474
1429
1387
1348
1312
1280
1251
1225
1203
1184
1169
1156
1148
1142
1140
1141
1145
1153
1163
1176
1192
1211
1232
1256
1282
1310
1340
1372
1405
1440
1476
1513
1552
1590
1630
1669
1709
1749
1788
1827
1865
1902
1938
1973
2006
2037
2067
2094
2120
2142
2162
2180
2194
2206
2214
2219
2221
2219
2213
2204
2190
2173
2153
2128
2099
2066
2029
1988
1944
1895
1842
1785
1725
1661
1593
1521
1446
1368
1286
1201
1113
1022
929
833
734
633
531
426
319
211
102
-8
-120
-232
-345
-459
-572
-686
-799
-912
-1025
-1137
-1247
-1357
-1466
-1573
-1678
-1782
-1884
-1983
-2081
-2176
-2268
-2359
-2446
-2530
-2612
-2691
-2766
-2839
-2908
-2974
-3036
-3095
-3151
-3203
-3252
-3297
-3338
-3377
-3411
-3442
-3469
-3493
-3513
-3530
-3544
-3553
-3560
-3563
-3563
-3559
-3552
-3542
-3529
-3513
-3494
-3471
-3446
-3418
-3387
-3353
-3316
-3277
-3235
-3190
-3143
-3093
-3041
-2987
-2930
-2871
-2810
-2746
-2680
-2613
-2543
-2471
-2398
-2322
-2245
-2165
-2085
-2002
-1918
-1832
-1745
-1656
-1566
-1475
-1382
-1289
-1194
-1099
-1002
-905
-807
-709
-610
-510
-411
-311
-212
-112
-13
85
183
280
377
472
566
659
750
840
928
1013
1097
1178
1256
1331
1404
1473
1539
1602
1660
1715
1766
1813
1855
1893
1926
1955
1978
1997
2010
2019
2022
2019
2011
1998
1979
1954
1924
1888
1847
1800
1748
1690
1627
1559
1485
1407
1323
1235
1143
1046
945
840
731
619
503
385
264
141
16
-110
-239
-368
-498
-629
-760
-890
-1019
-1148
-1275
-1400
-1523
-1643
-1761
-1875
-1986
-2093
-2196
-2294
-2387
-2475
-2558
-2635
-2705
-2770
-2828
-2880
-2924
-2962
-2992
-3015
-3031
-3039
-3040
-3033
-3018
-2996
-2966
-2929
-2884
-2832
-2772
-2706
-2632
-2552
-2465
-2372
-2273
-2168
-2057
-1941
-1821
-1695
-1566
-1433
-1296
-1156
-1014
-870
-723
-575
-426
-277
-128
20
169
316
462
605
746
885
1020
1151
1278
1401
1520
1633
1741
1843
1939
2030
2113
2190
2261
2324
2380
2429
2471
2505
2531
2551
2562
2566
2563
2553
2535
2510
2478
2439
2394
2342
2284
2220
2151
2076
1995
1911
1821
1728
1631
1530
1427
1321
1212
1102
990
877
764
650
537
424
311
201
91
-15
-120
-222
-321
-417
-509
-597
-681
-761
-836
-906
-970
-1030
-1084
-1132
-1175
-1212
-1243
-1269
-1288
-1301
-1308
-1310
-1305
-1295
-1278
-1256
-1229
-1196
-1158
-1115
-1067
-1014
-957
-896
-830
-761
-688
-612
-533
-451
-366
-280
-191
-101
-10
82
175
269
363
457
551
644
737
828
918
1007
1094
1180
1263
1344
1422
1498
1571
1642
1710
1774
1836
1894
1949
2001
2049
2094
2136
2174
2209
2241
2269
2295
2317
2335
2351
2364
2374
2381
2385
2387
2386
2383
2377
2369
2359
2347
2333
2318
2300
2281
2261
2238
2215
2190
2165
2138
2110
2081
2051
2020
1988
1956
1923
1889
1854
1819
1783
1746
1708
1670
1631
1591
1551
1509
1467
1424
1380
1335
1289
1242
1194
1145
1095
1044
991
937
882
826
768
709
649
587
525
461
395
329
261
193
123
52
-18
-91
-164
-237
-311
-386
-461
-535
-610
-685
-759
-832
-905
-977
-1048
-1117
-1185
-1252
-1316
-1379
-1439
-1497
-1552
-1604
-1654
-1700
-1742
-1781
-1817
-1848
-1875
-1899
-1917
-1932
-1942
-1947
-1947
-1943
-1934
-1920
-1901
-1877
-1848
-1814
-1776
-1733
-1685
-1632
-1575
-1513
-1448
-1378
-1304
-1227
-1147
-1063
-976
-886
-794
-700
-603
-506
-406
-306
-206
-105
-4
95
195
294
391
486
580
670
758
843
924
1002
1075
1144
1208
1267
1321
1369
1412
1448
1479
1503
1520
1531
1536
1533
1523
1507
1483
1453
1415
1371
1320
1261
1196
1125
1047
963
872
776
674
567
455
338
216
90
-39
-172
-308
-448
-589
-733
-878
-1025
-1173
-1320
-1468
-1616
-1763
-1908
-2052
-2194
-2334
-2471
-2605
-2735
-2861
-2984
-3101
-3214
-3322
-3425
-3521
-3612
-3697
-3776
-3848
-3913
-3972
-4024
-4068
-4106
-4136
-4160
-4176
-4185
-4187
-4181
-4169
-4150
-4124
-4091
-4051
-4006
-3954
-3896
-3832
-3763
-3688
-3608
-3524
-3435
-3341
-3244
-3143
-3039
-2931
-2821
-2708
-2593
-2477
-2358
-2239
-2118
-1997
-1876
-1754
-1633
-1512
-1392
-1273
-1155
-1039
-924
-811
-700
-591
-485
-382
-281
-182
-87
4
93
179
262
342
418
491
561
627
691
751
808
862
913
960
1005
1048
1087
1124
1159
1191
1221
1249
1275
1299
1321
1341
1360
1378
1394
1410
1424
1437
1449
1461
1472
1483
1493
1502
1511
1520
1529
1538
1546
1554
1563
1571
1579
1587
1595
1603
1611
1619
1627
1634
1642
1649
1656
1663
1669
1675
1680
1685
1690
1693
1696
1699
1700
1701
1701
1700
1698
1695
1691
1686
1681
1674
1666
1656
1646
1635
1623
1610
1596
1581
1565
1548
1531
1513
1494
1475
1455
1435
1414
1394
1373
1353
1333
1312
1293
1273
1255
1237
1220
1204
1189
1175
1162
1151
1141
1133
1126
1122
1119
1117
1118
1121
1125
1132
1141
1152
1165
1179
1196
1215
1236
1259
1284
1310
1338
1368
1399
1431
1465
1499
1535
1572
1609
1646
1684
1722
1760
1797
1835
1871
1907
1941
1975
2006
2037
2065
2091
2115
2137
2156
2172
2185
2196
2202
2206
2206
2202
2195
2184
2168
2149
2126
2099
2067
2031
1991
1948
1899
1847
1791
1731
1667
1599
1528
1453
1375
1294
1209
1122
1032
940
845
748
650
550
448
346
243
139
35
-68
-172
-276
-379
-481
-581
-680
-778
-873
-966
-1057
-1145
-1230
-1312
-1391
-1467
-1539
-1607
-1672
-1732
-1789
-1841
-1889
-1933
-1973
-2008
-2039
-2065
-2087
-2105
-2119
-2128
-2133
-2134
-2131
-2125
-2115
-2101
-2084
-2063
-2040
-2013
-1984
-1952
-1919
-1883
-1845
-1805
-1764
-1722
-1679
-1635
-1590
-1545
-1500
-1455
-1410
-1366
-1322
-1280
-1238
-1197
-1158
-1120
-1084
-1049
-1017
-986
-957
-931
-907
-885
-865
-847
-832
-819
-809
-801
-795
-791
-789
-790
-792
-797
-803
-811
-821
-832
-844
-858
-872
-888
-905
-922
-940
-958
-976
-995
-1013
-1031
-1049
-1066
-1083
-1099
-1115
-1129
-1142
-1154
-1165
-1175
-1183
-1190
-1195
-1199
-1202
-1202
-1202
-1199
-1196
-1190
-1184
-1176
-1166
-1156
-1144
-1131
-1117
-1102
-1086
-1070
-1053
-1035
-1018
-1000
-982
-964
-946
-929
-912
-896
-880
-866
-852
-840
-829
-819
-811
-804
-799
-796
-794
-794
-797
-801
-807
-814
-824
-836
-850
-865
-882
-901
-922
-944
-968
-993
-1019
-1046
-1074
-1103
-1132
-1162
-1192
-1222
-1252
-1282
-1311
-1339
-1366
-1391
-1416
-1438
-1459
-1478
-1494
-1507
-1518
-1526
-1531
-1532
-1530
-1525
-1515
-1501
-1484
-1462
-1436
-1406
-1371
-1331
-1287
-1239
-1186
-1128
-1066
-999
-928
-853
-774
-690
-603
-511
-416
-318
-216
-112
-5
104
217
331
447
564
683
802
922
1042
1162
1282
1401
1519
1636
1751
1864
1974
2082
2187
2289
2388
2483
2573
2660
2742
2819
2892
2960
3022
3079
3130
3176
3216
3251
3280
3302
3319
3330
3336
3335
3329
3317
3300
3277
3249
3217
3179
3136
3089
3038
2982
2923
2860
2794
2725
2653
2579
2503
2425
2345
2264
2182
2100
2017
1934
1851
1769
1688
1608
1529
1452
1376
1303
1232
1163
1097
1033
973
916
861
810
763
719
678
640
607
576
549
526
505
488
474
463
455
450
447
447
448
452
458
465
474
484
495
506
518
531
543
555
567
578
588
597
605
611
615
618
618
617
613
606
597
586
571
554
533
510
484
455
423
388
351
310
267
222
174
123
71
16
-39
-97
-157
-217
-279
-341
-404
-467
-531
-594
-656
-718
-779
-839
-897
-953
-1008
-1060
-1110
-1157
-1201
-1242
-1280
-1314
-1345
-1372
-1396
-1415
-1430
-1441
-1448
-1451
-1449
-1443
-1433
-1419
-1400
-1378
-1351
-1321
-1287
-1249
-1208
-1164
-1117
-1067
-1015
-960
-904
-846
-786
-725
-663
-601
-539
-477
-415
-354
-294
-236
-179
-124
-72
-22
23
67
107
143
175
203
227
246
261
270
275
274
268
257
241
219
192
160
123
80
33
-19
-76
-137
-203
-273
-347
-424
-505
-588
-675
-763
-854
-946
-1040
-1134
-1229
-1324
-1419
-1513
-1605
-1696
-1786
-1872
-1957
-2037
-2115
-2188
-2257
-2322
-2381
-2436
-2484
-2527
-2564
-2594
-2618
-2635
-2644
-2647
-2643
-2631
-2612
-2586
-2552
-2511
-2462
-2407
-2344
-2274
-2197
-2114
-2024
-1928
-1826
-1718
-1605
-1487
-1365
-1238
-1107
-973
-836
-696
-555
-411
-266
-121
24
170
315
459
601
741
879
1013
1145
1272
1395
1513
1627
1735
1837
1933
2022
2105
2182
2251
2312
2366
2413
2452
2482
2505
2521
2528
2527
2518
2502
2478
2447
2408
2363
2310
2251
2186
2114
2037
1954
1867
1774
1678
1578
1474
1367
1257
1146
1032
918
802
686
571
456
341
228
117
8
-97
-201
-301
-397
-489
-578
-661
-740
-813
-881
-944
-1001
-1052
-1097
-1136
-1169
-1196
-1217
-1231
-1240
-1242
-1238
-1229
-1213
-1192
-1166
-1134
-1098
-1056
-1011
-961
-907
-849
-788
-724
-657
-588
-517
-444
-370
-296
-220
-144
-68
6
81
154
226
297
365
431
495
556
614
669
720
768
812
853
889
922
950
974
994
1010
1022
1030
1033
1033
1029
1021
1009
994
976
955
931
904
874
843
809
774
737
699
660
621
581
541
501
461
422
384
348
312
278
246
216
188
163
140
119
102
87
75
66
60
57
58
61
68
77
89
104
122
142
165
189
216
245
275
307
339
373
407
442
476
511
545
578
610
640
669
696
721
743
763
779
792
802
807
809
807
800
789
773
752
727
696
661
620
575
525
469
409
344
274
200
121
38
-48
-139
-233
-330
-431
-534
-639
-746
-855
-965
-1076
-1187
-1299
-1410
-1520
-1629
-1736
-1841
-1944
-2043
-2140
-2232
-2321
-2405
-2484
-2557
-2625
-2687
-2743
-2792
-2833
-2868
-2896
-2915
-2927
-2931
-2927
-2915
-2895
-2866
-2828
-2783
-2729
-2667
-2597
-2519
-2433
-2340
-2239
-2131
-2017
-1895
-1768
-1635
-1496
-1352
-1203
-1051
-894
-734
-572
-407
-240
-72
96
265
434
602
769
934
1097
1257
1413
1566
1714
1858
1996
2129
2256
2376
2490
2596
2695
2786
2869
2944
3011
3069
3118
3159
3190
3213
3226
3231
3226
3213
3191
3161
3122
3074
3019
2956
2886
2808
2723
2632
2535
2432
2324
2211
2093
1971
1846
1717
1586
1453
1318
1182
1046
909
772
636
502
369
238
109
-15
-137
-255
-369
-478
-583
-682
-776
-864
-947
-1023
-1093
-1157
-1213
-1263
-1307
-1343
-1373
-1396
-1412
-1421
-1423
-1419
-1409
-1392
-1369
-1340
-1306
-1266
-1220
-1170
-1116
-1057
-994
-927
-858
-785
-709
-632
-552
-471
-389
-307
-223
-140
-57
24
105
185
263
339
412
483
552
617
679
737
791
842
888
930
968
1001
1030
1054
1073
1088
1098
1104
1105
1101
1093
1080
1064
1043
1018
990
957
922
883
841
796
749
700
648
594
539
482
425
366
307
247
188
128
69
10
-47
-104
-160
-214
-267
-318
-368
-415
-460
-504
-544
-583
-619
-653
-684
-712
-738
-762
-783
-801
-818
-832
-843
-853
-860
-865
-869
-871
-872
-871
-868
-865
-861
-856
-850
-844
-838
-831
-825
-819
-813
-808
-803
-800
-797
-795
-795
-796
-798
-802
-807
-814
-823
-833
-845
-859
-874
-891
-910
-930
-952
-976
-1000
-1026
-1054
-1082
-1111
-1141
-1171
-1202
-1234
-1265
-1296
-1327
-1357
-1387
-1415
-1443
-1469
-1494
-1516
-1537
-1556
-1572
-1586
-1596
-1604
-1609
-1610
-1608
-1603
-1593
-1580
-1563
-1542
-1516
-1487
-1453
-1415
-1372
-1326
-1275
-1220
-1160
-1097
-1030
-958
-883
-805
-722
-637
-548
-457
-362
-266
-167
-66
36
140
245
352
458
565
672
779
885
990
1094
1196
1296
1394
1489
1582
1671
1757
1839
1918
1992
2061
2127
2187
2242
2291
2336
2375
2408
2435
2456
2471
2480
2483
2480
2471
2455
2434
2406
2373
2334
2289
2238
2182
2120
2054
1983
1907
1826
1741
1653
1561
1465
1366
1265
1161
1054
946
837
726
614
502
390
278
166
55
-54
-163
-269
-374
-476
-576
-673
-767
-857
-944
-1027
-1105
-1180
-1250
-1315
-1376
-1432
-1482
-1528
-1568
-1604
-1633
-1658
-1677
-1691
-1699
-1702
-1700
-1693
-1680
-1663
-1641
-1614
-1582
-1546
-1505
-1461
-1412
-1360
-1304
-1245
-1183
-1117
-1049
-979
-907
-832
-756
-678
-600
-520
-439
-358
-277
-196
-115
-35
44
123
201
278
353
426
498
567
634
699
762
821
879
933
984
1033
1078
1120
1159
1195
1227
1256
1282
1304
1323
1339
1352
1361
1367
1370
1370
1367
1361
1352
1340
1326
1309
1289
1267
1243
1216
1188
1157
1125
1091
1055
1018
979
939
898
856
813
769
724
679
634
588
541
495
449
402
356
309
264
218
173
128
84
41
0
-42
-83
-123
-163
-201
-238
-274
-309
-343
-375
-407
-437
-466
-494
-520
-545
-569
-591
-612
-632
-650
-667
-682
-696
-709
-720
-730
-738
-745
-750
-754
-756
-757
-757
-755
-752
-747
-741
-734
-725
-714
-703
-690
-675
-660
-642
-624
-605
-584
-562
-538
-514
-489
-462
-434
-405
-376
-345
-313
-281
-247
-213
-179
-143
-107
-70
-33
4
42
80
119
157
196
236
275
314
352
391
429
468
505
542
579
615
650
685
719
752
784
815
845
873
901
928
953
977
999
1020
1040
1058
1075
1090
1103
1115
1125
1134
1141
1146
1149
1151
1151
1150
1146
1141
1134
1125
1115
1103
1089
1073
1056
1037
1017
995
971
946
920
891
862
831
798
765
729
693
655
616
576
535
493
450
405
360
314
267
219
170
120
70
19
-31
-83
-136
-189
-242
-296
-350
-404
-459
-514
-568
-623
-678
-733
-788
-842
-896
-950
-1003
-1056
-1109
-1161
-1212
-1262
-1312
-1361
-1408
-1455
-1501
-1545
-1588
-1630
-1670
-1709
-1746
-1782
-1815
-1847
-1877
-1905
-1931
-1955
-1976
-1995
-2012
-2027
-2039
-2048
-2055
-2059
-2061
-2060
-2056
-2049
-2040
-2028
-2013
-1995
-1974
-1951
-1924
-1895
-1864
-1829
-1792
-1752
-1710
-1666
-1619
-1570
-1518
-1465
-1409
-1352
-1293
-1233
-1171
-1108
-1043
-978
-912
-845
-778
-711
-643
-576
-509
-442
-376
-311
-247
-184
-122
-62
-4
51
105
156
205
252
295
336
373
407
438
466
490
510
526
539
548
552
553
550
543
532
517
499
476
450
420
387
350
309
266
219
170
118
64
7
-51
-112
-174
-238
-303
-368
-435
-501
-568
-634
-700
-766
-830
-892
-953
-1013
-1070
-1124
-1176
-1225
-1270
-1312
-1350
-1385
-1415
-1440
-1461
-1478
-1489
-1495
-1496
-1492
-1482
-1466
-1445
-1419
-1386
-1348
-1304
-1255
-1200
-1139
-1073
-1001
-924
-842
-755
-663
-566
-465
-359
-250
-137
-20
99
221
347
475
605
736
870
1004
1139
1274
1410
1545
1679
1813
1946
2076
2205
2332
2456
2578
2696
2811
2922
3029
3133
3231
3325
3415
3499
3578
3652
3721
3784
3841
3893
3938
3978
4012
4041
4063
4080
4091
4096
4096
4090
4079
4062
4041
4014
3983
3947
3907
3863
3815
3762
3707
3648
3586
3521
3454
3384
3313
3239
3164
3088
3011
2932
2854
2774
2695
2615
2536
2458
2379
2302
2226
2150
2076
2003
1931
1861
1793
1726
1661
1597
1535
1475
1417
1360
1305
1251
1199
1148
1099
1051
1004
958
913
869
825
782
739
696
654
611
568
525
480
436
390
343
296
246
196
144
90
35
-21
-80
-141
-204
-269
-336
-405
-476
-550
-625
-702
-780
-861
-943
-1027
-1112
-1199
-1287
-1376
-1465
-1555
-1646
-1737
-1828
-1919
-2009
-2099
-2188
-2276
-2362
-2447
-2530
-2610
-2689
-2765
-2838
-2908
-2974
-3038
-3097
-3153
-3204
-3252
-3294
-3333
-3366
-3395
-3419
-3438
-3452
-3461
-3465
-3463
-3457
-3445
-3429
-3408
-3381
-3350
-3315
-3275
-3231
-3183
-3131
-3075
-3016
-2954
-2889
-2821
-2751
-2679
-2606
-2531
-2456
-2379
-2303
-2226
-2150
-2075
-2001
-1928
-1857
-1788
-1722
-1659
-1598
-1542
-1488
-1439
-1394
-1354
-1318
-1287
-1262
-1241
-1226
-1217
-1213
-1214
-1222
-1235
-1254
-1278
-1308
-1344
-1385
-1431
-1482
-1539
-1600
-1665
-1734
-1808
-1885
-1965
-2048
-2134
-2222
-2311
-2402
-2494
-2586
-2678
-2770
-2861
-2950
-3038
-3123
-3206
-3285
-3361
-3432
-3499
-3561
-3617
-3668
-3712
-3750
-3780
-3804
-3820
-3827
-3827
-3818
-3801
-3775
-3740
-3696
-3642
-3580
-3508
-3427
-3336
-3237
-3128
-3011
-2884
-2749
-2606
-2454
-2295
-2128
-1954
-1773
-1585
-1392
-1193
-988
-779
-566
-349
-128
94
319
546
774
1002
1230
1458
1684
1909
2131
2351
2567
2780
2988
3191
3388
3580
3766
3945
4117
4282
4439
4587
4728
4859
4982
5096
5201
5296
5381
5458
5524
5581
5629
5666
5695
5714
5724
5725
5717
5700
5675
5642
5601
5552
5497
5435
5366
5291
5211
5125
5035
4940
4842
4740
4635
4527
4417
4306
4194
4081
3967
3854
3741
3629
3518
3409
3302
3197
3095
2996
2901
2808
2720
2635
2554
2478
2406
2338
2275
2217
2163
2114
2069
2029
1994
1962
1936
1913
1894
1879
1868
1860
1855
1853
1854
1857
1862
1869
1877
1887
1898
1909
1920
1932
1943
1953
1963
1971
1978
1983
1986
1986
1984
1980
1972
1961
1947
1929
1907
1882
1853
1820
1783
1742
1697
1648
1595
1538
1477
1412
1344
1272
1196
1117
1036
951
864
774
682
588
493
396
298
199
99
0
