0
-210
-367
-433
-402
-300
-174
-82
-69
-152
-316
-512
-673
-734
-655
-428
-92
284
617
828
868
732
455
109
-221
-463
-569
-536
-397
-216
-63
6
-34
-176
-376
-572
-704
-733
-649
-479
-276
-100
-5
-17
-128
-298
-468
-574
-570
-442
-210
71
331
499
524
388
108
-261
-651
-987
-1211
-1291
-1223
-1037
-778
-498
-244
-51
65
110
94
39
-35
-113
-183
-239
-278
-300
-307
-301
-290
-281
-286
-313
-370
-456
-564
-678
-782
-856
-891
-882
-836
-769
-696
-633
-586
-551
-516
-465
-386
-274
-138
0
113
173
161
74
-70
-240
-393
-491
-509
-442
-312
-153
-13
68
70
-8
-142
-286
-392
-415
-336
-156
92
364
604
769
835
804
701
570
459
405
429
525
667
816
928
971
932
818
661
502
389
360
434
611
870
1172
1471
1723
1896
1972
1954
1861
1724
1575
1446
1357
1318
1320
1348
1380
1395
1382
1340
1281
1226
1202
1230
1323
1478
1678
1894
2091
2242
2331
2357
2339
2307
2292
2318
2391
2500
2614
2694
2704
2623
2455
2230
2000
1824
1753
1815
2007
2293
2612
2893
3078
3132
3056
2888
2687
2521
2446
2488
2640
2860
3087
3258
3324
3269
3109
2889
2667
2499
2423
2445
2546
2685
2814
2897
2918
2887
2833
2796
2808
2885
3016
3172
3309
3388
3387
3306
3173
3033
2930
2897
2939
3032
3128
3170
3112
2931
2643
2295
1959
1706
1590
1630
1802
2045
2281
2432
2445
2308
2052
1741
1455
1266
1217
1311
1509
1742
1934
2020
1966
1776
1490
1172
889
692
606
623
706
807
880
892
838
735
615
518
472
488
560
662
764
836
860
831
758
656
537
412
278
131
-34
-219
-411
-583
-705
-748
-694
-549
-344
-130
34
94
16
-199
-521
-887
-1224
-1463
-1557
-1496
-1304
-1038
-766
-555
-452
-471
-595
-781
-978
-1137
-1226
-1241
-1197
-1126
-1063
-1031
-1038
-1069
-1098
-1093
-1030
-906
-737
-559
-419
-359
-409
-573
-827
-1129
-1425
-1664
-1814
-1863
-1826
-1736
-1636
-1562
-1535
-1557
-1609
-1661
-1679
-1643
-1548
-1415
-1281
-1193
-1195
-1313
-1550
-1877
-2245
-2590
-2846
-2968
-2934
-2755
-2471
-2142
-1837
-1612
-1504
-1520
-1638
-1812
-1983
-2097
-2114
-2018
-1823
-1565
-1297
-1073
-938
-915
-1004
-1181
-1405
-1628
-1807
-1916
-1948
-1916
-1853
-1796
-1780
-1828
-1944
-2111
-2295
-2455
-2548
-2544
-2432
-2221
-1940
-1634
-1351
-1134
-1012
-998
-1081
-1233
-1418
-1595
-1730
-1799
-1797
-1733
-1626
-1504
-1392
-1307
-1257
-1237
-1232
-1223
-1188
-1115
-998
-843
-665
-486
-326
-204
-128
-98
-106
-138
-176
-207
-221
-214
-190
-153
-111
-67
-22
24
78
141
217
303
395
486
572
650
721
791
867
957
1064
1188
1323
1457
1580
1682
1759
1814
1852
1884
1918
1957
1998
2033
2052
2046
2016
1971
1932
1926
1980
2114
2334
2630
2972
3322
3637
3883
4041
4112
4117
4087
4060
4064
4113
4203
4314
4418
4487
4506
4475
4413
4353
4334
4386
4529
4759
5055
5381
5699
5975
6193
6352
6471
6580
6710
6886
7119
7402
7717
8034
8322
8555
8717
8800
8806
8745
8625
8459
8259
8041
7822
7627
7483
7417
7447
7580
7806
8096
8409
8695
8911
9025
9024
8917
8732
8504
8271
8058
7879
7732
7603
7474
7332
7171
6996
6817
6645
6486
6330
6160
5947
5666
5299
4852
4350
3841
3379
3018
2792
2705
2732
2820
2901
2912
2807
2573
2228
1820
1408
1047
776
599
495
417
314
142
-117
-457
-838
-1208
-1513
-1712
-1794
-1776
-1702
-1625
-1597
-1650
-1787
-1983
-2194
-2365
-2453
-2435
-2315
-2126
-1917
-1743
-1645
-1648
-1750
-1927
-2141
-2353
-2528
-2650
-2716
-2736
-2727
-2702
-2672
-2640
-2603
-2563
-2526
-2508
-2529
-2612
-2771
-3005
-3291
-3593
-3860
-4047
-4123
-4085
-3959
-3798
-3665
-3622
-3709
-3932
-4261
-4635
-4978
-5220
-5315
-5253
-5063
-4804
-4549
-4361
-4282
-4315
-4429
-4568
-4669
-4682
-4585
-4392
-4146
-3909
-3739
-3675
-3724
-3856
-4018
-4145
-4185
-4110
-3929
-3683
-3435
-3247
-3165
-3204
-3341
-3527
-3696
-3790
-3771
-3639
-3426
-3186
-2984
-2867
-2860
-2952
-3103
-3256
-3359
-3374
-3294
-3144
-2970
-2824
-2751
-2770
-2873
-3027
-3184
-3299
-3344
-3314
-3232
-3135
-3064
-3048
-3094
-3180
-3270
-3317
-3289
-3172
-2983
-2764
-2567
-2440
-2408
-2466
-2574
-2671
-2694
-2593
-2352
-1998
-1587
-1199
-909
-766
-780
-916
-1105
-1262
-1315
-1218
-971
-617
-228
115
348
442
407
292
170
110
161
334
603
911
1192
1390
1477
1465
1396
1335
1344
1464
1702
2028
2383
2698
2916
3013
3001
2931
2877
2915
3100
3451
3942
4511
5075
5557
5901
6096
6171
6195
6250
6417
6746
7248
7890
8604
9304
9908
10360
10637
10761
10783
10775
10806
10927
11160
11490
11876
12259
12582
12802
12906
12913
12870
12845
12906
13107
13472
13992
14617
15273
15869
16324
16579
16611
16437
16112
15707
15298
14941
14655
14419
14174
13837
13330
12595
11620
10446
9161
7885
6742
5829
5199
4844
4698
4659
4611
4458
4147
3681
3116
2540
2050
1720
1579
1601
1710
1800
1764
1518
1029
317
-550
-1474
-2352
-3105
-3688
-4100
-4373
-4558
-4700
-4823
-4922
-4964
-4899
-4682
-4289
-3728
-3043
-2307
-1603
-1004
-558
-276
-134
-80
-53
2
116
290
498
692
818
833
709
445
62
-402
-901
-1390
-1831
-2195
-2468
-2641
-2716
-2701
-2609
-2459
-2274
-2083
-1913
-1784
-1712
-1698
-1735
-1813
-1917
-2041
-2191
-2378
-2622
-2936
-3325
-3773
-4243
-4685
-5042
-5270
-5344
-5274
-5099
-4880
-4686
-4573
-4571
-4670
-4825
-4970
-5033
-4958
-4723
-4350
-3896
-3443
-3076
-2859
-2822
-2955
-3207
-3509
-3789
-3992
-4092
-4094
-4029
-3941
-3864
-3817
-3793
-3763
-3691
-3542
-3300
-2976
-2603
-2234
-1922
-1713
-1625
-1653
-1770
-1936
-2114
-2281
-2429
-2572
-2732
-2928
-3171
-3453
-3749
-4025
-4252
-4411
-4505
-4557
-4603
-4675
-4796
-4960
-5139
-5284
-5342
-5272
-5060
-4731
-4339
-3960
-3670
-3523
-3537
-3688
-3917
-4144
-4295
-4320
-4208
-3986
-3714
-3458
-3273
-3185
-3179
-3203
-3190
-3074
-2817
-2420
-1928
-1422
-989
-706
-610
-692
-891
-1119
-1276
-1285
-1109
-758
-291
207
651
975
1154
1207
1190
1175
1232
1400
1685
2053
2445
2799
3067
3231
3310
3351
3414
3553
3797
4139
4541
4940
5273
5491
5579
5561
5489
5436
5470
5637
5952
6390
6904
7435
7930
8361
8731
9069
9423
9838
10346
10951
11628
12331
13005
13601
14094
14485
14803
15093
15404
15772
16209
16701
17212
17692
18090
18367
18506
18506
18386
18174
17897
17575
17219
16833
16413
15956
15459
14920
14334
13694
12983
12183
11277
10259
9145
7979
6830
5783
4927
4326
4007
3943
4055
4227
4330
4248
3914
3319
2521
1628
768
57
-435
-703
-809
-866
-1007
-1347
-1950
-2810
-3848
-4932
-5909
-6644
-7054
-7123
-6907
-6512
-6060
-5659
-5370
-5191
-5067
-4904
-4605
-4100
-3373
-2465
-1471
-516
279
830
1102
1123
970
747
557
476
533
713
960
1203
1378
1443
1397
1268
1114
994
959
1032
1207
1450
1713
1947
2113
2196
2200
2143
2053
1950
1844
1728
1586
1396
1142
818
431
4
-433
-855
-1239
-1578
-1877
-2151
-2422
-2710
-3026
-3374
-3747
-4130
-4504
-4852
-5154
-5398
-5570
-5664
-5675
-5605
-5463
-5267
-5047
-4838
-4676
-4590
-4596
-4691
-4849
-5028
-5174
-5238
-5184
-5001
-4702
-4326
-3926
-3559
-3268
-3076
-2978
-2947
-2938
-2905
-2811
-2639
-2395
-2110
-1826
-1593
-1451
-1425
-1521
-1725
-2008
-2338
-2681
-3012
-3319
-3596
-3848
-4082
-4305
-4520
-4729
-4930
-5121
-5298
-5462
-5612
-5746
-5863
-5960
-6033
-6079
-6097
-6087
-6056
-6011
-5958
-5902
-5845
-5782
-5707
-5614
-5498
-5364
-5224
-5097
-5002
-4959
-4973
-5041
-5139
-5233
-5282
-5246
-5095
-4819
-4427
-3947
-3424
-2906
-2435
-2043
-1742
-1525
-1370
-1242
-1109
-941
-717
-431
-89
294
701
1107
1495
1846
2151
2401
2597
2741
2843
2916
2976
3043
3134
3262
3433
3644
3886
4142
4394
4628
4837
5026
5207
5400
5625
5899
6227
6603
7006
7408
7781
8101
8360
8562
8731
8901
9109
9390
9763
10232
10783
11388
12009
12611
13165
13655
14076
14437
14749
15027
15281
15514
15726
15913
16073
16211
16334
16454
16583
16723
16869
17000
17083
17080
16956
16687
16270
15725
15092
14425
13782
13214
12751
12403
12152
11963
11792
11591
11320
10954
10478
9889
9190
8390
7498
6525
5487
4406
3312
2242
1228
295
-550
-1325
-2064
-2818
-3632
-4536
-5523
-6546
-7522
-8341
-8891
-9088
-8895
-8339
-7511
-6545
-5597
-4804
-4258
-3983
-3936
-4014
-4088
-4035
-3773
-3279
-2596
-1818
-1067
-456
-61
96
58
-89
-242
-302
-204
65
473
950
1416
1805
2082
2256
2369
2487
2673
2964
3363
3832
4299
4679
4895
4894
4660
4217
3622
2947
2264
1634
1095
664
337
98
-71
-191
-282
-362
-452
-577
-761
-1025
-1381
-1823
-2332
-2871
-3399
-3877
-4282
-4612
-4885
-5135
-5401
-5714
-6086
-6504
-6935
-7333
-7652
-7862
-7954
-7945
-7866
-7754
-7634
-7511
-7365
-7152
-6827
-6350
-5714
-4942
-4098
-3268
-2545
-2005
-1691
-1602
-1692
-1891
-2113
-2290
-2378
-2371
-2296
-2199
-2130
-2123
-2190
-2316
-2465
-2598
-2682
-2706
-2683
-2643
-2629
-2675
-2800
-2998
-3242
-3491
-3705
-3858
-3947
-3991
-4029
-4106
-4262
-4514
-4860
-5275
-5719
-6152
-6541
-6867
-7128
-7329
-7479
-7577
-7614
-7569
-7420
-7153
-6771
-6301
-5791
-5303
-4896
-4612
-4463
-4428
-4456
-4478
-4429
-4262
-3961
-3544
-3060
-2567
-2122
-1762
-1495
-1301
-1142
-971
-751
-466
-118
266
660
1036
1383
1710
2037
2392
2791
3233
3693
4122
4466
4675
4721
4611
4387
4116
3878
3746
3767
3956
4289
4719
5187
5640
6044
6389
6690
6972
7260
7567
7887
8198
8470
8677
8807
8874
8908
8956
9060
9248
9524
9862
10218
10542
10795
10966
11076
11177
11337
11623
12076
12703
13463
14282
15065
15720
16176
16404
16413
16246
15964
15628
15274
14916
14535
14097
13568
12929
12188
11387
10591
9876
9313
8948
8794
8828
9001
9251
9513
9739
9901
9991
10020
10007
9971
9928
9881
9826
9749
9629
9430
9107
8598
7832
6737
5255
3366
1103
-1431
-4067
-6582
-8733
-10304
-11144
-11210
-10578
-9438
-8053
-6711
-5658
-5048
-4907
-5135
-5530
-5851
-5871
-5450
-4563
-3317
-1917
-620
334
783
676
93
-785
-1729
-2512
-2975
-3057
-2807
-2358
-1882
-1533
-1399
-1479
-1675
-1828
-1762
-1338
-499
710
2147
3602
4849
5699
6042
5870
5270
4402
3451
2583
1908
1463
1212
1067
925
695
330
-167
-751
-1345
-1875
-2287
-2564
-2728
-2829
-2929
-3077
-3299
-3585
-3901
-4194
-4416
-4539
-4567
-4538
-4515
-4572
-4777
-5173
-5767
-6530
-7401
-8294
-9119
-9793
-10248
-10444
-10367
-10029
-9465
-8725
-7868
-6960
-6062
-5229
-4500
-3898
-3425
-3065
-2791
-2569
-2369
-2175
-1987
-1821
-1706
-1676
-1756
-1956
-2265
-2652
-3070
-3467
-3796
-4029
-4156
-4189
-4157
-4091
-4023
-3971
-3939
-3918
-3890
-3839
-3759
-3656
-3552
-3476
-3462
-3539
-3719
-4000
-4362
-4772
-5189
-5579
-5911
-6168
-6346
-6449
-6487
-6472
-6416
-6326
-6206
-6062
-5896
-5711
-5513
-5301
-5077
-4836
-4571
-4276
-3945
-3578
-3182
-2772
-2369
-1995
-1671
-1412
-1223
-1097
-1018
-964
-909
-829
-703
-517
-265
52
433
865
1335
1825
2316
2786
3213
3579
3872
4089
4238
4336
4408
4484
4590
4745
4958
5225
5531
5851
6161
6436
6664
6844
6986
7115
7260
7455
7725
8086
8539
9066
9635
10206
10732
11175
11508
11723
11831
11863
11858
11860
11904
12009
12172
12376
12586
12768
12894
12953
12955
12926
12902
12915
12981
13093
13215
13294
13266
13082
12717
12187
11544
10877
10284
9855
9650
9684
9919
10275
10648
10934
11048
10949
10641
10172
9621
9076
8615
8293
8130
8116
8211
8362
8504
8576
8514
8259
7756
6958
5832
4373
2613
629
-1455
-3486
-5294
-6727
-7676
-8102
-8040
-7600
-6940
-6232
-5628
-5230
-5066
-5100
-5237
-5361
-5365
-5179
-4786
-4221
-3560
-2893
-2299
-1824
-1478
-1233
-1045
-871
-691
-517
-389
-364
-492
-796
-1253
-1793
-2306
-2670
-2770
-2535
-1948
-1059
30
1186
2266
3151
3763
4070
4092
3882
3512
3056
2578
2125
1726
1395
1136
943
807
709
624
517
349
86
-293
-794
-1394
-2049
-2702
-3292
-3774
-4127
-4358
-4506
-4624
-4770
-4989
-5304
-5711
-6181
-6677
-7161
-7609
-8017
-8395
-8762
-9129
-9487
-9799
-10007
-10040
-9833
-9354
-8614
-7676
-6647
-5658
-4838
-4278
-4017
-4027
-4218
-4467
-4639
-4631
-4388
-3925
-3316
-2678
-2140
-1811
-1752
-1963
-2382
-2907
-3414
-3794
-3976
-3940
-3717
-3380
-3018
-2716
-2535
-2495
-2580
-2747
-2939
-3107
-3222
-3287
-3329
-3396
-3539
-3794
-4175
-4668
-5228
-5796
-6307
-6708
-6968
-7081
-7068
-6969
-6829
-6692
-6583
-6513
-6470
-6434
-6376
-6274
-6117
-5910
-5668
-5417
-5182
-4982
-4823
-4698
-4589
-4476
-4338
-4168
-3969
-3755
-3550
-3372
-3232
-3121
-3009
-2853
-2600
-2205
-1642
-917
-73
816
1659
2361
2847
3076
3058
2848
2535
2230
2033
2017
2210
2589
3089
3617
4080
4403
4553
4543
4427
4288
4214
4275
4506
4899
5405
5954
6468
6891
7198
7404
7555
7717
7950
8290
8736
9245
9746
10157
10411
10475
10364
10140
9903
9760
9804
10088
10612
11322
12121
12896
13544
13993
14218
14238
14105
13886
13634
13376
13105
12783
12362
11802
11093
10267
9401
8598
7967
7597
7529
7746
8174
8698
9187
9529
9653
9548
9264
8898
8575
8410
8489
8845
9451
10223
11033
11727
12150
12160
11650
10560
8885
6681
4066
1214
-1657
-4315
-6531
-8124
-8986
-9112
-8599
-7640
-6487
-5404
-4611
-4244
-4320
-4739
-5310
-5799
-5989
-5737
-5013
-3908
-2612
-1372
-425
58
12
-508
-1353
-2315
-3193
-3839
-4200
-4320
-4318
-4341
-4511
-4876
-5386
-5901
-6222
-6147
-5534
-4341
-2656
-678
1315
3039
4259
4846
4803
4257
3424
2552
1861
1496
1494
1789
2236
2656
2882
2796
2357
1597
605
-497
-1591
-2581
-3407
-4048
-4508
-4805
-4959
-4986
-4900
-4723
-4491
-4263
-4115
-4132
-4393
-4947
-5802
-6915
-8199
-9532
-10783
-11832
-12591
-13013
-13097
-12880
-12421
-11791
-11060
-10288
-9524
-8805
-8162
-7613
-7166
-6817
-6539
-6292
-6021
-5669
-5196
-4586
-3864
-3096
-2378
-1820
-1520
-1540
-1889
-2515
-3315
-4155
-4895
-5424
-5675
-5640
-5362
-4924
-4420
-3936
-3528
-3219
-3001
-2847
-2732
-2644
-2594
-2612
-2737
-3003
-3419
-3965
-4587
-5212
-5760
-6169
-6407
-6484
-6446
-6366
-6322
-6377
-6566
-6884
-7293
-7728
-8116
-8394
-8515
-8460
-8231
-7851
-7353
-6772
-6144
-5508
-4903
-4373
-3964
-3718
-3660
-3793
-4085
-4468
-4847
-5114
-5171
-4951
-4437
-3667
-2727
-1735
-818
-78
420
671
714
630
515
458
521
733
1084
1540
2053
2574
3064
3493
3844
4102
4252
4278
4169
3925
3574
3168
2791
2544
2528
2819
3453
4407
5604
6920
8217
9362
10259
10865
11197
11314
11308
11271
11277
11373
11567
11845
12178
12540
12908
13273
13625
13946
14201
14338
14296
14018
13475
12683
11711
10676
9722
8993
8596
8578
8915
9517
10249
10969
11558
11942
12107
12081
11921
11681
11395
11067
10681
10223
9705
9187
8772
8592
8760
9328
10243
11325
12285
12776
12469
11144
8755
5475
1674
-2141
-5437
-7768
-8882
-8780
-7717
-6142
-4588
-3541
-3324
-4024
-5478
-7321
-9088
-10339
-10766
-10269
-8969
-7168
-5259
-3620
-2521
-2061
-2166
-2623
-3163
-3547
-3636
-3431
-3063
-2746
-2704
-3096
-3958
-5184
-6549
-7756
-8518
-8619
-7971
-6631
-4780
-2682
-624
1144
2451
3225
3491
3348
2940
2423
1939
1602
1490
1639
2046
2667
3418
4177
4799
5134
5056
4497
3468
2071
491
-1038
-2280
-3045
-3240
-2888
-2127
-1179
-294
308
490
227
-397
-1221
-2054
-2737
-3184
-3409
-3513
-3649
-3973
-4591
-5524
-6697
-7962
-9135
-10054
-10626
-10849
-10813
-10673
-10597
-10715
-11073
-11622
-12220
-12678
-12806
-12473
-11643
-10392
-8892
-7369
-6055
-5130
-4686
-4711
-5103
-5698
-6318
-6811
-7083
-7112
-6939
-6643
-6314
-6023
-5807
-5661
-5550
-5425
-5246
-4997
-4693
-4377
-4108
-3941
-3911
-4027
-4263
-4565
-4869
-5113
-5256
-5285
-5222
-5118
-5042
-5070
-5264
-5663
-6272
-7055
-7944
-8844
-9652
-10269
-10621
-10671
-10427
-9941
-9300
-8610
-7975
-7477
-7162
-7031
-7045
-7139
-7234
-7266
-7193
-7009
-6739
-6430
-6133
-5889
-5711
-5588
-5484
-5352
-5150
-4857
-4476
-4038
-3588
-3172
-2821
-2540
-2304
-2068
-1780
-1395
-894
-290
372
1033
1629
2112
2462
2690
2833
2939
3053
3197
3371
3548
3694
3775
3782
3733
3674
3667
3777
4043
4473
5033
5657
6266
6784
7167
7408
7542
7632
7749
7949
8258
8663
9117
9561
9940
10222
10414
10553
10695
10897
11190
11572
12004
12424
12768
12996
13108
13147
13187
13308
13561
13947
14401
14805
15012
14894
14383
13497
12353
11137
10066
9324
9014
9121
9515
9986
10301
10277
9838
9049
8101
7261
6798
6893
7575
8692
9937
10914
11236
10633
9026
6561
3583
556
-2050
-3881
-4776
-4818
-4301
-3653
-3318
-3635
-4747
-6558
-8759
-10908
-12543
-13300
-13010
-11735
-9749
-7470
-5349
-3763
-2930
-2868
-3409
-4261
-5093
-5629
-5714
-5346
-4662
-3888
-3268
-2991
-3145
-3696
-4503
-5361
-6058
-6428
-6386
-5938
-5174
-4226
-3238
-2329
-1567
-969
-504
-116
254
662
1136
1686
2301
2955
3612
4223
4731
5072
5182
5009
4527
3754
2759
1654
585
-302
-891
-1126
-1026
-682
-241
138
320
233
-117
-653
-1247
-1764
-2110
-2258
-2262
-2243
-2351
-2718
-3414
-4424
-5639
-6891
-7999
-8819
-9289
-9452
-9441
-9441
-9633
-10134
-10957
-11998
-13063
-13910
-14325
-14175
-13453
-12280
-10877
-9506
-8402
-7712
-7463
-7559
-7821
-8042
-8052
-7770
-7228
-6556
-5945
-5580
-5589
-5992
-6698
-7524
-8246
-8661
-8644
-8182
-7375
-6408
-5500
-4842
-4546
-4623
-4982
-5463
-5886
-6106
-6050
-5735
-5260
-4776
-4435
-4355
-4589
-5110
-5834
-6638
-7406
-8047
-8522
-8839
-9039
-9174
-9281
-9374
-9439
-9442
-9353
-9162
-8888
-8583
-8314
-8147
-8118
-8223
-8411
-8596
-8681
-8586
-8274
-7762
-7123
-6464
-5895
-5505
-5328
-5341
-5464
-5585
-5593
-5405
-4989
-4373
-3632
-2867
-2176
-1626
-1239
-992
-827
-673
-472
-196
141
500
819
1042
1140
1121
1028
932
910
1022
1299
1731
2275
2866
3436
3933
4335
4647
4904
5149
5424
5753
6137
6556
6977
7365
7694
7957
8165
8345
8527
8743
9011
9338
9719
10140
10585
11038
11485
11914
12314
12670
12970
13208
13385
13519
13643
13796
14019
14334
14732
15169
15562
15810
15815
15506
14869
13956
12880
11796
10865
10212
9900
9909
10140
10450
10687
10740
10570
10227
9835
9550
9509
9775
10304
10932
11409
11451
10812
9357
7102
4232
1063
-2020
-4651
-6563
-7648
-7979
-7785
-7387
-7119
-7241
-7874
-8977
-10364
-11747
-12821
-13329
-13129
-12218
-10728
-8886
-6963
-5211
-3819
-2889
-2430
-2382
-2648
-3119
-3703
-4336
-4976
-5599
-6181
-6694
-7107
-7384
-7502
-7453
-7249
-6917
-6487
-5979
-5400
-4735
-3960
-3054
-2018
-883
286
1408
2396
3189
3773
4182
4496
4807
5194
5680
6217
6685
6918
6745
6045
4790
3072
1094
-862
-2498
-3569
-3935
-3602
-2712
-1514
-292
695
1284
1432
1219
814
414
188
223
500
910
1282
1442
1262
697
-209
-1341
-2554
-3719
-4762
-5687
-6566
-7503
-8593
-9877
-11309
-12759
-14034
-14929
-15276
-15000
-14138
-12839
-11330
-9867
-8672
-7888
-7553
-7600
-7887
-8239
-8502
-8578
-8444
-8147
-7784
-7461
-7263
-7230
-7351
-7573
-7826
-8046
-8198
-8283
-8330
-8380
-8462
-8577
-8687
-8723
-8604
-8261
-7667
-6849
-5890
-4918
-4075
-3487
-3237
-3348
-3777
-4433
-5201
-5968
-6651
-7208
-7642
-7988
-8296
-8609
-8951
-9317
-9677
-9989
-10213
-10324
-10318
-10214
-10045
-9842
-9627
-9402
-9150
-8842
-8449
-7957
-7377
-6750
-6139
-5621
-5265
-5119
-5193
-5457
-5847
-6274
-6646
-6883
-6935
-6785
-6451
-5977
-5418
-4829
-4253
-3717
-3230
-2791
-2391
-2026
-1697
-1408
-1165
-968
-803
-648
-467
-227
99
518
1008
1521
1988
2336
2507
2474
2252
1905
1533
1253
1175
1378
1887
2666
3627
4645
5587
6340
6837
7067
7075
6947
6788
6695
6732
6926
7261
7693
8170
8647
9100
9532
9961
10411
10889
11377
11829
12180
12366
12348
12130
11769
11371
11066
10975
11178
11688
12439
13299
14098
14676
14919
14791
14348
13721
13079
12586
12351
12401
12676
13046
13353
13467
13321
12939
12430
11953
11661
11648
11903
12291
12580
12491
11771
10271
8001
5144
2032
-921
-3317
-4860
-5435
-5134
-4241
-3162
-2329
-2095
-2652
-3986
-5882
-7982
-9869
-11173
-11653
-11249
-10089
-8449
-6682
-5135
-4073
-3626
-3780
-4400
-5275
-6183
-6944
-7457
-7707
-7754
-7695
-7631
-7630
-7715
-7855
-7989
-8040
-7945
-7667
-7204
-6582
-5843
-5033
-4192
-3349
-2525
-1738
-1004
-344
227
709
1118
1491
1881
2340
2895
3530
4176
4711
4988
4871
4275
3208
1786
225
-1196
-2199
-2568
-2214
-1203
251
1828
3179
4007
4146
3603
2557
1312
215
-432
-462
114
1113
2214
3055
3325
2847
1627
-147
-2161
-4056
-5524
-6391
-6656
-6482
-6146
-5951
-6137
-6808
-7902
-9210
-10438
-11290
-11557
-11176
-10257
-9046
-7863
-7013
-6705
-6994
-7772
-8802
-9785
-10451
-10624
-10280
-9538
-8631
-7833
-7381
-7412
-7925
-8788
-9778
-10643
-11175
-11262
-10907
-10224
-9390
-8594
-7979
-7608
-7448
-7398
-7326
-7117
-6716
-6146
-5500
-4917
-4533
-4441
-4664
-5142
-5760
-6373
-6859
-7148
-7244
-7215
-7172
-7227
-7453
-7860
-8387
-8919
-9323
-9487
-9354
-8942
-8338
-7670
-7074
-6649
-6431
-6385
-6418
-6414
-6272
-5944
-5452
-4887
-4380
-4064
-4029
-4293
-4787
-5373
-5880
-6147
-6077
-5659
-4979
-4194
-3492
-3036
-2921
-3143
-3600
-4122
-4513
-4606
-4311
-3637
-2690
-1643
-687
14
375
398
174
-148
-411
-490
-326
56
567
1076
1457
1623
1556
1311
995
740
663
830
1245
1847
2528
3172
3683
4011
4166
4207
4224
4307
4519
4880
5361
5899
6418
6854
7174
7385
7530
7670
7862
8137
8492
8884
9248
9516
9639
9609
9460
9264
9113
9089
9248
9596
10091
10652
11182
11592
11825
11873
11777
11616
11484
11471
11635
11987
12495
13082
13655
14117
14393
14446
14279
13938
13497
13045
12662
12406
12293
12298
12349
12339
12144
11646
10759
9450
7754
5782
3700
1711
15
-1228
-1942
-2141
-1939
-1528
-1132
-960
-1156
-1763
-2713
-3842
-4931
-5757
-6158
-6068
-5539
-4729
-3861
-3170
-2842
-2970
-3536
-4418
-5428
-6367
-7077
-7482
-7602
-7542
-7455
-7486
-7731
-8203
-8823
-9443
-9888
-10007
-9714
-9018
-8017
-6879
-5793
-4921
-4355
-4101
-4076
-4140
-4137
-3935
-3470
-2756
-1879
-976
-195
341
564
472
126
-372
-905
-1368
-1686
-1823
-1778
-1576
-1251
-838
-362
152
689
1222
1721
2148
2469
2657
2703
2622
2443
2207
1950
1693
1433
1143
784
313
-295
-1045
-1908
-2832
-3752
-4611
-5370
-6017
-6568
-7055
-7511
-7952
-8368
-8719
-8949
-9001
-8836
-8458
-7916
-7304
-6738
-6338
-6194
-6347
-6777
-7412
-8140
-8840
-9411
-9792
-9972
-9989
-9912
-9822
-9784
-9835
-9973
-10162
-10351
-10481
-10510
-10422
-10223
-9943
-9618
-9281
-8951
-8629
-8306
-7964
-7594
-7201
-6808
-6455
-6191
-6060
-6094
-6300
-6661
-7135
-7664
-8184
-8635
-8967
-9145
-9152
-8987
-8666
-8216
-7677
-7098
-6536
-6046
-5674
-5450
-5378
-5431
-5556
-5681
-5726
-5628
-5353
-4905
-4334
-3723
-3173
-2779
-2607
-2679
-2964
-3386
-3839
-4212
-4412
-4386
-4130
-3687
-3134
-2562
-2053
-1665
-1417
-1293
-1251
-1234
-1193
-1095
-929
-710
-465
-227
-20
144
274
386
500
632
785
949
1103
1226
1301
1328
1325
1329
1385
1537
1817
2235
2774
3397
4051
4679
5238
5700
6062
6346
6584
6816
7079
7394
7768
8191
8644
9101
9542
9951
10322
10657
10959
11235
11487
11712
11906
12062
12177
12250
12289
12306
12316
12338
12389
12483
12633
12843
13114
13440
13806
14189
14558
14881
15123
15263
15294
15234
15121
15013
14969
15037
15235
15532
15850
16067
16035
15617
14712
13292
11415
9229
6948
4815
3058
1839
1224
1163
1500
2009
2441
2578
2280
1515
359
-1020
-2410
-3597
-4421
-4806
-4771
-4425
-3931
-3471
-3199
-3213
-3539
-4134
-4906
-5743
-6540
-7232
-7794
-8250
-8650
-9053
-9507
-10028
-10594
-11149
-11615
-11911
-11970
-11754
-11266
-10549
-9679
-8751
-7864
-7105
-6529
-6155
-5958
-5876
-5818
-5682
-5378
-4848
-4081
-3122
-2072
-1070
-268
199
247
-132
-870
-1819
-2781
-3551
-3950
-3873
-3304
-2323
-1084
215
1383
2276
2823
3044
3031
2924
2867
2970
3282
3779
4375
4947
5374
5564
5482
5157
4663
4104
3574
3133
2792
2511
2213
1812
1245
490
-420
-1405
-2355
-3157
-3729
-4039
-4114
-4032
-3903
-3843
-3943
-4251
-4759
-5414
-6129
-6811
-7378
-7781
-8012
-8099
-8097
-8071
-8083
-8172
-8357
-8631
-8970
-9339
-9703
-10031
-10301
-10497
-10612
-10645
-10598
-10478
-10297
-10073
-9827
-9586
-9372
-9204
-9090
-9030
-9014
-9024
-9042
-9052
-9043
-9009
-8951
-8869
-8760
-8620
-8442
-8222
-7961
-7671
-7378
-7114
-6917
-6817
-6829
-6940
-7114
-7292
-7402
-7378
-7174
-6774
-6201
-5510
-4780
-4095
-3529
-3129
-2907
-2841
-2884
-2976
-3061
-3099
-3069
-2975
-2837
-2680
-2526
-2389
-2269
-2159
-2048
-1929
-1804
-1685
-1591
-1537
-1533
-1571
-1628
-1666
-1642
-1521
-1283
-932
-497
-26
424
801
1064
1199
1215
1140
1015
882
776
716
709
749
825
923
1035
1157
1289
1430
1575
1715
1838
1933
1993
2022
2037
2064
2134
2275
2505
2822
3210
3635
4058
4439
4753
4987
5151
5264
5359
5466
5610
5804
6054
6355
6699
7073
7465
7863
8247
8596
8881
9076
9157
9118
8971
8752
8512
8316
8217
8253
8429
8717
9063
9399
9666
9828
9882
9865
9835
9862
9998
10267
10653
11108
11568
11974
12297
12545
12766
13027
13387
13868
14431
14967
15319
15308
14786
13680
12022
9960
7733
5626
3909
2772
2283
2371
2846
3442
3886
3964
3568
2722
1564
312
-801
-1582
-1924
-1825
-1379
-744
-96
411
685
697
474
77
-433
-1015
-1659
-2379
-3195
-4112
-5102
-6096
-7003
-7724
-8190
-8380
-8331
-8133
-7905
-7755
-7749
-7892
-8118
-8314
-8349
-8119
-7578
-6754
-5747
-4701
-3763
-3047
-2602
-2403
-2364
-2376
-2339
-2201
-1975
-1736
-1594
-1654
-1979
-2559
-3304
-4063
-4662
-4947
-4831
-4314
-3487
-2504
-1542
-755
-233
13
51
-2
-21
90
375
804
1297
1747
2050
2140
2000
1661
1183
631
52
-541
-1169
-1865
-2657
-3542
-4471
-5356
-6088
-6562
-6716
-6548
-6125
-5568
-5023
-4623
-4453
-4530
-4802
-5167
-5510
-5737
-5807
-5740
-5612
-5524
-5570
-5804
-6219
-6751
-7300
-7762
-8064
-8191
-8187
-8145
-8171
-8342
-8679
-9130
-9575
-9864
-9859
-9479
-8735
-7734
-6660
-5726
-5121
-4960
-5248
-5881
-6675
-7410
-7897
-8022
-7778
-7261
-6640
-6107
-5821
-5867
-6233
-6822
-7479
-8043
-8389
-8460
-8276
-7918
-7496
-7103
-6788
-6541
-6293
-5953
-5440
-4719
-3825
-2862
-1977
-1326
-1023
-1107
-1529
-2155
-2805
-3298
-3495
-3341
-2871
-2198
-1481
-875
-492
-371
-471
-691
-903
-992
-891
-600
-178
274
654
887
953
890
782
731
819
1081
1490
1965
2389
2650
2672
2442
2020
1518
1079
831
857
1168
1705
2355
2983
3473
3755
3825
3743
3613
3547
3637
3926
4399
4992
5613
6171
6607
6909
7111
7283
7501
7825
8270
8805
9356
9831
10146
10254
10162
9928
9655
9454
9420
9604
9997
10535
11119
11644
12027
12233
12285
12255
12243
12345
12626
13099
13720
14399
15026
15499
15752
15776
15615
15356
15103
14945
14935
15069
15290
15500
15586
15447
15017
14285
13287
12106
10846
9611
8485
7522
6739
6122
5637
5242
4898
4576
4257
3928
3583
3212
2810
2372
1900
1405
910
448
49
-262
-482
-630
-753
-916
-1189
-1637
-2293
-3157
-4186
-5301
-6403
-7389
-8178
-8721
-9015
-9100
-9045
-8935
-8847
-8834
-8912
-9061
-9228
-9352
-9371
-9248
-8977
-8586
-8131
-7676
-7282
-6986
-6792
-6673
-6575
-6437
-6211
-5876
-5449
-4983
-4558
-4256
-4142
-4242
-4530
-4933
-5340
-5629
-5695
-5470
-4948
-4177
-3253
-2294
-1414
-693
-165
192
440
662
937
1316
1811
2389
2989
3538
3976
4270
4425
4475
4471
4459
4463
4472
4443
4316
4032
3558
2905
2131
1333
623
99
-181
-219
-77
137
299
298
72
-379
-995
-1669
-2283
-2737
-2982
-3030
-2950
-2845
-2824
-2967
-3302
-3799
-4385
-4964
-5451
-5800
-6021
-6173
-6347
-6633
-7089
-7714
-8446
-9168
-9744
-10052
-10024
-9664
-9054
-8336
-7671
-7205
-7026
-7149
-7511
-7995
-8467
-8811
-8964
-8928
-8768
-8582
-8473
-8514
-8721
-9052
-9422
-9724
-9872
-9819
-9579
-9218
-8832
-8514
-8326
-8273
-8303
-8318
-8206
-7881
-7307
-6516
-5607
-4715
-3979
-3502
-3316
-3381
-3589
-3796
-3865
-3706
-3300
-2706
-2045
-1464
-1092
-1008
-1212
-1630
-2131
-2567
-2813
-2800
-2528
-2069
-1533
-1042
-687
-506
-473
-514
-530
-430
-166
256
775
1291
1698
1918
1919
1731
1432
1127
916
865
990
1249
1565
1844
2011
2028
1907
1705
1506
1389
1409
1578
1861
2192
2495
2708
2804
2802
2755
2736
2811
3019
3356
3777
4210
4577
4821
4924
4911
4848
4815
4886
5104
5468
5937
6436
6886
7227
7434
7525
7552
7587
7694
7911
8241
8648
9077
9469
9787
10023
10208
10391
10629
10960
11388
11878
12367
12780
13057
13171
13143
13033
12929
12912
13038
13316
13704
14127
14495
14735
14815
14751
14602
14447
14351
14341
14388
14410
14291
13921
13233
12228
10992
9674
8453
7494
6895
6664
6711
6872
6953
6785
6271
5416
4324
3170
2147
1417
1063
1067
1321
1659
1908
1936
1689
1199
569
-69
-605
-981
-1220
-1418
-1708
-2218
-3023
-4113
-5385
-6669
-7771
-8526
-8849
-8757
-8367
-7862
-7441
-7263
-7400
-7820
-8399
-8959
-9320
-9352
-9013
-8356
-7509
-6639
-5898
-5384
-5114
-5032
-5030
-4993
-4839
-4548
-4173
-3815
-3595
-3603
-3869
-4339
-4889
-5353
-5566
-5419
-4880
-4013
-2957
-1888
-974
-327
23
134
124
143
318
726
1367
2175
3035
3822
4436
4826
4997
5000
4905
4773
4636
4483
4270
3946
3475
2861
2162
1474
916
586
536
745
1121
1521
1785
1787
1463
840
24
-822
-1530
-1968
-2081
-1908
-1569
-1236
-1079
-1222
-1704
-2470
-3389
-4288
-5006
-5440
-5572
-5477
-5298
-5203
-5334
-5767
-6482
-7372
-8267
-8987
-9389
-9409
-9082
-8531
-7935
-7480
-7306
-7470
-7933
-8571
-9212
-9684
-9865
-9716
-9287
-8706
-8140
-7747
-7635
-7832
-8282
-8860
-9412
-9794
-9911
-9737
-9317
-8749
-8151
-7626
-7235
-6983
-6824
-6683
-6485
-6178
-5754
-5250
-4737
-4292
-3976
-3810
-3770
-3792
-3794
-3699
-3459
-3075
-2594
-2093
-1661
-1366
-1241
-1269
-1394
-1536
-1617
-1588
-1437
-1197
-927
-695
-550
-504
-527
-557
-517
-345
-17
439
949
1407
1710
1783
1609
1236
765
327
47
5
221
643
1162
1646
1977
2080
1951
1651
1289
992
863
953
1249
1676
2124
2479
2661
2646
2477
2245
2067
2044
2235
2634
3171
3736
4206
4484
4529
4368
4089
3818
3680
3768
4112
4674
5357
6035
6586
6925
7030
6944
6759
6594
6556
6712
7077
7607
8218
8812
9303
9643
9827
9891
9898
9910
9973
10098
10268
10443
10582
10664
10700
10736
10842
11092
11536
12181
12978
13831
14613
15202
15509
15505
15236
14808
14367
14057
13985
14184
14608
15135
15598
15826
15686
15122
14165
12932
11595
10338
9314
8606
8212
8045
7963
7808
7453
6835
5976
4974
3982
3160
2636
2469
2630
3009
3442
3752
3795
3494
2860
1983
1007
89
-643
-1126
-1378
-1488
-1593
-1836
-2324
-3100
-4124
-5287
-6438
-7423
-8124
-8490
-8548
-8387
-8137
-7925
-7842
-7917
-8109
-8326
-8451
-8380
-8052
-7473
-6714
-5892
-5143
-4581
-4275
-4225
-4374
-4621
-4857
-4990
-4979
-4834
-4615
-4408
-4295
-4329
-4512
-4794
-5088
-5288
-5305
-5082
-4618
-3956
-3175
-2367
-1608
-943
-381
103
553
1010
1500
2021
2550
3053
3496
3867
4172
4439
4700
4974
5251
5484
5595
5499
5126
4451
3517
2436
1370
498
-27
-122
203
839
1603
2279
2674
2667
2243
1496
605
-214
-773
-952
-746
-257
327
785
925
630
-103
-1175
-2403
-3580
-4529
-5149
-5442
-5504
-5489
-5562
-5845
-6379
-7109
-7902
-8587
-9006
-9063
-8754
-8172
-7478
-6863
-6489
-6447
-6733
-7253
-7852
-8359
-8641
-8633
-8364
-7937
-7502
-7205
-7148
-7361
-7790
-8319
-8803
-9115
-9176
-8982
-8597
-8131
-7706
-7414
-7293
-7313
-7390
-7412
-7274
-6912
-6323
-5570
-4760
-4020
-3460
-3144
-3077
-3209
-3446
-3686
-3837
-3845
-3699
-3428
-3084
-2727
-2404
-2140
-1938
-1785
-1666
-1570
-1498
-1461
-1470
-1528
-1620
-1713
-1759
-1710
-1531
-1217
-795
-325
116
456
643
661
533
319
93
-72
-127
-58
117
354
599
809
960
1058
1128
1207
1323
1487
1683
1873
2011
2055
1986
1813
1577
1335
1149
1068
1112
1271
1509
1777
2027
2230
2377
2484
2577
2681
2808
2952
3088
3184
3216
3178
3092
3004
2975
3057
3279
3632
4069
4511
4873
5087
5121
4992
4765
4532
4393
4421
4647
5050
5566
6107
6586
6945
7172
7293
7371
7471
7645
7909
8235
8568
8836
8987
9000
8906
8775
8703
8783
9073
9582
10260
11017
11741
12332
12728
12921
12957
12914
12884
12938
13110
13390
13732
14073
14357
14550
14656
14700
14720
14739
14750
14709
14543
14174
13547
12655
11555
10364
9231
8301
7677
7386
7371
7505
7621
7564
7234
6614
5778
4866
4044
3453
3166
3164
3345
3551
3619
3431
2951
2236
1415
651
84
-217
-281
-228
-241
-502
-1141
-2185
-3541
-5019
-6373
-7372
-7865
-7822
-7343
-6634
-5946
-5508
-5459
-5813
-6461
-7200
-7798
-8064
-7901
-7334
-6503
-5615
-4886
-4475
-4438
-4718
-5163
-5578
-5785
-5678
-5258
-4626
-3955
-3430
-3195
-3302
-3696
-4234
-4722
-4976
-4877
-4403
-3634
-2724
-1855
-1176
-766
-607
-599
-595
-452
-80
527
1289
2064
2696
3064
3127
2932
2607
2318
2212
2373
2789
3353
3892
4226
4221
3836
3142
2306
1541
1042
931
1211
1764
2383
2832
2915
2540
1745
694
-372
-1205
-1621
-1558
-1100
-448
130
380
135
-636
-1819
-3186
-4461
-5400
-5857
-5827
-5442
-4927
-4531
-4453
-4781
-5469
-6353
-7202
-7791
-7973
-7721
-7140
-6434
-5847
-5587
-5764
-6360
-7230
-8152
-8889
-9261
-9199
-8765
-8129
-7520
-7155
-7175
-7604
-8342
-9199
-9948
-10396
-10435
-10073
-9427
-8680
-8029
-7617
-7500
-7628
-7870
-8055
-8033
-7721
-7130
-6362
-5574
-4934
-4559
-4486
-4656
-4937
-5160
-5181
-4919
-4389
-3691
-2986
-2441
-2181
-2247
-2582
-3048
-3467
-3672
-3556
-3104
-2394
-1576
-825
-291
-55
-110
-363
-670
-878
-870
-602
-109
500
1087
1517
1700
1613
1307
883
463
153
19
67
255
507
746
914
995
1006
993
1010
1090
1238
1428
1607
1720
1726
1619
1427
1210
1037
969
1036
1228
1500
1784
2013
2143
2165
2113
2045
2031
2128
2356
2697
3094
3469
3750
3886
3870
3736
3550
3391
3322
3379
3555
3805
4066
4273
4385
4399
4351
4309
4346
4526
4874
5374
5966
6566
7085
7455
7646
7675
7601
7505
7472
7567
7819
8215
8710
9235
9721
10115
10393
10562
10657
10729
10831
11008
11284
11663
12128
12651
13194
13722
14206
14623
14962
15223
15413
15550
15654
15746
15843
15949
16053
16128
16131
16014
15734
15269
14624
13840
12984
12142
11395
10801
10379
10098
9889
9659
9317
8798
8090
7234
6323
5476
4807
4398
4268
4373
4608
4837
4928
4782
4364
3706
2897
2056
1299
701
280
-12
-274
-622
-1156
-1932
-2937
-4095
-5283
-6364
-7221
-7788
-8065
-8113
-8038
-7955
-7956
-8087
-8336
-8638
-8898
-9019
-8935
-8626
-8125
-7512
-6887
-6345
-5952
-5729
-5651
-5660
-5683
-5658
-5553
-5371
-5151
-4954
-4838
-4846
-4986
-5229
-5515
-5768
-5915
-5899
-5696
-5314
-4789
-4172
-3514
-2858
-2227
-1626
-1046
-469
116
718
1328
1930
2497
3005
3434
3771
4014
4172
4260
4295
4296
4275
4241
4191
4119
4012
3855
3638
3359
3031
2683
2355
2097
1955
1959
2112
2386
2720
3031
3234
3259
3073
2690
2169
1605
1100
740
566
557
639
693
591
230
-435
-1381
-2512
-3685
-4743
-5558
-6062
-6264
-6245
-6130
-6054
-6115
-6353
-6732
-7159
-7510
-7677
-7603
-7306
-6875
-6452
-6184
-6183
-6486
-7042
-7721
-8353
-8774
-8877
-8643
-8154
-7565
-7068
-6827
-6938
-7392
-8083
-8832
-9441
-9749
-9678
-9252
-8591
-7871
-7269
-6912
-6834
-6973
-7185
-7293
-7143
-6653
-5843
-4833
-3810
-2977
-2495
-2438
-2773
-3368
-4032
-4568
-4828
-4747
-4360
-3780
-3167
-2667
-2381
-2328
-2452
-2643
-2771
-2736
-2494
-2068
-1544
-1031
-636
-422
-391
-489
-626
-703
-652
-456
-152
175
430
529
437
173
-189
-550
-809
-896
-795
-542
-215
93
309
392
355
248
145
114
191
372
613
843
997
1032
951
797
643
564
612
790
1053
1316
1481
1469
1250
862
398
-8
-228
-172
179
766
1457
2085
2493
2575
2305
1749
1043
361
-132
-324
-183
241
831
1438
1925
2199
2236
2081
1830
1595
1478
1535
1771
2138
2561
2955
3260
3448
3536
3569
3606
3700
3878
4138
4450
4770
5055
5279
5439
5556
5663
5794
5971
6194
6443
6685
6887
7030
7114
7163
7214
7310
7479
7731
8047
8393
8723
9002
9213
9367
9498
9657
9888
10222
10659
11170
11707
12211
12639
12967
13206
13393
13577
13803
14098
14452
14826
15159
15386
15460
15367
15135
14824
14514
14277
14155
14146
14200
14227
14126
13806
13218
12363
11303
10139
8990
7965
7135
6523
6095
5783
5503
5181
4775
4286
3754
3243
2822
2538
2404
2394
2448
2493
2458
2298
2001
1587
1103
597
111
-343
-780
-1240
-1770
-2411
-3176
-4048
-4975
-5883
-6695
-7348
-7810
-8084
-8206
-8232
-8220
-8213
-8228
-8251
-8249
-8175
-7994
-7688
-7270
-6777
-6267
-5797
-5414
-5142
-4979
-4899
-4864
-4838
-4796
-4729
-4649
-4578
-4539
-4546
-4599
-4678
-4756
-4797
-4777
-4682
-4512
-4281
-4005
-3696
-3352
-2957
-2485
-1912
-1222
-424
448
1339
2178
2898
3453
3825
4033
4121
4152
4185
4257
4377
4519
4633
4659
4547
4270
3838
3290
2691
2111
1608
1217
944
767
647
547
441
321
202
110
70
95
175
279
358
361
249
8
-343
-762
-1192
-1577
-1881
-2100
-2264
-2427
-2655
-3002
-3497
-4132
-4862
-5617
-6318
-6898
-7319
-7580
-7714
-7776
-7825
-7910
-8050
-8235
-8427
-8576
-8633
-8571
-8388
-8115
-7807
-7529
-7338
-7273
-7346
-7537
-7806
-8100
-8369
-8571
-8686
-8709
-8649
-8527
-8361
-8172
-7972
-7773
-7583
-7409
-7259
-7137
-7039
-6954
-6860
-6727
-6524
-6226
-5823
-5327
-4772
-4209
-3699
-3301
-3055
-2978
-3058
-3255
-3513
-3771
-3974
-4084
-4086
-3983
-3795
-3548
-3267
-2972
-2675
-2381
-2094
-1818
-1563
-1341
-1165
-1044
-977
-951
-942
-920
-857
-735
-548
-313
-56
185
378
498
539
515
452
383
336
326
352
394
422
404
318
159
-56
-298
-521
-686
-760
-735
-620
-444
-245
-58
90
192
256
305
363
452
579
735
896
1030
1107
1107
1026
880
698
518
373
289
275
323
414
524
630
717
782
831
874
923
983
1055
1132
1204
1264
1315
1365
1433
1536
1688
1892
2135
2388
2617
2787
2876
2882
2824
2744
2692
2717
2855
3114
3476
3898
4325
4704
4998
5196
5316
5397
5491
5645
5889
6227
6637
7078
7501
7868
8158
8377
8555
8735
8959
9257
9638
10082
10554
11008
11404
11722
11964
12158
12345
12569
12860
13225
13645
14081
14483
14806
15026
15147
15201
15238
15313
15469
15718
16037
16373
16646
16776
16696
16370
15803
15037
14145
13206
12295
11465
10734
10090
9500
8916
8299
7621
6882
6100
5311
4557
3874
3287
2803
2415
2106
1858
1654
1485
1350
1252
1189
1152
1120
1061
932
692
304
-251
-972
-1836
-2801
-3812
-4812
-5752
-6595
-7322
-7934
-8444
-8874
-9249
-9586
-9897
-10181
-10429
-10629
-10768
-10835
-10824
-10736
-10577
-10353
-10071
-9735
-9349
-8916
-8440
-7932
-7410
-6899
-6425
-6016
-5696
-5474
-5352
-5313
-5335
-5385
-5434
-5452
-5418
-5315
-5131
-4855
-4472
-3971
-3339
-2574
-1687
-708
313
1317
2236
3016
3626
4065
4372
4609
4853
5172
5606
6153
6766
7359
7831
8085
8057
7734
7155
6409
5607
4861
4253
3819
3543
3366
3210
3003
2701
2302
1851
1416
1073
876
836
916
1036
1098
1013
725
235
-400
-1088
-1715
-2190
-2466
-2558
-2537
-2515
-2610
-2916
-3473
-4260
-5198
-6172
-7066
-7790
-8304
-8624
-8811
-8951
-9120
-9367
-9692
-10051
-10375
-10586
-10635
-10508
-10241
-9905
-9586
-9359
-9264
-9297
-9407
-9520
-9557
-9463
-9227
-8881
-8496
-8156
-7931
-7856
-7916
-8052
-8174
-8190
-8035
-7687
-7179
-6584
-5998
-5511
-5176
-5003
-4947
-4933
-4874
-4703
-4393
-3966
-3489
-3051
-2739
-2607
-2661
-2856
-3108
-3318
-3403
-3322
-3089
-2767
-2458
-2267
-2277
-2520
-2971
-3550
-4144
-4636
-4935
-5000
-4845
-4536
-4167
-3838
-3621
-3547
-3598
-3716
-3822
-3845
-3740
-3503
-3175
-2830
-2552
-2411
-2446
-2649
-2969
-3321
-3613
-3768
-3741
-3536
-3202
-2821
-2485
-2276
-2243
-2389
-2668
-3002
-3292
-3447
-3402
-3135
-2671
-2072
-1431
-844
-392
-128
-67
-184
-427
-731
-1027
-1263
-1407
-1454
-1415
-1317
-1191
-1062
-949
-860
-797
-758
-740
-743
-770
-821
-896
-990
-1093
-1191
-1272
-1327
-1357
-1370
-1380
-1401
-1443
-1504
-1570
-1617
-1618
-1550
-1405
-1195
-953
-727
-568
-515
-585
-766
-1016
-1270
-1459
-1527
-1441
-1209
-869
-484
-123
154
322
386
388
388
449
616
906
1298
1745
2186
2567
2859
3068
3235
3426
3709
4135
4720
5436
6219
6984
7647
8151
8481
8668
8785
8920
9156
9543
10083
10730
11401
12000
12444
12687
12738
12652
12523
12455
12536
12810
13272
13865
14496
15064
15483
15706
15733
15614
15428
15265
15203
15287
15523
15881
16299
16708
17039
17242
17288
17168
16887
16458
15894
15208
14416
13536
12598
11638
10694
9800
8973
8206
7460
6678
5791
4745
3514
2118
629
-843
-2168
-3222
-3920
-4238
-4218
-3964
-3621
-3337
-3233
-3377
-3767
-4339
-4984
-5582
-6032
-6281
-6335
-6259
-6157
-6140
-6301
-6686
-7282
-8022
-8800
-9497
-10011
-10277
-10279
-10048
-9650
-9165
-8662
-8188
-7754
-7339
-6898
-6383
-5751
-4982
-4082
-3078
-2018
-955
60
986
1793
2461
2981
3349
3568
3646
3603
3468
3280
3084
2924
2831
2821
2882
2984
3078
3114
3053
2882
2620
2317
2048
1892
1917
2160
2616
3238
3938
4613
5156
5485
5552
5355
4936
4367
3735
3123
2594
2177
1867
1629
1406
1135
764
262
-374
-1118
-1914
-2694
-3383
-3922
-4271
-4424
-4406
-4272
-4098
-3960
-3923
-4028
-4279
-4644
-5064
-5467
-5784
-5972
-6021
-5962
-5859
-5792
-5839
-6051
-6438
-6961
-7537
-8061
-8422
-8536
-8361
-7913
-7256
-6493
-5738
-5095
-4632
-4371
-4289
-4329
-4419
-4493
-4508
-4456
-4358
-4259
-4209
-4249
-4401
-4661
-5003
-5388
-5777
-6142
-6470
-6760
-7022
-7262
-7480
-7656
-7761
-7759
-7621
-7335
-6913
-6397
-5847
-5336
-4929
-4672
-4581
-4645
-4824
-5066
-5322
-5555
-5749
-5913
-6071
-6254
-6489
-6786
-7136
-7512
-7871
-8170
-8373
-8460
-8431
-8305
-8117
-7905
-7705
-7540
-7419
-7336
-7271
-7196
-7085
-6917
-6682
-6386
-6049
-5704
-5393
-5158
-5037
-5049
-5199
-5463
-5799
-6145
-6431
-6593
-6583
-6382
-6000
-5483
-4896
-4318
-3819
-3450
-3229
-3142
-3142
-3167
-3154
-3053
-2841
-2530
-2160
-1792
-1492
-1316
-1297
-1435
-1703
-2049
-2412
-2734
-2973
-3111
-3151
-3119
-3049
-2976
-2926
-2911
-2927
-2958
-2983
-2984
-2953
-2892
-2817
-2750
-2717
-2736
-2814
-2947
-3116
-3295
-3454
-3571
-3632
-3640
-3605
-3549
-3495
-3458
-3446
-3451
-3455
-3431
-3353
-3204
-2979
-2690
-2361
-2028
-1724
-1477
-1297
-1182
-1111
-1056
-988
-884
-736
-546
-329
-104
116
328
539
767
1032
1350
1720
2126
2536
2911
3218
3441
3591
3710
3859
4109
4518
5114
5883
6769
7684
8526
9206
9668
9909
9975
9953
9947
10051
10323
10775
11364
12015
12636
13150
13515
13737
13867
13980
14155
14446
14862
15366
15879
16307
16569
16618
16465
16170
15832
15559
15439
15514
15770
16140
16529
16839
17006
17013
16903
16758
16680
16749
16998
17398
17854
18237
18409
18266
17770
16954
15916
14789
13695
12704
11807
10910
9852
8453
6564
4122
1185
-2064
-5344
-8326
-10705
-12264
-12926
-12769
-12011
-10955
-9925
-9191
-8909
-9094
-9625
-10282
-10804
-10962
-10608
-9716
-8385
-6811
-5240
-3915
-3023
-2661
-2827
-3433
-4338
-5383
-6426
-7371
-8166
-8800
-9280
-9613
-9785
-9763
-9494
-8929
-8038
-6827
-5347
-3685
-1948
-241
1354
2799
4095
5272
6373
7429
8440
9370
10151
10701
10951
10869
10473
9831
9048
8237
7487
6836
6262
5689
5010
4128
2991
1622
131
-1297
-2447
-3111
-3151
-2528
-1329
248
1936
3441
4513
4990
4828
4105
2990
1703
461
-571
-1312
-1772
-2039
-2247
-2540
-3031
-3776
-4768
-5939
-7181
-8372
-9401
-10185
-10679
-10873
-10785
-10447
-9898
-9174
-8305
-7319
-6242
-5106
-3944
-2793
-1695
-691
180
881
1376
1637
1640
1377
861
129
-753
-1698
-2602
-3368
-3920
-4222
-4285
-4169
-3966
-3775
-3682
-3728
-3901
-4131
-4310
-4316
-4052
-3468
-2587
-1499
-351
687
1462
1860
1838
1424
701
-215
-1209
-2195
-3131
-4021
-4903
-5822
-6809
-7860
-8925
-9925
-10760
-11345
-11628
-11607
-11335
-10900
-10410
-9961
-9616
-9389
-9251
-9138
-8975
-8704
-8296
-7768
-7174
-6595
-6114
-5803
-5700
-5808
-6097
-6515
-7000
-7498
-7963
-8366
-8683
-8893
-8972
-8888
-8611
-8120
-7415
-6526
-5517
-4474
-3500
-2686
-2096
-1754
-1636
-1677
-1789
-1883
-1891
-1783
-1571
-1308
-1068
-927
-945
-1145
-1516
-2010
-2561
-3099
-3567
-3934
-4194
-4362
-4463
-4523
-4553
-4550
-4498
-4377
-4173
-3889
-3549
-3199
-2893
-2689
-2628
-2731
-2989
-3367
-3818
-4288
-4731
-5120
-5446
-5718
-5957
-6183
-6410
-6643
-6874
-7090
-7273
-7414
-7508
-7558
-7569
-7546
-7486
-7376
-7199
-6939
-6585
-6148
-5656
-5160
-4721
-4402
-4252
-4292
-4511
-4863
-5280
-5681
-5991
-6160
-6164
-6013
-5742
-5400
-5034
-4681
-4354
-4047
-3742
-3413
-3042
-2625
-2177
-1725
-1304
-944
-664
-465
-331
-234
-146
-43
81
222
356
457
503
483
407
297
190
125
133
231
417
676
983
1312
1644
1973
2302
2640
2996
3368
3740
4083
4359
4533
4583
4511
4346
4141
3963
3875
3926
4132
4472
4893
5322
5681
5910
5983
5914
5754
5584
5487
5533
5757
6151
6663
7212
7706
8071
8266
8298
8222
8130
8124
8294
8690
9311
10098
10949
11736
12340
12675
12707
12463
12022
11498
11009
10655
10495
10535
10739
11039
11359
11640
11851
12001
12128
12283
12513
12840
13250
13693
14099
14393
14520
14464
14247
13935
13611
13354
13215
13200
13262
13311
13231
12913
12269
11259
9890
8212
6303
4245
2114
-28
-2140
-4177
-6086
-7798
-9222
-10261
-10835
-10905
-10496
-9710
-8714
-7711
-6904
-6443
-6390
-6703
-7236
-7777
-8098
-8014
-7431
-6375
-4989
-3502
-2174
-1236
-836
-1006
-1663
-2628
-3683
-4620
-5291
-5636
-5680
-5513
-5248
-4974
-4728
-4474
-4123
-3557
-2673
-1427
147
1934
3755
5412
6730
7602
8010
8025
7787
7461
7200
7100
7185
7404
7653
7803
7741
7396
6753
5853
4775
3611
2446
1338
317
-611
-1452
-2200
-2833
-3308
-3571
-3577
-3303
-2772
-2053
-1259
-524
16
259
149
-306
-1041
-1951
-2910
-3804
-4550
-5109
-5490
-5740
-5925
-6114
-6362
-6694
-7104
-7561
-8017
-8418
-8716
-8878
-8889
-8748
-8467
-8063
-7553
-6952
-6270
-5519
-4711
-3867
-3021
-2213
-1494
-916
-522
-339
-370
-588
-941
-1355
-1748
-2041
-2178
-2134
-1921
-1586
-1201
-850
-610
-530
-629
-886
-1248
-1643
-2000
-2261
-2395
-2405
-2323
-2202
-2100
-2068
-2142
-2340
-2660
-3094
-3630
-4265
-5000
-5840
-6785
-7818
-8905
-9983
-10976
-11802
-12390
-12701
-12732
-12525
-12158
-11727
-11328
-11032
-10874
-10845
-10893
-10946
-10923
-10760
-10425
-9923
-9296
-8610
-7940
-7351
-6889
-6570
-6385
-6306
-6297
-6329
-6382
-6451
-6541
-6663
-6820
-7007
-7202
-7375
-7485
-7498
-7389
-7151
-6796
-6354
-5865
-5374
-4920
-4533
-4230
-4013
-3874
-3801
-3777
-3788
-3823
-3876
-3947
-4037
-4153
-4302
-4492
-4728
-5014
-5348
-5719
-6110
-6496
-6847
-7130
-7319
-7395
-7349
-7190
-6935
-6614
-6256
-5894
-5550
-5240
-4972
-4748
-4565
-4424
-4326
-4278
-4283
-4346
-4462
-4619
-4795
-4962
-5090
-5154
-5139
-5046
-4891
-4701
-4508
-4343
-4225
-4161
-4139
-4134
-4115
-4052
-3925
-3725
-3463
-3161
-2849
-2556
-2306
-2110
-1971
-1882
-1833
-1819
-1842
-1911
-2039
-2235
-2497
-2805
-3122
-3392
-3552
-3548
-3342
-2930
-2340
-1632
-886
-183
407
849
1141
1316
1434
1559
1747
2025
2383
2784
3163
3456
3610
3603
3450
3197
2912
2665
2512
2479
2555
2704
2868
2994
3047
3022
2946
2875
2875
3006
3303
3771
4375
5056
5739
6354
6852
7210
7436
7560
7624
7668
7722
7800
7902
8021
8155
8307
8498
8753
9101
9561
10132
10788
11480
12143
12711
13132
13379
13458
13405
13278
13141
13048
13035
13107
13246
13414
13572
13684
13733
13723
13673
13613
13568
13556
13575
13608
13628
13603
13512
13346
13113
12832
12530
12230
11943
11666
11379
11050
10645
10128
9472
8659
7677
6515
5164
3613
1856
-101
-2232
-4474
-6731
-8874
-10755
-12227
-13177
-13541
-13329
-12626
-11582
-10386
-9236
-8297
-7673
-7387
-7380
-7531
-7681
-7678
-7407
-6823
-5954
-4902
-3812
-2847
-2145
-1796
-1823
-2178
-2764
-3450
-4106
-4626
-4945
-5043
-4937
-4668
-4279
-3800
-3239
-2580
-1793
-850
262
1529
2902
4304
5640
6817
7758
8416
8779
8873
8744
8455
8064
7613
7128
6613
6058
5447
4766
4010
3182
2296
1373
433
-502
-1415
-2285
-3088
-3793
-4358
-4739
-4896
-4801
-4450
-3875
-3139
-2339
-1590
-1008
-690
-698
-1045
-1695
-2568
-3557
-4545
-5432
-6147
-6661
-6990
-7181
-7300
-7413
-7566
-7773
-8013
-8231
-8354
-8305
-8021
-7473
-6667
-5648
-4492
-3289
-2126
-1074
-172
571
1178
1683
2123
2523
2880
3167
3333
3317
3069
2558
1797
835
-234
-1300
-2243
-2960
-3388
-3508
-3352
-2993
-2530
-2063
-1679
-1434
-1345
-1394
-1537
-1719
-1891
-2022
-2111
-2181
-2277
-2453
-2761
-3237
-3895
-4725
-5694
-6756
-7859
-8954
-10001
-10973
-11853
-12627
-13284
-13807
-14173
-14352
-14310
-14023
-13478
-12682
-11672
-10509
-9273
-8060
-6958
-6044
-5365
-4932
-4725
-4692
-4766
-4878
-4972
-5018
-5015
-4985
-4970
-5013
-5145
-5372
-5672
-5997
-6284
-6468
-6501
-6361
-6059
-5637
-5151
-4662
-4216
-3834
-3510
-3211
-2897
-2531
-2100
-1622
-1151
-764
-544
-564
-863
-1438
-2239
-3179
-4150
-5047
-5786
-6320
-6644
-6785
-6798
-6738
-6653
-6567
-6479
-6370
-6210
-5973
-5651
-5255
-4822
-4400
-4043
-3794
-3677
-3691
-3815
-4009
-4230
-4443
-4628
-4785
-4932
-5099
-5315
-5602
-5964
-6381
-6813
-7207
-7502
-7646
-7604
-7363
-6939
-6371
-5718
-5043
-4406
-3851
-3402
-3061
-2808
-2611
-2439
-2266
-2083
-1901
-1747
-1658
-1671
-1810
-2078
-2452
-2887
-3325
-3701
-3966
-4086
-4060
-3907
-3667
-3387
-3106
-2848
-2618
-2399
-2164
-1887
-1547
-1145
-699
-245
173
514
747
857
846
733
540
293
11
-288
-595
-894
-1166
-1383
-1512
-1523
-1396
-1130
-748
-296
164
573
882
1071
1153
1170
1184
1261
1446
1756
2166
2620
3042
3357
3511
3487
3312
3049
2783
2599
2561
2696
2987
3384
3815
4209
4514
4712
4823
4891
4980
5145
5420
5809
6282
6781
7244
7611
7846
7944
7928
7847
7758
7716
7754
7885
8093
8345
8596
8805
8946
9011
9016
8995
8992
9051
9204
9461
9807
10202
10582
10878
11022
10966
10692
10220
9608
8943
8326
7853
7595
7582
7798
8182
8644
9085
9420
9599
9618
9517
9367
9248
9228
9338
9562
9845
10105
10260
10250
10060
9724
9313
8914
8595
8378
8217
7996
7555
6720
5351
3390
884
-2002
-5014
-7840
-10180
-11794
-12558
-12479
-11696
-10447
-9016
-7676
-6636
-6004
-5778
-5858
-6079
-6259
-6235
-5907
-5249
-4310
-3200
-2057
-1022
-210
305
503
401
50
-481
-1123
-1817
-2513
-3180
-3793
-4335
-4787
-5126
-5323
-5348
-5164
-4745
-4069
-3135
-1960
-589
909
2449
3926
5239
6297
7036
7426
7478
7241
6792
6220
5610
5028
4507
4044
3609
3152
2618
1969
1188
292
-676
-1654
-2574
-3371
-4001
-4440
-4684
-4745
-4641
-4393
-4014
-3518
-2920
-2242
-1524
-822
-206
247
468
411
61
-558
-1384
-2329
-3293
-4183
-4928
-5492
-5874
-6102
-6224
-6291
-6343
-6402
-6466
-6514
-6516
-6443
-6276
-6013
-5670
-5272
-4849
-4426
-4014
-3611
-3205
-2780
-2325
-1848
-1373
-944
-618
-450
-485
-742
-1208
-1842
-2574
-3325
-4016
-4583
-4989
-5225
-5307
-5271
-5164
-5027
-4892
-4780
-4696
-4638
-4600
-4582
-4589
-4630
-4722
-4876
-5097
-5381
-5710
-6059
-6402
-6715
-6987
-7219
-7430
-7644
-7892
-8194
-8559
-8978
-9420
-9842
-10195
-10430
-10515
-10437
-10202
-9840
-9392
-8903
-8415
-7958
-7547
-7182
-6858
-6562
-6290
-6047
-5849
-5721
-5687
-5767
-5963
-6258
-6611
-6966
-7259
-7432
-7445
-7286
-6972
-6550
-6085
-5645
-5286
-5042
-4914
-4872
-4860
-4816
-4678
-4409
-4000
-3475
-2887
-2307
-1809
-1453
-1279
-1295
-1482
-1798
-2191
-2611
-3015
-3378
-3689
-3951
-4174
-4368
-4536
-4673
-4770
-4811
-4784
-4681
-4505
-4270
-4001
-3725
-3476
-3282
-3164
-3134
-3190
-3319
-3494
-3682
-3845
-3943
-3947
-3839
-3620
-3311
-2954
-2603
-2318
-2152
-2140
-2291
-2584
-2970
-3381
-3744
-3992
-4079
-3990
-3737
-3360
-2913
-2455
-2033
-1681
-1412
-1223
-1099
-1023
-982
-966
-974
-1005
-1054
-1110
-1150
-1149
-1079
-923
-677
-358
-1
350
650
867
988
1024
1010
993
1023
1133
1340
1629
1965
2297
2575
2759
2832
2802
2702
2577
2476
2440
2488
2624
2829
3077
3338
3593
3831
4061
4299
4566
4878
5241
5645
6070
6481
6847
7140
7342
7456
7495
7487
7466
7462
7501
7595
7745
7941
8163
8394
8617
8826
9025
9230
9465
9759
10133
10602
11162
11790
12449
13087
13651
14095
14391
14532
14534
14435
14278
14108
13951
13813
13677
13505
13255
12894
12409
11822
11187
10582
10090
9782
9693
9808
10065
10359
10570
10586
10332
9796
9029
8137
7262
6541
6074
5888
5930
6060
6086
5792
4997
3589
1562
-972
-3801
-6643
-9199
-11208
-12493
-12998
-12790
-12046
-11010
-9944
-9072
-8535
-8370
-8505
-8784
-9011
-8995
-8599
-7773
-6561
-5096
-3565
-2168
-1073
-384
-120
-219
-561
-999
-1400
-1672
-1785
-1770
-1699
-1659
-1723
-1917
-2213
-2529
-2747
-2742
-2410
-1698
-617
761
2316
3902
5376
6624
7575
8207
8540
8620
8507
8260
7923
7527
7089
6620
6127
5615
5091
4553
3991
3381
2691
1885
937
-156
-1372
-2647
-3890
-4989
-5831
-6326
-6418
-6104
-5435
-4505
-3442
-2381
-1451
-749
-334
-220
-381
-763
-1292
-1894
-2505
-3078
-3592
-4044
-4451
-4835
-5214
-5597
-5971
-6302
-6537
-6617
-6488
-6114
-5496
-4671
-3715
-2728
-1815
-1058
-503
-138
104
332
670
1222
2041
3105
4310
5486
6425
6929
6852
6136
4832
3094
1146
-757
-2387
-3582
-4279
-4517
-4418
-4151
-3887
-3752
-3804
-4025
-4331
-4609
-4753
-4699
-4448
-4071
-3687
-3434
-3428
-3732
-4333
-5145
-6028
-6825
-7399
-7676
-7661
-7442
-7169
-7019
-7149
-7655
-8548
-9739
-11060
-12294
-13223
-13672
-13546
-12853
-11693
-10244
-8715
-7307
-6170
-5381
-4930
-4739
-4685
-4641
-4510
-4250
-3884
-3492
-3183
-3064
-3204
-3613
-4228
-4930
-5565
-5983
-6079
-5815
-5237
-4466
-3668
-3020
-2660
-2661
-3002
-3581
-4232
-4766
-5016
-4879
-4335
-3459
-2399
-1347
-490
22
114
-206
-858
-1710
-2610
-3427
-4074
-4524
-4802
-4974
-5119
-5302
-5552
-5858
-6167
-6403
-6490
-6371
-6032
-5503
-4858
-4197
-3625
-3232
-3067
-3137
-3400
-3780
-4183
-4520
-4722
-4760
-4643
-4417
-4152
-3930
-3818
-3862
-4077
-4439
-4900
-5391
-5840
-6183
-6377
-6406
-6277
-6021
-5675
-5282
-4875
-4472
-4080
-3692
-3300
-2896
-2485
-2085
-1724
-1440
-1267
-1225
-1316
-1520
-1792
-2075
-2307
-2440
-2444
-2317
-2087
-1800
-1515
-1282
-1137
-1086
-1110
-1166
-1197
-1154
-1001
-730
-362
56
465
806
1035
1136
1121
1029
916
837
835
928
1108
1338
1571
1755
1854
1856
1775
1651
1534
1474
1507
1641
1858
2116
2361
2541
2621
2592
2474
2307
2147
2044
2031
2116
2284
2497
2711
2890
3014
3089
3144
3223
3369
3612
3955
4376
4826
5242
5568
5766
5826
5776
5667
5569
5546
5646
5885
6244
6678
7126
7528
7838
8038
8138
8174
8190
8232
8335
8511
8754
9040
9342
9632
9895
10126
10330
10515
10683
10826
10926
10953
10881
10690
10381
9972
9505
9031
8604
8267
8043
7932
7918
7970
8059
8167
8289
8436
8625
8869
9169
9500
9819
10069
10195
10159
9957
9625
9232
8867
8616
8533
8617
8807
8977
8964
8593
7722
6271
4252
1770
-983
-3764
-6318
-8416
-9903
-10711
-10869
-10491
-9743
-8810
-7861
-7022
-6359
-5881
-5549
-5296
-5051
-4753
-4371
-3898
-3354
-2769
-2180
-1616
-1097
-636
-239
83
314
431
405
208
-173
-733
-1442
-2241
-3051
-3782
-4341
-4652
-4658
-4331
-3676
-2723
-1526
-154
1316
2804
4233
5530
6632
7489
8066
8348
8344
8083
7615
7004
6320
5627
4975
4393
3886
3435
3001
2541
2009
1375
628
-218
-1131
-2052
-2916
-3654
-4202
-4515
-4567
-4354
-3902
-3253
-2470
-1624
-790
-36
575
1001
1214
1202
970
535
-76
-831
-1689
-2602
-3522
-4391
-5157
-5769
-6190
-6404
-6417
-6266
-6009
-5723
-5485
-5362
-5393
-5582
-5893
-6261
-6597
-6813
-6834
-6617
-6155
-5480
-4651
-3747
-2844
-2009
-1289
-710
-282
-2
131
124
-21
-298
-692
-1171
-1688
-2182
-2589
-2851
-2934
-2831
-2572
-2214
-1833
-1508
-1305
-1264
-1394
-1674
-2063
-2510
-2965
-3389
-3755
-4052
-4276
-4428
-4509
-4523
-4482
-4404
-4323
-4287
-4348
-4555
-4940
-5505
-6217
-7010
-7798
-8486
-9000
-9295
-9369
-9258
-9028
-8754
-8499
-8300
-8160
-8053
-7936
-7770
-7538
-7250
-6950
-6697
-6551
-6548
-6685
-6918
-7162
-7319
-7298
-7046
-6562
-5902
-5167
-4477
-3946
-3649
-3607
-3782
-4087
-4415
-4661
-4752
-4659
-4401
-4032
-3624
-3240
-2918
-2663
-2454
-2253
-2025
-1756
-1466
-1200
-1024
-1003
-1181
-1563
-2114
-2758
-3398
-3939
-4305
-4459
-4409
-4204
-3919
-3637
-3430
-3346
-3399
-3573
-3830
-4121
-4400
-4626
-4777
-4840
-4815
-4706
-4520
-4268
-3960
-3614
-3253
-2902
-2592
-2350
-2199
-2149
-2197
-2329
-2523
-2752
-2990
-3212
-3400
-3536
-3607
-3598
-3498
-3297
-2998
-2612
-2166
-1701
-1264
-902
-653
-533
-537
-633
-771
-893
-945
-887
-700
-395
0
441
878
1268
1576
1787
1897
1915
1860
1751
1611
1464
1330
1232
1190
1217
1323
1503
1744
2022
2308
2577
2810
3003
3165
3320
3493
3708
3977
4293
4633
4962
5243
5445
5553
5575
5537
5475
5428
5424
5474
5568
5679
5775
5826
5820
5764
5686
5627
5632
5733
5943
6250
6624
7019
7395
7722
7996
8233
8468
8744
9092
9529
10043
10596
11136
11602
11946
12140
12179
12087
11901
11665
11418
11183
10965
10751
10524
10265
9964
9625
9267
8920
8618
8387
8248
8208
8260
8391
8584
8821
9084
9357
9624
9868
10070
10214
10290
10300
10257
10187
10116
10062
10018
9946
9769
9379
8654
7490
5822
3661
1098
-1689
-4465
-6967
-8959
-10270
-10836
-10709
-10046
-9080
-8065
-7224
-6703
-6539
-6664
-6921
-7111
-7046
-6594
-5717
-4478
-3028
-1567
-304
599
1053
1059
701
116
-545
-1156
-1643
-1998
-2274
-2558
-2941
-3480
-4180
-4982
-5768
-6391
-6701
-6579
-5966
-4869
-3365
-1582
323
2197
3902
5346
6476
7285
7796
8054
8114
8028
7843
7596
7311
7004
6677
6320
5913
5430
4840
4120
3260
2272
1193
81
-989
-1939
-2698
-3219
-3481
-3498
-3307
-2963
-2525
-2043
-1552
-1067
-592
-123
338
782
1180
1490
1662
1653
1430
987
346
-445
-1318
-2195
-3003
-3683
-4198
-4539
-4721
-4780
-4761
-4713
-4679
-4686
-4746
-4848
-4967
-5066
-5100
-5032
-4836
-4503
-4052
-3521
-2967
-2454
-2045
-1787
-1702
-1784
-2004
-2313
-2654
-2979
-3256
-3475
-3646
-3796
-3949
-4124
-4317
-4504
-4642
-4678
-4569
-4289
-3843
-3269
-2634
-2016
-1493
-1126
-946
-947
-1097
-1344
-1635
-1925
-2195
-2448
-2710
-3017
-3402
-3884
-4460
-5105
-5774
-6417
-6988
-7455
-7806
-8050
-8206
-8298
-8346
-8355
-8315
-8203
-7992
-7661
-7204
-6633
-5986
-5317
-4691
-4171
-3808
-3633
-3653
-3849
-4185
-4611
-5072
-5519
-5913
-6227
-6450
-6586
-6648
-6656
-6634
-6601
-6571
-6546
-6521
-6476
-6386
-6223
-5963
-5592
-5111
-4537
-3905
-3261
-2654
-2128
-1715
-1430
-1268
-1211
-1230
-1297
-1390
-1500
-1629
-1788
-1989
-2237
-2527
-2837
-3133
-3378
-3536
-3589
-3538
-3409
-3246
-3102
-3023
-3039
-3150
-3329
-3524
-3672
-3713
-3609
-3354
-2977
-2538
-2116
-1787
-1612
-1620
-1802
-2118
-2503
-2891
-3224
-3469
-3621
-3700
-3738
-3771
-3818
-3880
-3932
-3937
-3852
-3648
-3318
-2883
-2391
-1905
-1487
-1181
-1006
-946
-957
-980
-958
-850
-644
-361
-47
235
429
497
426
237
-24
-301
-535
-685
-730
-673
-535
-342
-121
114
367
647
971
1351
1787
2262
2746
3198
3583
3872
4055
4143
4160
4140
4117
4114
4140
4190
4248
4291
4298
4259
4173
4049
3906
3765
3650
3577
3564
3620
3755
3973
4274
4651
5088
5558
6028
6458
6816
7080
7247
7333
7375
7415
7495
7641
7856
8116
8375
8581
8687
8668
8532
8322
8107
7967
7971
8161
8535
9050
9623
10159
10567
10782
10787
10610
10318
10002
9749
9624
9653
9817
10062
10309
10482
10524
10412
10161
9822
9461
9145
8923
8812
8797
8835
8871
8852
8750
8569
8344
8138
8022
8050
8247
8585
8988
9333
9471
9259
8585
7395
5712
3640
1344
-966
-3079
-4816
-6061
-6779
-7026
-6926
-6648
-6367
-6226
-6310
-6626
-7112
-7646
-8084
-8293
-8178
-7706
-6911
-5880
-4737
-3608
-2598
-1775
-1154
-713
-405
-178
1
138
205
151
-79
-531
-1213
-2095
-3099
-4117
-5021
-5691
-6031
-5990
-5560
-4784
-3737
-2517
-1227
43
1222
2267
3162
3913
4542
5080
5556
5994
6404
6783
7114
7370
7521
7536
7392
7080
6605
5982
5241
4412
3526
2608
1678
751
-153
-1014
-1794
-2449
-2929
-3185
-3185
-2919
-2413
-1721
-924
-114
618
1206
1606
1810
1835
1713
1477
1153
751
268
-302
-958
-1679
-2420
-3116
-3697
-4102
-4302
-4313
-4196
-4053
-3996
-4124
-4491
-5092
-5850
-6639
-7305
-7705
-7746
-7403
-6734
-5863
-4953
-4166
-3627
-3391
-3438
-3683
-3998
-4255
-4358
-4268
-4014
-3677
-3367
-3190
-3209
-3431
-3800
-4208
-4530
-4654
-4516
-4113
-3512
-2829
-2202
-1755
-1568
-1657
-1970
-2403
-2826
-3117
-3192
-3025
-2654
-2167
-1686
-1331
-1196
-1325
-1711
-2293
-2978
-3663
-4261
-4716
-5012
-5175
-5259
-5326
-5431
-5606
-5847
-6122
-6375
-6545
-6579
-6450
-6165
-5765
-5317
-4900
-4588
-4434
-4460
-4647
-4947
-5287
-5590
-5788
-5840
-5737
-5506
-5200
-4888
-4638
-4502
-4508
-4651
-4898
-5196
-5483
-5706
-5823
-5819
-5699
-5492
-5232
-4958
-4700
-4472
-4274
-4091
-3900
-3679
-3411
-3094
-2738
-2367
-2016
-1718
-1505
-1396
-1396
-1492
-1659
-1860
-2059
-2221
-2322
-2356
-2330
-2265
-2193
-2147
-2156
-2236
-2388
-2595
-2827
-3044
-3208
-3289
-3271
-3160
-2975
-2753
-2535
-2361
-2260
-2246
-2316
-2454
-2634
-2828
-3014
-3173
-3300
-3391
-3450
-3474
-3462
-3403
-3289
-3117
-2889
-2623
-2350
-2109
-1941
-1875
-1925
-2077
-2292
-2512
-2673
-2713
-2596
-2315
-1896
-1395
-885
-437
-105
87
154
138
102
113
220
443
766
1142
1506
1791
1948
1962
1854
1680
1517
1445
1525
1787
2218
2770
3365
3919
4358
4631
4727
4665
4497
4285
4095
3976
3957
4046
4229
4481
4775
5082
5384
5666
5917
6128
6288
6389
6425
6399
6326
6235
6161
6144
6218
6399
6684
7045
7438
7811
8116
8320
8417
8425
8382
8338
8340
8419
8588
8833
9125
9425
9696
9915
10071
10173
10235
10275
10303
10316
10298
10226
10076
9834
9504
9107
8682
8277
7939
7701
7582
7579
7673
7838
8047
8279
8526
8787
9065
9363
9670
9967
10226
10414
10505
10488
10370
10176
9942
9699
9465
9233
8961
8584
8023
7200
6068
4620
2901
1007
-925
-2748
-4322
-5543
-6360
-6785
-6883
-6760
-6535
-6319
-6185
-6163
-6229
-6322
-6354
-6240
-5918
-5366
-4611
-3724
-2809
-1978
-1333
-940
-819
-942
-1240
-1621
-1996
-2294
-2486
-2583
-2636
-2717
-2898
-3227
-3713
-4315
-4947
-5496
-5843
-5893
-5589
-4929
-3965
-2787
-1507
-229
963
2025
2950
3757
4479
5145
5764
6320
6776
7085
7206
7118
6826
6368
5797
5177
4558
3968
3408
2855
2273
1630
915
144
-633
-1349
-1926
-2301
-2435
-2331
-2022
-1572
-1053
-531
-51
368
737
1076
1409
1748
2083
2381
2592
2660
2538
2202
1651
917
48
-896
-1859
-2795
-3676
-4487
-5226
-5896
-6498
-7029
-7485
-7857
-8141
-8337
-8451
-8490
-8458
-8350
-8154
-7846
-7404
-6813
-6076
-5223
-4309
-3411
-2614
-1995
-1607
-1467
-1555
-1814
-2165
-2529
-2840
-3059
-3182
-3235
-3264
-3319
-3437
-3634
-3901
-4205
-4502
-4744
-4898
-4947
-4895
-4762
-4575
-4360
-4134
-3904
-3665
-3411
-3134
-2837
-2533
-2246
-2002
-1828
-1743
-1754
-1856
-2036
-2280
-2573
-2911
-3293
-3723
-4204
-4732
-5290
-5849
-6375
-6830
-7187
-7430
-7565
-7609
-7592
-7543
-7481
-7408
-7310
-7160
-6930
-6598
-6164
-5652
-5108
-4594
-4173
-3893
-3774
-3808
-3951
-4147
-4333
-4459
-4505
-4479
-4418
-4373
-4390
-4498
-4693
-4936
-5163
-5302
-5292
-5098
-4729
-4233
-3690
-3186
-2796
-2560
-2471
-2479
-2506
-2463
-2281
-1931
-1435
-863
-319
88
272
190
-145
-666
-1268
-1834
-2265
-2501
-2532
-2400
-2179
-1954
-1797
-1750
-1811
-1944
-2089
-2187
-2193
-2094
-1909
-1682
-1466
-1307
-1226
-1216
-1242
-1259
-1222
-1107
-918
-690
-477
-338
-319
-437
-673
-980
-1291
-1543
-1688
-1714
-1637
-1504
-1370
-1286
-1277
-1342
-1447
-1543
-1577
-1510
-1329
-1048
-703
-340
2
306
575
836
1128
1486
1924
2432
2973
3491
3928
4244
4424
4489
4489
4487
4545
4701
4960
5292
5638
5928
6102
6124
5995
5750
5452
5174
4981
4914
4985
5178
5456
5776
6103
6416
6709
6996
7289
7602
7934
8273
8597
8881
9109
9276
9392
9480
9566
9672
9808
9968
10134
10283
10393
10454
10474
10471
10472
10498
10559
10642
10718
10741
10672
10482
10170
9763
9317
8900
8581
8411
8411
8568
8844
9180
9519
9815
10044
10207
10323
10418
10515
10625
10743
10851
10929
10959
10936
10864
10754
10611
10423
10154
9744
9116
8199
6946
5356
3489
1462
-565
-2418
-3942
-5033
-5659
-5870
-5782
-5551
-5335
-5257
-5379
-5688
-6103
-6500
-6743
-6720
-6372
-5708
-4804
-3780
-2777
-1924
-1313
-979
-906
-1033
-1280
-1568
-1841
-2083
-2311
-2571
-2922
-3410
-4055
-4839
-5703
-6556
-7289
-7793
-7981
-7797
-7232
-6319
-5128
-3758
-2316
-904
392
1518
2448
3191
3779
4260
4687
5104
5540
6001
6468
6905
7261
7484
7528
7367
6995
6427
5702
4870
3988
3111
2285
1544
906
382
-27
-326
-519
-608
-596
-484
-276
22
399
838
1316
1804
2270
2677
2989
3172
3198
3052
2732
2253
1649
967
261
-413
-1018
-1532
-1962
-2339
-2716
-3150
-3693
-4373
-5187
-6096
-7030
-7900
-8616
-9104
-9322
-9269
-8980
-8520
-7967
-7395
-6858
-6380
-5961
-5574
-5189
-4781
-4340
-3885
-3451
-3086
-2836
-2733
-2779
-2950
-3199
-3463
-3685
-3820
-3855
-3802
-3701
-3604
-3562
-3616
-3780
-4041
-4364
-4696
-4980
-5166
-5218
-5122
-4883
-4524
-4079
-3590
-3098
-2642
-2251
-1949
-1748
-1646
-1634
-1689
-1783
-1890
-1987
-2062
-2123
-2189
-2293
-2468
-2742
-3121
-3592
-4115
-4637
-5102
-5461
-5695
-5811
-5846
-5856
-5900
-6020
-6229
-6503
-6784
-6996
-7063
-6934
-6597
-6085
-5474
-4863
-4350
-4013
-3883
-3945
-4139
-4378
-4575
-4663
-4613
-4442
-4204
-3972
-3818
-3786
-3886
-4084
-4314
-4498
-4568
-4483
-4242
-3887
-3485
-3118
-2853
-2729
-2744
-2859
-3003
-3097
-3067
-2868
-2489
-1960
-1340
-706
-137
299
560
632
528
286
-42
-401
-738
-1010
-1193
-1278
-1276
-1212
-1121
-1043
-1012
-1049
-1162
-1335
-1539
-1731
-1868
-1913
-1845
-1668
-1401
-1082
-754
-457
-217
-45
66
137
185
227
265
289
279
211
70
-145
-418
-717
-998
-1219
-1348
-1371
-1293
-1135
-928
-701
-475
-258
-42
186
444
737
1063
1406
1744
2053
2322
2552
2763
2984
3247
3571
3961
4394
4827
5203
5467
5580
5530
5337
5050
4739
4476
4323
4317
4463
4740
5105
5506
5897
6248
6548
6807
7045
7288
7556
7859
8191
8539
8880
9196
9472
9702
9892
10052
10200
10350
10514
10700
10907
11130
11357
11569
11745
11856
11878
11788
11573
11236
10796
10293
9780
9314
8946
8711
8619
8650
8763
8905
9021
9079
9068
9012
8957
8962
9078
9334
9723
10200
10691
11112
11388
11474
11366
11107
10769
10434
10169
10001
9901
9786
9536
9019
8127
6808
5086
3065
914
-1162
-2964
-4339
-5209
-5586
-5568
-5312
-4995
-4774
-4752
-4952
-5319
-5734
-6048
-6120
-5851
-5213
-4257
-3100
-1902
-832
-32
408
470
199
-310
-938
-1570
-2121
-2549
-2858
-3089
-3300
-3550
-3876
-4282
-4741
-5200
-5592
-5851
-5928
-5795
-5451
-4915
-4219
-3399
-2489
-1520
-514
506
1517
2493
3405
4224
4931
5513
5975
6330
6600
6803
6947
7026
7016
6881
6586
6105
5435
4602
3663
2697
1789
1016
431
54
-131
-170
-122
-45
24
74
125
217
400
716
1180
1776
2454
3139
3744
4191
4424
4423
4202
3806
3297
2739
2180
1644
1127
603
32
-623
-1386
-2256
-3204
-4176
-5107
-5930
-6592
-7063
-7343
-7460
-7461
-7403
-7336
-7294
-7286
-7297
-7290
-7222
-7048
-6744
-6307
-5764
-5166
-4578
-4068
-3690
-3476
-3429
-3524
-3715
-3948
-4172
-4354
-4482
-4565
-4629
-4705
-4818
-4976
-5168
-5366
-5528
-5615
-5599
-5468
-5237
-4933
-4597
-4267
-3967
-3706
-3470
-3235
-2970
-2653
-2278
-1861
-1435
-1046
-742
-559
-516
-609
-814
-1097
-1423
-1761
-2096
-2426
-2758
-3104
-3468
-3844
-4217
-4558
-4841
-5044
-5159
-5194
-5172
-5123
-5075
-5049
-5047
-5056
-5050
-4999
-4879
-4681
-4415
-4105
-3790
-3509
-3293
-3160
-3108
-3124
-3184
-3266
-3354
-3444
-3538
-3648
-3781
-3935
-4097
-4242
-4342
-4367
-4305
-4157
-3946
-3710
-3493
-3330
-3242
-3225
-3252
-3278
-3250
-3126
-2882
-2518
-2065
-1569
-1087
-669
-347
-132
-11
46
75
107
159
229
299
339
321
225
46
-201
-491
-787
-1054
-1263
-1402
-1470
-1476
-1437
-1365
-1266
-1140
-977
-768
-506
-193
154
514
855
1146
1364
1498
1551
1537
1483
1412
1346
1295
1259
1227
1184
1115
1012
876
718
560
427
345
334
406
563
798
1097
1443
1816
2197
2571
2920
3233
3500
3715
3881
4006
4104
4195
4303
4446
4636
4872
5142
5424
5688
5909
6071
6172
6230
6278
6355
6504
6751
7108
7561
8077
8609
9104
9521
9837
10049
10179
10263
10345
10462
10635
10868
11145
11437
11710
11935
12095
12188
12224
12225
12208
12186
12162
12126
12060
11946
11772
11538
11255
10947
10641
10364
10134
9954
9819
9713
9624
9545
9481
9448
9474
9584
9793
10099
10476
10879
11248
11525
11666
11649
11484
11205
10865
10514
10188
9891
9591
9224
8707
7955
6913
5564
3950
2167
353
-1336
-2757
-3804
-4431
-4662
-4583
-4322
-4024
-3812
-3770
-3914
-4200
-4531
-4787
-4851
-4645
-4149
-3409
-2529
-1650
-917
-444
-295
-462
-875
-1421
-1967
-2401
-2658
-2733
-2685
-2616
-2646
-2875
-3358
-4082
-4967
-5880
-6664
-7173
-7301
-7007
-6322
-5336
-4178
-2984
-1868
-899
-96
569
1157
1734
2350
3029
3755
4486
5164
5731
6148
6404
6513
6510
6437
6328
6197
6038
5824
5521
5098
4544
3872
3123
2358
1649
1065
655
445
434
598
894
1277
1704
2143
2571
2978
3358
3708
4020
4284
4484
4605
4635
4565
4398
4141
3808
3416
2976
2497
1977
1407
773
58
-751
-1659
-2658
-3721
-4806
-5857
-6811
-7608
-8198
-8555
-8680
-8599
-8365
-8043
-7699
-7383
-7126
-6925
-6756
-6577
-6342
-6021
-5606
-5120
-4612
-4147
-3790
-3588
-3562
-3698
-3953
-4269
-4585
-4859
-5074
-5244
-5402
-5590
-5839
-6157
-6517
-6865
-7127
-7232
-7130
-6805
-6284
-5634
-4937
-4282
-3732
-3318
-3028
-2815
-2617
-2372
-2038
-1610
-1117
-619
-184
121
261
226
42
-241
-569
-894
-1188
-1451
-1702
-1976
-2303
-2699
-3157
-3650
-4129
-4544
-4850
-5021
-5052
-4961
-4781
-4550
-4301
-4059
-3835
-3634
-3451
-3285
-3138
-3016
-2926
-2872
-2850
-2847
-2845
-2824
-2771
-2685
-2584
-2498
-2466
-2524
-2693
-2972
-3333
-3727
-4095
-4380
-4544
-4573
-4486
-4320
-4129
-3958
-3836
-3764
-3716
-3644
-3497
-3233
-2835
-2319
-1731
-1135
-604
-194
64
174
172
115
64
68
149
299
480
637
715
676
508
236
-87
-396
-621
-715
-658
-468
-194
97
342
491
526
464
355
265
263
396
680
1095
1582
2065
2461
2707
2770
2658
2419
2123
1854
1680
1644
1750
1965
2226
2464
2612
2633
2522
2313
2066
1855
1748
1791
1999
2350
2794
3266
3702
4051
4291
4427
4490
4526
4586
4707
4914
5208
5573
5981
6400
6804
7173
7499
7782
8026
8238
8420
8574
8699
8797
8870
8930
8987
9057
9150
9271
9421
9591
9772
9959
10150
10353
10583
10856
11185
11567
11987
12409
12787
13068
13214
13202
13042
12772
12457
12173
11989
11956
12090
12367
12727
13090
13369
13493
13420
13152
12728
12220
11714
11292
11011
10899
10942
11097
11299
11481
11586
11575
11438
11182
10830
10404
9915
9359
8719
7967
7077
6039
4867
3602
2309
1068
-42
-964
-1669
-2165
-2500
-2742
-2970
-3251
-3627
-4100
-4633
-5160
-5599
-5870
-5915
-5712
-5279
-4668
-3961
-3245
-2604
-2100
-1765
-1602
-1590
-1690
-1861
-2065
-2276
-2485
-2692
-2907
-3141
-3404
-3697
-4012
-4334
-4639
-4898
-5083
-5164
-5118
-4928
-4588
-4104
-3496
-2793
-2033
-1257
-498
218
883
1504
2100
2693
3302
3935
4580
5207
5773
6230
6534
6664
6617
6420
6114
5752
5382
5034
4720
4428
4133
3807
3430
3004
2552
2119
1759
1521
1440
1521
1744
2065
2429
2784
3094
3347
3554
3742
3941
4171
4431
4697
4923
5055
5039
4844
4462
3912
3235
2480
1691
897
101
-707
-1553
-2456
-3417
-4414
-5402
-6316
-7092
-7679
-8054
-8232
-8255
-8187
-8096
-8032
-8015
-8029
-8031
-7957
-7750
-7372
-6822
-6135
-5379
-4640
-3999
-3518
-3224
-3108
-3132
-3243
-3390
-3536
-3672
-3811
-3982
-4215
-4529
-4918
-5350
-5770
-6117
-6334
-6387
-6272
-6018
-5679
-5316
-4987
-4728
-4546
-4417
-4299
-4139
-3890
-3528
-3054
-2493
-1893
-1306
-782
-354
-40
160
259
271
208
72
-139
-434
-814
-1270
-1783
-2320
-2841
-3310
-3699
-3998
-4209
-4353
-4451
-4525
-4583
-4622
-4624
-4570
-4440
-4231
-3954
-3635
-3312
-3021
-2784
-2606
-2468
-2335
-2169
-1940
-1643
-1300
-965
-705
-590
-667
-950
-1407
-1971
-2548
-3045
-3389
-3550
-3545
-3434
-3301
-3233
-3289
-3487
-3793
-4132
-4403
-4510
-4387
-4014
-3428
-2706
-1954
-1275
-745
-397
-214
-140
-99
-17
157
437
798
1185
1529
1770
1870
1823
1654
1407
1135
881
673
514
392
288
186
81
-13
-75
-77
0
163
397
672
949
1192
1379
1507
1593
1670
1774
1933
2159
2445
2766
3086
3375
3607
3777
3891
3966
4017
4050
4057
4018
3908
3706
3408
3034
2631
2263
1998
1891
1971
2231
2624
3081
3521
3874
4098
4192
4189
4157
4173
4308
4606
5078
5697
6405
7132
7806
8374
8808
9106
9292
9402
9474
9539
9615
9704
9799
9887
9959
10010
10046
10082
10134
10221
10354
10537
10765
11022
11288
11538
11750
11906
11996
12019
11988
11922
11850
11804
11815
11905
12084
12342
12653
12979
13270
13481
13575
13535
13364
13087
12748
12395
12077
11834
11689
11649
11705
11838
12023
12233
12438
12610
12714
12715
12571
12243
11699
10924
9925
8738
7424
6064
4745
3546
2524
1701
1066
573
159
-246
-703
-1247
-1883
-2587
-3313
-4000
-4588
-5030
-5295
-5374
-5275
-5023
-4648
-4188
-3679
-3155
-2650
-2194
-1817
-1542
-1389
-1365
-1467
-1681
-1983
-2345
-2736
-3131
-3508
-3853
-4159
-4421
-4632
-4787
-4876
-4891
-4824
-4675
-4449
-4158
-3820
-3452
-3068
-2674
-2264
-1825
-1337
-779
-137
593
1401
2263
3141
3994
4777
5454
5997
6392
6637
6745
6737
6638
6477
6278
6060
5835
5605
5366
5107
4818
4493
4132
3750
3371
3027
2754
2579
2520
2574
2719
2915
3117
3282
3381
3410
3392
3368
3393
3514
3756
4111
4530
4929
5203
5248
4979
4355
3388
2146
736
-707
-2054
-3201
-4090
-4713
-5115
-5374
-5581
-5823
-6156
-6599
-7132
-7700
-8231
-8653
-8909
-8968
-8832
-8527
-8100
-7602
-7081
-6568
-6079
-5611
-5153
-4692
-4221
-3746
-3289
-2886
-2578
-2404
-2394
-2559
-2888
-3347
-3883
-4433
-4931
-5320
-5564
-5647
-5581
-5401
-5158
-4911
-4713
-4605
-4604
-4701
-4860
-5028
-5140
-5134
-4964
-4605
-4063
-3373
-2593
-1791
-1039
-396
100
437
626
695
680
615
523
412
272
85
-169
-503
-917
-1389
-1886
-2361
-2770
-3079
-3269
-3348
-3341
-3284
-3221
-3182
-3185
-3227
-3283
-3317
-3293
-3177
-2953
-2627
-2219
-1767
-1311
-890
-533
-256
-60
60
121
135
111
57
-25
-135
-271
-430
-607
-800
-1004
-1221
-1452
-1701
-1965
-2236
-2498
-2727
-2895
-2979
-2964
-2852
-2661
-2423
-2175
-1949
-1764
-1617
-1486
-1331
-1112
-799
-385
107
630
1114
1490
1707
1746
1623
1394
1136
928
830
868
1026
1247
1453
1565
1522
1305
937
482
27
-339
-549
-572
-420
-138
203
538
815
1013
1142
1238
1343
1494
1709
1977
2268
2539
2755
2894
2964
2995
3033
3120
3285
3526
3814
4092
4297
4379
4312
4109
3819
3516
3277
3162
3199
3371
3626
3891
4092
4177
4134
3995
3829
3722
3760
3995
4442
5067
5795
6536
7199
7723
8080
8287
8394
8464
8560
8721
8958
9250
9554
9821
10009
10098
10087
10000
9866
9715
9560
9398
9213
8980
8684
8330
7946
7585
7312
7189
7256
7519
7945
8467
9000
9460
9789
9964
10006
9969
9927
9947
10072
10305
10606
10907
11126
11196
11083
10798
10396
9963
9593
9360
9299
9395
9588
9784
9890
9831
9579
9158
8640
8127
7724
7508
7511
7706
8015
8329
8533
8535
8289
7804
7137
6382
5640
4998
4507
4172
3957
3798
3619
3359
2982
2486
1900
1277
677
149
-272
-580
-789
-928
-1031
-1130
-1247
-1392
-1558
-1735
-1903
-2042
-2132
-2158
-2105
-1967
-1746
-1456
-1123
-788
-499
-310
-262
-383
-668
-1086
-1577
-2063
-2465
-2718
-2789
-2679
-2427
-2099
-1770
-1509
-1360
-1329
-1388
-1481
-1538
-1498
-1318
-994
-551
-47
449
873
1177
1346
1395
1369
1326
1326
1414
1614
1921
2306
2720
3113
3437
3658
3765
3761
3668
3516
3336
3153
2981
2824
2674
2515
2328
2099
1818
1489
1122
739
364
20
-272
-509
-692
-839
-972
-1117
-1295
-1522
-1797
-2112
-2450
-2790
-3114
-3411
-3677
-3917
-4139
-4351
-4555
-4746
-4914
-5047
-5136
-5179
-5188
-5181
-5184
-5220
-5304
-5432
-5586
-5733
-5836
-5862
-5796
-5641
-5426
-5192
-4987
-4848
-4793
-4814
-4879
-4941
-4951
-4872
-4693
-4431
-4125
-3831
-3598
-3463
-3432
-3486
-3582
-3669
-3705
-3667
-3562
-3422
-3296
-3234
-3269
-3408
-3625
-3866
-4067
-4166
-4123
-3929
-3611
-3221
-2825
-2485
-2241
-2108
-2070
-2088
-2118
-2123
-2081
-1995
-1886
-1787
-1726
-1720
-1766
-1842
-1914
-1947
-1918
-1822
-1677
-1518
-1387
-1319
-1335
-1429
-1575
-1729
-1844
-1885
-1835
-1703
-1521
-1336
-1195
-1133
-1167
-1286
-1461
-1648
-1805
-1901
-1924
-1883
-1806
-1728
-1683
-1695
-1767
-1884
-2015
-2121
-2165
-2121
-1982
-1759
-1481
-1188
-921
-716
-592
-553
-584
-654
-727
-763
-733
-621
-426
-165
131
429
694
899
1033
1100
1118
1115
1122
1163
1251
1384
1545
1708
1843
1928
1950
1915
1842
1762
1707
1705
1769
1896
2065
2246
2404
2510
2551
2528
2461
2384
2332
2337
2418
2577
2802
3070
3352
3623
3866
4078
4264
4438
4613
4796
4986
5170
5328
5440
5488
5467
5384
5264
5138
5044
5014
5068
5213
5436
5711
6005
6283
6519
6701
6827
6913
6980
7052
7147
7275
7433
7607
7777
7924
8033
8101
8135
8153
8179
8236
8341
8503
8715
8965
9231
9495
9744
9972
10187
10401
10631
10888
11175
11482
11786
12060
12271
12398
12431
12377
12261
12117
11986
11902
11889
11954
12086
12261
12447
12614
12741
12818
12850
12853
12849
12860
12898
12967
13053
13133
13172
13134
12984
12698
12260
11672
10951
10124
9231
8317
7426
6597
5857
5219
4679
4216
3799
3391
2959
2476
1934
1338
712
87
-502
-1026
-1468
-1824
-2104
-2325
-2506
-2662
-2795
-2900
-2960
-2960
-2890
-2755
-2575
-2388
-2239
-2174
-2228
-2416
-2728
-3132
-3578
-4010
-4379
-4653
-4823
-4904
-4929
-4942
-4984
-5086
-5260
-5495
-5762
-6022
-6229
-6341
-6326
-6167
-5862
-5421
-4868
-4232
-3546
-2844
-2156
-1509
-922
-402
50
449
811
1162
1521
1903
2313
2741
3165
3559
3895
4149
4312
4388
4393
4351
4289
4225
4168
4112
4041
3934
3775
3559
3297
3015
2750
2544
2426
2408
2480
2605
2732
2803
2769
2599
2291
1873
1396
919
502
183
-21
-131
-186
-242
-354
-563
-885
-1308
-1797
-2300
-2767
-3159
-3459
-3677
-3842
-4000
-4190
-4442
-4762
-5130
-5510
-5852
-6115
-6271
-6318
-6279
-6195
-6117
-6086
-6124
-6225
-6357
-6469
-6504
-6415
-6179
-5808
-5343
-4851
-4409
-4083
-3920
-3931
-4096
-4367
-4681
-4976
-5204
-5341
-5388
-5365
-5303
-5231
-5168
-5121
-5077
-5021
-4933
-4804
-4634
-4440
-4245
-4071
-3934
-3835
-3759
-3681
-3569
-3398
-3161
-2868
-2549
-2246
-2004
-1855
-1810
-1857
-1957
-2061
-2117
-2084
-1946
-1715
-1429
-1139
-901
-759
-732
-814
-971
-1153
-1307
-1391
-1382
-1286
-1132
-968
-843
-801
-864
-1030
-1274
-1553
-1816
-2017
-2126
-2132
-2047
-1898
-1722
-1554
-1421
-1332
-1281
-1249
-1210
-1140
-1020
-847
-629
-387
-144
73
251
382
471
533
586
643
714
797
882
952
989
981
923
819
683
535
392
272
181
120
84
67
65
80
119
195
316
489
707
954
1203
1423
1587
1680
1702
1668
1608
1558
1548
1596
1700
1842
1988
2101
2150
2119
2015
1862
1701
1573
1514
1541
1651
1820
2009
2178
2293
2337
2312
2234
2136
2047
1994
1993
2043
2136
2261
2406
2567
2748
2956
3202
3489
3811
4149
4477
4765
4989
5133
5202
5215
5201
5197
5234
5332
5497
5719
5977
6245
6497
6715
6890
7022
7118
7189
7243
7291
7339
7392
7456
7537
7640
7765
7910
8064
8213
8339
8425
8465
8463
8439
8420
8438
8517
8670
8886
9137
9382
9574
9679
9683
9602
9474
9359
9317
9397
9621
9976
10420
10888
11311
11632
11820
11878
11840
11759
11693
11690
11772
11932
12140
12347
12507
12582
12558
12439
12246
12004
11732
11432
11091
10680
10171
9544
8800
7967
7095
6250
5493
4866
4383
4023
3735
3452
3106
2653
2078
1405
687
-1
-589
-1024
-1282
-1379
-1361
-1296
-1251
-1282
-1419
-1659
-1972
-2312
-2626
-2871
-3025
-3088
-3085
-3053
-3034
-3063
-3163
-3339
-3582
-3868
-4173
-4473
-4750
-4996
-5207
-5386
-5537
-5662
-5762
-5836
-5883
-5907
-5910
-5901
-5886
-5867
-5841
-5796
-5713
-5572
-5353
-5046
-4656
-4202
-3717
-3239
-2803
-2435
-2137
-1891
-1661
-1397
-1055
-607
-49
589
1251
1864
2353
2660
2759
2662
2419
2106
1806
1591
1501
1537
1657
1792
1861
1797
1562
1159
636
72
-441
-824
-1027
-1046
-919
-720
-536
-449
-511
-734
-1088
-1511
-1926
-2262
-2472
-2545
-2504
-2401
-2296
-2243
-2276
-2399
-2587
-2798
-2985
-3112
-3165
-3155
-3118
-3099
-3143
-3279
-3513
-3825
-4177
-4520
-4809
-5013
-5123
-5154
-5137
-5110
-5111
-5164
-5279
-5450
-5658
-5878
-6089
-6275
-6432
-6561
-6667
-6754
-6819
-6853
-6844
-6775
-6637
-6428
-6162
-5861
-5559
-5291
-5087
-4964
-4925
-4955
-5023
-5092
-5124
-5088
-4965
-4757
-4477
-4158
-3835
-3546
-3321
-3178
-3120
-3133
-3193
-3270
-3331
-3352
-3318
-3229
-3094
-2930
-2760
-2602
-2467
-2357
-2268
-2188
-2104
-2008
-1900
-1786
-1681
-1602
-1563
-1571
-1621
-1696
-1771
-1816
-1804
-1720
-1562
-1343
-1089
-836
-616
-455
-367
-350
-387
-455
-525
-574
-588
-564
-511
-444
-380
-333
-311
-310
-321
-329
-319
-281
-212
-121
-22
65
123
139
111
51
-20
-76
-88
-32
101
309
568
845
1102
1301
1418
1446
1397
1304
1208
1154
1176
1287
1477
1712
1939
2099
2143
2040
1790
1424
998
583
247
43
-4
94
302
561
808
993
1087
1090
1028
947
896
914
1023
1217
1469
1735
1972
2144
2236
2254
2224
2186
2176
2223
2335
2501
2696
2885
3038
3137
3182
3188
3185
3205
3270
3388
3551
3729
3888
3992
4018
3964
3846
3702
3578
3517
3549
3682
3899
4161
4416
4615
4720
4715
4613
4453
4290
4185
4191
4341
4642
5072
5584
6119
6611
7007
7267
7378
7350
7213
7011
6793
6605
6481
6444
6496
6625
6806
7005
7186
7317
7371
7338
7220
7034
6812
6589
6405
6292
6267
6333
6475
6666
6872
7060
7209
7312
7379
7437
7517
7647
7843
8103
8404
8708
8970
9151
9227
9198
9087
8935
8792
8699
8681
8738
8842
8946
8997
8945
8764
8449
8023
7526
7004
6498
6027
5591
5173
4742
4274
3758
3204
2644
2123
1688
1371
1179
1088
1052
1009
900
689
371
-24
-439
-802
-1048
-1137
-1065
-867
-606
-362
-208
-192
-327
-589
-926
-1273
-1570
-1780
-1892
-1929
-1932
-1948
-2017
-2156
-2357
-2592
-2819
-2999
-3104
-3134
-3108
-3064
-3048
-3098
-3234
-3453
-3730
-4022
-4284
-4476
-4576
-4582
-4511
-4392
-4258
-4135
-4038
-3965
-3901
-3824
-3714
-3555
-3344
-3091
-2814
-2539
-2291
-2092
-1952
-1875
-1855
-1881
-1937
-2007
-2079
-2142
-2193
-2232
-2265
-2300
-2350
-2427
-2540
-2695
-2887
-3108
-3339
-3558
-3742
-3874
-3944
-3953
-3916
-3856
-3800
-3775
-3799
-3882
-4015
-4182
-4353
-4498
-4587
-4599
-4525
-4369
-4150
-3894
-3637
-3411
-3247
-3163
-3164
-3243
-3379
-3542
-3700
-3824
-3893
-3904
-3865
-3802
-3747
-3733
-3786
-3914
-4109
-4345
-4582
-4777
-4896
-4921
-4856
-4726
-4573
-4443
-4379
-4404
-4519
-4700
-4907
-5092
-5212
-5239
-5166
-5009
-4801
-4580
-4380
-4224
-4115
-4038
-3971
-3884
-3760
-3591
-3389
-3176
-2985
-2842
-2766
-2762
-2815
-2899
-2984
-3038
-3040
-2981
-2864
-2704
-2524
-2347
-2194
-2082
-2022
-2021
-2079
-2194
-2356
-2554
-2765
-2967
-3131
-3235
-3261
-3208
-3086
-2922
-2750
-2603
-2507
-2473
-2490
-2534
-2565
-2548
-2453
-2273
-2022
-1733
-1453
-1225
-1081
-1030
-1056
-1122
-1180
-1183
-1101
-926
-680
-403
-149
32
110
75
-51
-230
-408
-538
-589
-553
-449
-314
-197
-139
-167
-284
-468
-681
-874
-1005
-1045
-987
-845
-649
-437
-243
-92
10
71
112
154
216
309
427
557
676
766
813
814
780
726
672
634
619
622
632
634
614
569
507
448
419
445
542
710
931
1171
1387
1538
1596
1552
1422
1243
1060
921
860
888
994
1146
1302
1421
1478
1470
1418
1361
1344
1404
1560
1804
2101
2403
2655
2816
2869
2826
2725
2620
2567
2603
2743
2969
3237
3492
3680
3767
3748
3648
3516
3408
3372
3433
3586
3792
3997
4138
4168
4068
3852
3568
3282
3061
2959
2999
3171
3432
3721
3975
4145
4208
4173
4075
3964
3892
3897
3995
4174
4402
4634
4827
4949
4984
4942
4845
4727
4624
4561
4552
4595
4679
4781
4880
4956
4993
4983
4925
4824
4689
4534
4377
4236
4132
4081
4095
4173
4304
4465
4624
4746
4803
4780
4677
4514
4325
4153
4037
4006
4070
4217
4418
4635
4827
4962
5026
5025
4981
4925
4893
4909
4986
5118
5288
5468
5631
5758
5842
5888
5914
5940
5982
6048
6132
6215
6272
6273
6200
6043
5810
5525
5218
4923
4664
4455
4288
4143
3985
3782
3506
3147
2713
2233
1749
1307
947
692
544
481
462
438
365
212
-31
-349
-703
-1045
-1325
-1503
-1563
-1511
-1377
-1207
-1053
-957
-948
-1034
-1202
-1426
-1671
-1908
-2117
-2291
-2437
-2569
-2705
-2855
-3024
-3206
-3391
-3568
-3731
-3882
-4033
-4202
-4406
-4656
-4951
-5274
-5595
-5881
-6099
-6232
-6278
-6258
-6206
-6164
-6171
-6247
-6393
-6584
-6779
-6926
-6983
-6922
-6742
-6470
-6151
-5842
-5594
-5443
-5399
-5446
-5548
-5658
-5732
-5741
-5676
-5551
-5394
-5242
-5126
-5061
-5047
-5063
-5080
-5071
-5014
-4911
-4779
-4650
-4560
-4541
-4603
-4735
-4902
-5055
-5140
-5118
-4973
-4721
-4406
-4089
-3839
-3709
-3727
-3884
-4139
-4428
-4677
-4823
-4829
-4690
-4433
-4111
-3787
-3516
-3332
-3242
-3226
-3244
-3253
-3217
-3121
-2974
-2808
-2663
-2582
-2590
-2692
-2864
-3068
-3254
-3379
-3416
-3365
-3245
-3096
-2962
-2878
-2865
-2921
-3027
-3148
-3251
-3311
-3318
-3281
-3221
-3165
-3136
-3147
-3194
-3262
-3328
-3369
-3373
-3339
-3278
-3208
-3150
-3114
-3104
-3107
-3105
-3078
-3017
-2921
-2806
-2698
-2625
-2604
-2639
-2713
-2793
-2835
-2800
-2667
-2436
-2137
-1820
-1544
-1363
-1311
-1393
-1584
-1837
-2092
-2297
-2417
-2442
-2391
-2298
-2208
-2154
-2156
-2209
-2287
-2356
-2378
-2330
-2206
-2019
-1798
-1578
-1390
-1252
-1163
-1108
-1063
-1000
-899
-755
-575
-377
-186
-23
95
165
187
169
122
51
-37
-140
-253
-364
-456
-506
-494
-406
-240
-15
238
477
660
756
756
674
548
427
361
386
513
723
977
1217
1392
1463
1421
1285
1099
920
799
773
848
1004
1201
1385
1510
1548
1496
1375
1224
1091
1015
1019
1104
1249
1419
1576
1685
1725
1691
1592
1450
1286
1125
984
874
804
781
809
894
1035
1224
1444
1665
1850
1960
1967
1859
1650
1378
1102
889
798
868
1105
1478
1928
2375
2739
2959
3004
2882
2636
2336
2056
1862
1791
1848
2007
2215
2411
2545
2585
2530
2406
2259
2140
2092
2136
2264
2445
2627
2758
2794
2716
2529
2270
1989
1745
1586
1539
1604
1757
1957
2155
2310
2397
2415
2381
2329
2294
2302
2365
2473
2600
2709
2765
2748
2652
2496
2317
2157
2059
2049
2133
2293
2490
2676
2803
2834
2755
2574
2320
2039
1781
1588
1492
1503
1614
1799
2024
2250
2443
2575
2632
2608
2512
2363
2184
2006
1859
1769
1755
1828
1985
2208
2472
2741
2981
3163
3268
3292
3245
3150
3034
2926
2847
2811
2818
2858
2917
2980
3032
3069
3087
3090
3083
3069
3048
3017
2972
2907
2821
2715
2593
2463
2329
2196
2065
1933
1798
1659
1519
1387
1274
1189
1141
1125
1131
1135
1112
1036
892
677
403
97
-210
-490
-725
-911
-1061
-1203
-1363
-1566
-1819
-2113
-2421
-2707
-2935
-3084
-3150
-3153
-3129
-3125
-3180
-3318
-3539
-3817
-4108
-4365
-4546
-4631
-4626
-4564
-4492
-4465
-4523
-4683
-4934
-5240
-5547
-5802
-5965
-6020
-5982
-5887
-5786
-5731
-5756
-5873
-6067
-6300
-6524
-6695
-6781
-6777
-6698
-6580
-6463
-6387
-6371
-6418
-6507
-6603
-6670
-6674
-6603
-6460
-6268
-6061
-5875
-5735
-5651
-5612
-5591
-5554
-5465
-5302
-5063
-4767
-4450
-4158
-3938
-3821
-3819
-3917
-4077
-4246
-4370
-4401
-4314
-4109
-3814
-3474
-3148
-2888
-2731
-2692
-2759
-2898
-3064
-3208
-3295
-3307
-3248
-3140
-3016
-2911
-2847
-2831
-2852
-2885
-2896
-2859
-2757
-2594
-2390
-2178
-1995
-1868
-1813
-1822
-1874
-1936
-1974
-1967
-1910
-1815
-1710
-1630
-1601
-1639
-1737
-1870
-1999
-2086
-2100
-2030
-1888
-1706
-1531
-1408
-1370
-1432
-1586
-1800
-2035
-2249
-2411
-2506
-2538
-2526
-2494
-2466
-2456
-2466
-2486
-2503
-2506
-2490
-2465
-2447
-2458
-2512
-2612
-2743
-2875
-2966
-2980
-2892
-2702
-2437
-2144
-1884
-1713
-1666
-1752
-1942
-2184
-2407
-2548
-2563
-2439
-2200
-1900
-1606
-1381
-1268
-1275
-1378
-1525
-1653
-1708
-1658
-1506
-1286
-1058
-886
-820
-884
-1064
-1310
-1553
-1720
-1756
-1637
-1380
-1038
-686
-402
-245
-244
-387
-625
-890
-1109
-1223
-1203
-1056
-820
-548
-300
-118
-23
-5
-32
-63
-57
11
145
327
522
690
801
839
809
733
642
567
528
531
567
614
652
664
648
615
584
580
619
704
822
946
1042
1081
1046
940
783
609
457
359
333
375
466
573
664
714
710
656
569
469
375
294
226
160
87
1
-88
-163
-191
-144
-2
234
540
870
1163
1364
1433
1358
1160
888
608
383
259
252
345
491
634
716
700
582
383
152
-55
-190
-225
-161
-27
130
260
320
291
180
15
-160
-304
-383
-385
-314
-191
-45
97
222
325
409
486
562
638
707
756
773
752
702
642
601
606
678
819
1012
1224
1411
1534
1567
1508
1375
1208
1052
949
922
974
1081
1205
1305
1343
1304
1189
1024
843
683
573
526
538
593
669
748
817
878
938
1005
1083
1165
1235
1271
1252
1168
1027
855
689
573
541
605
754
948
1130
1244
1244
1114
871
564
261
32
-66
-12
180
463
763
1005
1126
1097
921
638
312
12
-204
-303
-282
-166
-2
155
260
282
214
70
-118
-318
-494
-623
-693
-706
-672
-606
-523
-438
-363
-309
-283
-295
-349
-445
-575
-724
-868
-979
-1032
-1009
-907
-740
-538
-343
-197
-137
-182
-333
-567
-849
-1135
-1384
-1568
-1675
-1715
-1710
-1692
-1691
-1727
-1805
-1917
-2043
-2158
-2239
-2274
-2261
-2212
-2145
-2083
-2042
-2033
-2054
-2096
-2143
-2182
-2204
-2208
-2204
-2206
-2228
-2282
-2373
-2495
-2634
-2772
-2890
-2976
-3023
-3035
-3019
-2988
-2952
-2918
-2884
-2848
-2805
-2753
-2697
-2650
-2628
-2650
-2730
-2868
-3054
-3260
-3451
-3589
-3641
-3592
-3444
-3222
-2965
-2720
-2530
-2426
-2418
-2497
-2635
-2796
-2943
-3046
-3089
-3074
-3013
-2927
-2836
-2756
-2694
-2650
-2617
-2588
-2558
-2528
-2504
-2494
-2506
-2543
-2602
-2673
-2744
-2803
-2843
-2863
-2870
-2875
-2887
-2912
-2948
-2984
-3007
-3002
-2963
-2893
-2807
-2728
-2680
-2681
-2736
-2831
-2937
-3017
-3034
-2963
-2803
-2572
-2312
-2075
-1908
-1845
-1893
-2033
-2222
-2405
-2533
-2573
-2519
-2392
-2234
-2096
-2023
-2037
-2134
-2284
-2436
-2535
-2539
-2428
-2215
-1939
-1661
-1443
-1336
-1368
-1535
-1802
-2117
-2415
-2644
-2764
-2766
-2662
-2486
-2282
-2091
-1947
-1868
-1854
-1893
-1962
-2034
-2085
-2099
-2066
-1985
-1865
-1720
-1566
-1422
-1304
-1223
-1184
-1182
-1204
-1228
-1233
-1197
-1110
-970
-793
-606
-443
-338
-317
-388
-544
-757
-989
-1196
-1340
-1399
-1366
-1257
-1100
-932
-789
-698
-670
-701
-775
-865
-945
-990
-986
-925
-811
-658
-483
-307
-150
-32
31
32
-29
-145
-294
-448
-574
-641
-629
-532
-364
-160
35
173
209
124
-79
-367
-685
-965
-1143
-1175
-1045
-775
-414
-36
285
486
533
424
195
-93
-369
-562
-624
-536
-312
4
352
665
885
976
930
763
518
246
3
-164
-229
-183
-40
167
398
608
759
827
804
701
541
360
192
66
1
1
55
142
239
324
382
414
427
438
465
520
605
711
819
906
951
946
896
820
751
721
756
865
1036
1238
1426
1553
1581
1494
1301
1038
754
506
341
285
336
466
631
779
869
882
821
714
605
535
535
613
749
904
1029
1081
1033
890
682
464
295
225
282
455
706
969
1173
1259
1196
990
685
349
61
-112
-135
-5
241
541
823
1025
1107
1068
934
755
587
473
437
471
545
616
643
600
490
338
188
90
79
169
342
553
745
860
859
735
513
247
3
-155
-187
-85
125
390
645
831
910
876
755
594
447
361
360
441
574
717
824
865
832
740
627
532
493
526
622
750
868
931
910
798
617
409
229
125
130
249
456
705
939
1101
1153
1081
900
644
362
104
-91
-202
-223
-170
-67
55
172
260
309
314
278
211
121
22
-71
-148
-195
-203
-170
-100
-7
89
167
203
183
101
-35
-210
-399
-575
-716
-811
-855
-857
-828
-786
-745
-715
-701
-704
-723
-758
-808
-875
-960
-1059
-1165
-1266
-1345
-1387
-1381
-1327
-1231
-1114
-1002
-920
-891
-925
-1022
-1166
-1337
-1508
-1659
-1775
-1854
-1901
-1929
-1950
-1976
-2012
-2055
-2101
-2142
-2171
-2186
-2188
-2182
-2173
-2167
-2166
-2168
-2171
-2173
-2172
-2167
-2160
-2153
-2145
-2131
-2104
-2057
-1984
-1886
-1775
-1668
-1589
-1564
-1606
-1718
-1881
-2063
-2220
-2312
-2306
-2195
-1995
-1747
-1505
-1326
-1254
-1305
-1471
-1714
-1978
-2207
-2358
-2411
-2376
-2286
-2187
-2125
-2129
-2201
-2318
-2436
-2505
-2486
-2361
-2146
-1882
-1633
-1460
-1409
-1495
-1698
-1963
-2216
-2383
-2411
-2278
-2006
-1652
-1295
-1014
-874
-901
-1084
-1373
-1694
-1969
-2134
-2156
-2040
-1825
-1573
-1354
-1224
-1213
-1318
-1504
-1713
-1882
-1958
-1911
-1743
-1487
-1196
-934
-754
-693
-754
-917
-1134
-1351
-1514
-1590
-1565
-1455
-1296
-1133
-1013
-966
-1002
-1107
-1247
-1378
-1459
-1462
-1379
-1227
-1041
-867
-746
-706
-755
-872
-1020
-1149
-1213
-1181
-1044
-822
-555
-299
-105
-15
-43
-177
-380
-600
-781
-879
-871
-759
-571
-351
-151
-10
45
17
-72
-186
-279
-314
-271
-150
22
208
360
437
414
287
77
-177
-427
-628
-744
-762
-690
-556
-400
-266
-185
-175
-233
-337
-452
-541
-571
-526
-407
-234
-35
151
298
387
417
401
364
332
329
363
432
518
595
637
625
552
424
262
93
-52
-151
-192
-174
-107
-9
98
195
268
306
308
272
201
102
-19
-150
-276
-376
-428
-415
-326
-163
54
296
519
683
756
725
598
406
196
17
-88
-98
-13
139
319
477
573
585
516
389
245
124
61
70
145
259
375
457
479
432
326
184
36
-93
-191
-259
-309
-360
-427
-516
-617
-709
-766
-762
-688
-548
-367
-182
-31
55
68
16
-69
-150
-187
-156
-54
100
269
412
492
494
427
320
217
163
189
300
475
673
839
927
909
786
588
367
182
81
90
204
389
589
747
817
779
645
455
266
135
104
185
361
585
798
943
982
906
738
525
331
213
208
325
543
812
1073
1267
1355
1323
1187
984
763
573
447
398
414
468
526
557
544
490
412
339
303
325
407
536
680
802
866
850
756
604
432
288
212
231
350
547
785
1016
1194
1289
1291
1212
1082
937
812
729
693
690
694
676
612
495
333
153
-10
-123
-162
-121
-12
132
275
377
409
360
236
61
-133
-318
-468
-573
-636
-668
-685
-700
-719
-736
-741
-719
-661
-562
-434
-295
-170
-86
-59
-96
-190
-319
-458
-581
-667
-709
-712
-690
-664
-652
-667
-710
-774
-840
-892
-912
-894
-841
-769
-702
-665
-681
-764
-915
-1121
-1360
-1597
-1800
-1939
-1994
-1959
-1842
-1665
-1460
-1262
-1104
-1010
-992
-1048
-1161
-1304
-1447
-1562
-1630
-1643
-1607
-1536
-1450
-1370
-1307
-1263
-1232
-1198
-1145
-1062
-948
-816
-688
-593
-559
-603
-727
-916
-1136
-1350
-1517
-1611
-1620
-1556
-1445
-1326
-1236
-1201
-1231
-1316
-1426
-1525
-1580
-1566
-1480
-1340
-1177
-1036
-953
-954
-1043
-1201
-1392
-1566
-1677
-1691
-1594
-1396
-1130
-841
-581
-392
-304
-322
-434
-608
-803
-980
-1105
-1160
-1139
-1056
-933
-796
-670
-576
-521
-507
-526
-565
-611
-655
-693
-725
-757
-795
-847
-914
-995
-1083
-1165
-1229
-1263
-1259
-1215
-1134
-1025
-901
-779
-674
-598
-560
-562
-600
-663
-735
-798
-833
-822
-756
-634
-467
-273
-84
69
159
168
91
-55
-244
-433
-580
-652
-631
-519
-341
-137
48
175
218
172
56
-94
-240
-344
-384
-361
-292
-210
-151
-143
-194
-293
-413
-516
-565
-540
-442
-295
-139
-21
21
-28
-164
-351
-543
-686
-741
-690
-542
-332
-108
83
208
254
235
184
141
137
189
288
406
499
529
469
320
106
-125
-321
-435
-441
-342
-172
18
173
248
222
105
-64
-232
-343
-353
-248
-41
226
499
721
849
863
767
589
370
149
-42
-189
-293
-364
-416
-458
-489
-499
-469
-383
-232
-22
225
479
703
865
950
958
911
839
778
754
780
847
930
993
1002
932
776
548
283
23
-186
-312
-339
-271
-134
35
196
315
372
366
311
236
175
157
204
322
503
725
958
1171
1334
1426
1435
1359
1209
1001
757
503
265
66
-74
-144
-138
-60
77
254
448
631
783
885
932
925
874
794
700
604
511
421
325
217
94
-40
-172
-276
-323
-288
-155
73
374
703
1005
1224
1314
1254
1055
758
429
142
-31
-45
114
425
829
1251
1612
1849
1928
1851
1655
1398
1148
963
877
895
993
1127
1242
1295
1258
1128
931
706
500
357
303
346
471
649
841
1009
1123
1165
1128
1022
861
668
466
279
128
31
2
44
154
317
508
694
843
928
932
856
721
559
411
315
298
366
508
689
869
1006
1069
1046
948
802
647
524
458
460
519
607
689
732
714
631
501
354
228
154
152
218
331
454
544
567
502
353
145
-77
-267
-377
-379
-269
-68
178
414
582
638
559
352
52
-286
-603
-841
-960
-948
-821
-619
-397
-212
-109
-108
-206
-372
-559
-714
-794
-775
-659
-472
-261
-76
40
62
-8
-149
-317
-465
-550
-552
-473
-337
-188
-72
-29
-78
-215
-413
-627
-807
-912
-916
-816
-632
-398
-160
44
186
253
248
185
86
-27
-141
-244
-333
-407
-467
-510
-533
-531
-503
-453
-391
-333
-296
-295
-336
-414
-513
-608
-671
-682
-626
-507
-342
-158
10
137
203
202
142
41
-77
-195
-296
-377
-440
-492
-540
-585
-622
-641
-628
-575
-481
-353
-213
-87
0
24
-19
-124
-270
-427
-563
-657
-697
-690
-659
-631
-636
-692
-802
-951
-1105
-1226
-1276
-1230
-1086
-861
-598
-347
-159
-74
-108
-251
-467
-705
-909
-1030
-1040
-935
-738
-492
-247
-51
64
87
30
-80
-205
-311
-371
-379
-344
-288
-240
-225
-257
-337
-450
-571
-674
-734
-738
-684
-584
-455
-318
-191
-86
-9
38
58
51
15
-51
-152
-281
-426
-565
-673
-720
-686
-565
-369
-132
102
283
370
338
191
-42
-311
-558
-726
-780
-711
-539
-309
-79
93
168
130
-7
-206
-413
-572
-637
-587
-423
-171
127
424
676
850
933
927
849
723
577
433
310
219
164
145
155
186
225
261
278
264
213
122
1
-135
-263
-359
-400
-372
-271
-109
93
306
500
646
729
740
686
582
448
309
185
95
49
55
111
214
354
517
686
842
964
1038
1054
1009
911
778
629
487
369
284
231
199
173
136
75
-9
-113
-216
-297
-335
-316
-236
-106
53
215
351
439
468
440
368
275
182
110
70
66
88
123
153
164
147
102
38
-30
-87
-115
-105
-54
30
138
249
345
412
444
444
424
402
398
427
498
605
732
857
952
995
975
896
777
649
548
502
530
631
784
956
1105
1196
1206
1133
992
816
641
501
414
381
384
398
397
362
297
220
165
170
262
449
711
1004
1270
1446
1488
1379
1137
813
479
208
59
62
204
442
706
922
1033
1007
853
611
344
121
-4
-5
110
306
524
701
788
762
625
410
164
-59
-220
-293
-277
-191
-65
70
192
290
368
441
525
632
764
907
1041
1139
1177
1141
1035
874
689
513
378
306
302
357
450
550
630
667
650
585
484
372
271
201
175
193
246
318
390
446
474
474
452
423
403
410
455
541
659
794
922
1022
1073
1064
996
883
747
618
522
481
504
583
700
824
921
961
926
812
636
426
221
61
-22
-17
72
220
387
524
590
556
416
185
-97
-383
-620
-767
-802
-726
-565
-362
-165
-15
59
58
0
-77
-134
-133
-53
98
296
495
644
699
636
458
194
-106
-384
-583
-666
-619
-458
-219
45
287
466
560
570
513
418
316
231
175
148
140
136
126
103
71
41
28
41
88
161
247
326
375
377
324
216
67
-102
-271
-417
-524
-580
-585
-543
-464
-359
-244
-132
-37
30
64
61
23
-39
-116
-191
-250
-283
-285
-259
-211
-152
-90
-31
23
78
138
205
277
343
386
389
334
215
38
-174
-390
-572
-686
-712
-648
-509
-329
-145
5
100
135
123
89
64
70
117
196
282
342
347
277
133
-65
-285
-483
-625
-690
-674
-595
-480
-362
-264
-198
-158
-127
-82
-6
107
248
393
514
582
583
519
409
287
188
141
159
237
351
469
560
603
592
541
475
423
406
433
493
563
612
612
550
431
279
128
17
-27
0
88
203
304
351
324
223
73
-81
-192
-218
-135
47
301
573
806
953
986
905
734
521
316
165
98
120
216
354
495
606
664
661
606
517
420
334
276
250
255
285
330
384
444
506
570
634
693
740
770
778
762
726
681
637
603
587
586
592
594
576
529
450
344
228
123
50
25
56
136
247
363
457
503
490
415
294
149
12
-88
-131
-105
-14
124
286
438
552
604
582
487
332
143
-48
-207
-304
-315
-232
-62
174
441
697
899
1012
1013
902
697
435
163
-67
-215
-254
-183
-20
192
407
575
658
639
525
346
146
-23
-121
-122
-21
162
390
616
796
898
906
826
684
512
350
228
167
172
233
334
452
567
663
734
778
799
804
799
786
767
742
710
671
625
574
519
461
401
341
282
231
194
179
193
239
314
408
505
587
638
649
624
576
528
506
532
613
742
895
1036
1126
1136
1050
877
646
398
180
29
-35
-18
54
147
223
257
244
202
164
166
238
387
595
819
1005
1100
1068
905
639
326
36
-167
-245
-190
-34
165
340
432
408
270
55
-176
-358
-443
-408
-270
-75
113
237
259
174
13
-165
-298
-330
-237
-33
236
499
684
738
640
412
110
-187
-405
-487
-414
-203
91
397
643
775
766
624
385
101
-175
-400
-550
-620
-619
-567
-483
-381
-268
-146
-20
103
213
290
318
289
205
84
-40
-133
-160
-99
48
264
509
739
911
994
981
883
728
552
387
252
150
69
-9
-107
-235
-389
-549
-684
-761
-754
-651
-464
-221
34
257
406
456
401
253
40
-203
-442
-648
-803
-896
-929
-904
-830
-713
-562
-391
-212
-46
85
165
178
121
4
-151
-316
-458
-548
-569
-521
-416
-281
-149
-49
-3
-17
-84
-183
-289
-376
-427
-435
-406
-355
-303
-267
-261
-284
-328
-376
-406
-403
-356
-267
-150
-27
78
143
153
106
13
-107
-227
-322
-371
-364
-304
-205
-88
22
104
146
143
105
46
-13
-55
-67
-45
4
67
127
165
167
126
46
-63
-187
-306
-403
-464
-482
-453
-382
-275
-144
0
