0
-112
-224
-336
-445
-553
-659
-761
-860
-956
-1047
-1134
-1216
-1294
-1366
-1433
-1494
-1550
-1601
-1645
-1685
-1719
-1747
-1771
-1790
-1804
-1813
-1819
-1822
-1821
-1817
-1811
-1803
-1793
-1783
-1772
-1761
-1750
-1741
-1732
-1726
-1721
-1720
-1721
-1725
-1733
-1745
-1760
-1780
-1804
-1833
-1866
-1903
-1944
-1990
-2040
-2094
-2151
-2211
-2275
-2341
-2409
-2479
-2550
-2623
-2695
-2767
-2838
-2908
-2976
-3041
-3104
-3162
-3217
-3267
-3312
-3351
-3384
-3411
-3430
-3443
-3448
-3446
-3436
-3418
-3392
-3358
-3316
-3266
-3208
-3143
-3071
-2991
-2905
-2813
-2714
-2611
-2503
-2390
-2274
-2155
-2034
-1911
-1787
-1663
-1539
-1416
-1295
-1176
-1061
-949
-842
-739
-642
-551
-467
-389
-319
-256
-201
-154
-116
-86
-64
-51
-46
-49
-60
-79
-106
-139
-179
-226
-279
-336
-399
-465
-535
-608
-684
-760
-838
-916
-993
-1070
-1144
-1216
-1285
-1350
-1410
-1466
-1517
-1561
-1599
-1631
-1655
-1673
-1682
-1684
-1677
-1663
-1640
-1609
-1571
-1524
-1469
-1406
-1336
-1258
-1174
-1083
-986
-883
-774
-660
-542
-419
-293
-164
-32
102
238
375
514
653
792
930
1069
1206
1342
1476
1608
1739
1867
1993
2116
2237
2355
2471
2583
2694
2801
2906
3008
3109
3206
3302
3396
3488
3578
3666
3753
3839
3923
4006
4089
4170
4250
4329
4407
4484
4560
4635
4709
4781
4851
4919
4986
5050
5111
5170
5225
5276
5323
5366
5404
5437
5464
5484
5499
5506
5506
5498
5482
5458
5425
5384
5333
5272
5202
5122
5033
4934
4825
4706
4578
4440
4294
4139
3975
3803
3624
3438
3246
3048
2845
2638
2427
2213
1997
1781
1564
1347
1132
920
710
505
305
111
-75
-255
-427
-590
-743
-885
-1017
-1138
-1247
-1343
-1427
-1499
-1558
-1603
-1636
-1656
-1664
-1659
-1642
-1613
-1573
-1522
-1461
-1390
-1311
-1224
-1130
-1029
-923
-813
-700
-584
-466
-349
-232
-117
-5
103
206
304
396
480
555
622
679
725
761
785
797
797
784
759
721
670
606
530
441
341
228
105
-29
-173
-327
-489
-659
-837
-1020
-1209
-1402
-1599
-1797
-1997
-2198
-2397
-2595
-2791
-2982
-3169
-3350
-3525
-3693
-3852
-4003
-4144
-4275
-4395
-4504
-4601
-4686
-4758
-4818
-4866
-4900
-4922
-4931
-4927
-4910
-4882
-4842
-4790
-4727
-4653
-4570
-4477
-4375
-4265
-4148
-4023
-3893
-3758
-3617
-3473
-3326
-3177
-3026
-2874
-2722
-2571
-2420
-2271
-2125
-1981
-1841
-1705
-1572
-1445
-1322
-1204
-1092
-985
-885
-790
-700
-617
-540
-468
-402
-342
-287
-237
-192
-152
-117
-86
-58
-34
-14
2
17
29
39
47
53
58
62
65
67
69
70
71
71
72
73
74
75
76
77
79
81
83
85
87
89
91
94
96
98
100
102
104
106
107
109
111
113
116
119
122
127
132
138
147
156
168
183
199
219
243
270
301
336
377
422
473
530
593
663
739
822
912
1010
1115
1228
1349
1478
1614
1758
1909
2068
2234
2407
2587
2772
2963
3160
3361
3566
3775
3986
4199
4414
4629
4844
5057
5268
5477
5681
5881
6074
6261
6441
6612
6774
6926
7067
7196
7313
7416
7506
7582
7644
7690
7720
7735
7734
7717
7684
7635
7569
7488
7392
7280
7154
7013
6859
6692
6512
6322
6120
5909
5689
5461
5226
4986
4740
4492
4241
3988
3735
3483
3234
2987
2744
2506
2274
2049
1832
1623
1424
1235
1056
889
733
589
457
338
231
137
55
-12
-69
-114
-147
-169
-180
-181
-173
-156
-131
-98
-59
-15
33
86
141
198
257
315
372
427
479
527
571
610
642
667
685
694
695
686
668
639
600
551
491
420
339
246
143
30
-92
-226
-368
-520
-680
-847
-1022
-1204
-1391
-1584
-1781
-1982
-2185
-2391
-2598
-2805
-3012
-3218
-3422
-3624
-3822
-4015
-4204
-4388
-4565
-4735
-4898
-5054
-5201
-5339
-5469
-5589
-5699
-5800
-5891
-5971
-6042
-6102
-6152
-6192
-6221
-6241
-6252
-6252
-6244
-6227
-6200
-6166
-6123
-6073
-6016
-5951
-5880
-5803
-5721
-5633
-5539
-5442
-5340
-5234
-5125
-5013
-4899
-4781
-4662
-4541
-4419
-4295
-4170
-4045
-3919
-3793
-3667
-3541
-3415
-3290
-3166
-3043
-2920
-2799
-2679
-2560
-2444
-2328
-2215
-2104
-1995
-1889
-1785
-1683
-1584
-1489
-1396
-1307
-1221
-1139
-1060
-986
-915
-849
-787
-729
-676
-627
-584
-545
-511
-481
-457
-437
-422
-412
-406
-405
-407
-414
-424
-438
-454
-473
-495
-518
-542
-567
-592
-616
-640
-661
-680
-697
-709
-716
-719
-715
-705
-687
-660
-625
-580
-525
-459
-381
-291
-188
-72
56
199
357
529
715
917
1133
1363
1609
1868
2141
2428
2728
3041
3365
3701
4046
4401
4765
5136
5513
5895
6281
6670
7060
7450
7838
8224
8605
8980
9349
9708
10058
10396
10721
11031
11326
11605
11865
12106
12326
12526
12703
12857
12987
13093
13174
13230
13260
13263
13241
13193
13119
13019
12894
12743
12569
12370
12149
11905
11640
11355
11051
10728
10389
10035
9666
9285
8892
8490
8079
7661
7238
6811
6382
5952
5522
5094
4669
4249
3835
3428
3029
2640
2260
1892
1536
1192
862
546
245
-41
-312
-568
-809
-1034
-1244
-1438
-1617
-1781
-1930
-2065
-2187
-2296
-2392
-2476
-2549
-2611
-2664
-2707
-2742
-2769
-2790
-2805
-2814
-2819
-2820
-2818
-2814
-2807
-2800
-2792
-2784
-2776
-2769
-2763
-2758
-2755
-2755
-2756
-2760
-2766
-2774
-2785
-2798
-2813
-2831
-2850
-2871
-2893
-2916
-2941
-2966
-2991
-3017
-3042
-3067
-3090
-3113
-3134
-3153
-3171
-3186
-3198
-3209
-3216
-3221
-3223
-3222
-3218
-3211
-3202
-3189
-3174
-3157
-3138
-3117
-3094
-3070
-3044
-3019
-2992
-2966
-2940
-2915
-2891
-2869
-2849
-2831
-2816
-2804
-2795
-2790
-2789
-2792
-2800
-2813
-2830
-2852
-2880
-2913
-2950
-2993
-3041
-3094
-3151
-3213
-3279
-3350
-3424
-3501
-3581
-3664
-3749
-3835
-3922
-4011
-4099
-4187
-4274
-4359
-4442
-4523
-4601
-4676
-4746
-4812
-4873
-4929
-4979
-5023
-5060
-5091
-5116
-5133
-5143
-5146
-5141
-5129
-5110
-5083
-5049
-5008
-4959
-4904
-4843
-4775
-4701
-4622
-4537
-4447
-4352
-4252
-4149
-4042
-3932
-3818
-3702
-3584
-3463
-3341
-3217
-3092
-2966
-2839
-2711
-2582
-2453
-2323
-2192
-2061
-1929
-1796
-1662
-1527
-1390
-1251
-1111
-968
-823
-675
-523
-368
-209
-45
122
296
475
660
851
1048
1253
1464
1682
1907
2139
2379
2627
2881
3143
3411
3686
3968
4256
4549
4847
5150
5457
5767
6080
6394
6709
7025
7339
7652
7962
8268
8569
8864
9152
9432
9703
9964
10213
10450
10674
10884
11078
11256
11418
11561
11686
11792
11878
11944
11990
12014
12017
11999
11959
11897
11814
11710
11584
11438
11272
11086
10881
10658
10416
10159
9885
9596
9294
8978
8651
8314
7967
7613
7251
6884
6513
6139
5763
5387
5012
4638
4269
3903
3543
3190
2844
2507
2180
1863
1557
1262
981
712
457
215
-11
-224
-422
-606
-775
-929
-1069
-1194
-1305
-1403
-1487
-1558
-1616
-1663
-1698
-1722
-1736
-1740
-1735
-1722
-1701
-1673
-1639
-1599
-1555
-1506
-1453
-1398
-1340
-1280
-1219
-1157
-1095
-1033
-972
-912
-853
-796
-741
-689
-638
-590
-545
-503
-464
-428
-395
-365
-338
-314
-294
-276
-261
-249
-240
-234
-231
-230
-232
-237
-244
-254
-266
-281
-298
-319
-341
-367
-396
-427
-462
-500
-541
-586
-634
-687
-743
-804
-869
-939
-1013
-1092
-1177
-1266
-1361
-1462
-1568
-1679
-1796
-1919
-2048
-2182
-2322
-2467
-2617
-2773
-2933
-3099
-3268
-3442
-3619
-3799
-3983
-4169
-4357
-4546
-4736
-4926
-5117
-5306
-5494
-5680
-5863
-6043
-6219
-6390
-6556
-6716
-6870
-7017
-7156
-7287
-7409
-7522
-7625
-7719
-7801
-7873
-7934
-7983
-8021
-8047
-8061
-8063
-8052
-8030
-7995
-7948
-7889
-7819
-7736
-7643
-7538
-7422
-7295
-7158
-7011
-6854
-6688
-6513
-6330
-6139
-5940
-5734
-5520
-5301
-5075
-4843
-4606
-4365
-4118
-3867
-3612
-3352
-3090
-2824
-2554
-2282
-2006
-1728
-1447
-1164
-878
-590
-299
-6
289
587
887
1189
1494
1801
2110
2422
2735
3051
3368
3687
4007
4329
4653
4977
5301
5626
5951
6276
6599
6921
7241
7559
7873
8184
8490
8791
9086
9375
9656
9930
10194
10448
10692
10925
11145
11352
11546
11725
11889
12036
12167
12280
12376
12453
12511
12550
12569
12568
12546
12504
12442
12359
12255
12131
11987
11824
11641
11439
11218
10980
10725
10454
10167
9866
9551
9224
8886
8537
8179
7814
7442
7064
6682
6297
5911
5524
5139
4755
4375
3999
3629
3265
2910
2563
2225
1898
1583
1279
988
710
446
195
-40
-262
-469
-661
-839
-1003
-1153
-1288
-1411
-1520
-1617
-1701
-1775
-1837
-1890
-1934
-1969
-1997
-2018
-2033
-2043
-2049
-2052
-2053
-2052
-2050
-2048
-2047
-2047
-2050
-2055
-2064
-2076
-2093
-2114
-2139
-2170
-2206
-2248
-2295
-2347
-2404
-2466
-2533
-2604
-2680
-2759
-2842
-2927
-3014
-3103
-3193
-3284
-3374
-3463
-3551
-3637
-3719
-3799
-3874
-3944
-4009
-4068
-4121
-4167
-4206
-4238
-4262
-4277
-4285
-4284
-4275
-4258
-4232
-4198
-4156
-4107
-4051
-3988
-3918
-3843
-3763
-3678
-3589
-3497
-3402
-3306
-3209
-3112
-3015
-2921
-2828
-2739
-2654
-2574
-2499
-2431
-2370
-2317
-2272
-2236
-2209
-2192
-2185
-2189
-2204
-2230
-2266
-2314
-2373
-2443
-2524
-2615
-2717
-2828
-2948
-3077
-3214
-3359
-3511
-3668
-3831
-3998
-4168
-4341
-4515
-4690
-4864
-5037
-5207
-5375
-5537
-5695
-5846
-5989
-6125
-6251
-6368
-6474
-6569
-6652
-6722
-6779
-6822
-6851
-6866
-6865
-6849
-6818
-6771
-6709
-6631
-6537
-6428
-6304
-6164
-6010
-5840
-5657
-5460
-5249
-5025
-4789
-4541
-4282
-4011
-3731
-3441
-3142
-2834
-2518
-2196
-1866
-1531
-1191
-845
-495
-142
214
573
934
1297
1660
2025
2390
2754
3118
3481
3842
4202
4559
4914
5266
5615
5960
6301
6638
6971
7298
7621
7938
8248
8553
8850
9141
9424
9699
9965
10223
10471
10710
10938
11156
11362
11556
11738
11908
12064
12206
12334
12447
12545
12627
12693
12743
12775
12791
12788
12768
12730
12673
12598
12504
12392
12261
12112
11944
11758
11555
11333
11095
10840
10569
10282
9981
9665
9336
8994
8641
8277
7903
7521
7131
6735
6333
5927
5518
5107
4696
4286
3877
3471
3070
2674
2285
1903
1530
1167
815
474
146
-167
-468
-754
-1025
-1280
-1518
-1740
-1945
-2133
-2304
-2458
-2595
-2715
-2819
-2906
-2977
-3032
-3073
-3099
-3112
-3112
-3099
-3075
-3041
-2997
-2945
-2884
-2817
-2744
-2666
-2584
-2500
-2413
-2326
-2238
-2152
-2066
-1984
-1904
-1829
-1758
-1693
-1633
-1579
-1533
-1493
-1461
-1436
-1419
-1410
-1409
-1417
-1432
-1454
-1485
-1523
-1568
-1619
-1677
-1741
-1811
-1886
-1965
-2049
-2136
-2226
-2318
-2413
-2509
-2605
-2703
-2800
-2896
-2992
-3086
-3179
-3269
-3357
-3442
-3525
-3604
-3680
-3752
-3822
-3887
-3950
-4009
-4064
-4117
-4167
-4214
-4259
-4302
-4343
-4383
-4421
-4459
-4496
-4534
-4571
-4610
-4649
-4691
-4734
-4779
-4827
-4877
-4931
-4988
-5049
-5113
-5181
-5253
-5329
-5409
-5493
-5581
-5672
-5767
-5866
-5967
-6072
-6179
-6288
-6399
-6511
-6624
-6737
-6850
-6962
-7073
-7182
-7288
-7391
-7490
-7585
-7675
-7760
-7838
-7909
-7972
-8028
-8075
-8113
-8142
-8160
-8168
-8166
-8151
-8126
-8088
-8039
-7977
-7902
-7815
-7715
-7602
-7476
-7338
-7186
-7022
-6845
-6656
-6454
-6240
-6014
-5777
-5528
-5268
-4997
-4716
-4425
-4124
-3814
-3495
-3167
-2831
-2487
-2136
-1779
-1414
-1044
-668
-287
98
488
881
1278
1678
2081
2485
2891
3298
3706
4113
4520
4926
5330
5732
6132
6528
6920
7308
7691
8069
8440
8803
9160
9507
9846
10175
10493
10801
11096
11378
11647
11902
12142
12366
12574
12764
12937
13092
13227
13343
13439
13514
13568
13601
13612
13600
13566
13509
13430
13328
13203
13055
12885
12693
12479
12243
11987
11710
11414
11099
10766
10416
10050
9669
9274
8866
8448
8019
7581
7137
6686
6232
5774
5316
4858
4402
3949
3502
3061
2629
2206
1794
1394
1009
638
284
-52
-371
-671
-950
-1209
-1446
-1661
-1854
-2024
-2171
-2295
-2396
-2475
-2531
-2565
-2578
-2570
-2542
-2495
-2429
-2346
-2247
-2134
-2006
-1866
-1716
-1556
-1388
-1214
-1035
-853
-669
-485
-303
-123
51
219
381
533
676
807
925
1030
1121
1196
1255
1297
1321
1328
1316
1286
1238
1170
1085
981
859
719
563
390
202
0
-217
-447
-689
-941
-1203
-1474
-1751
-2035
-2323
-2615
-2908
-3202
-3496
-3787
-4076
-4360
-4639
-4912
-5176
-5432
-5679
-5916
-6141
-6354
-6555
-6743
-6918
-7079
-7226
-7359
-7478
-7583
-7674
-7751
-7814
-7864
-7901
-7926
-7940
-7942
-7934
-7915
-7888
-7853
-7810
-7761
-7706
-7646
-7582
-7515
-7446
-7375
-7303
-7232
-7161
-7092
-7024
-6959
-6898
-6840
-6786
-6736
-6691
-6651
-6615
-6585
-6560
-6540
-6524
-6513
-6507
-6504
-6506
-6510
-6517
-6526
-6537
-6549
-6562
-6574
-6585
-6595
-6602
-6606
-6606
-6601
-6592
-6576
-6554
-6524
-6487
-6441
-6387
-6322
-6248
-6164
-6068
-5962
-5845
-5716
-5575
-5423
-5259
-5083
-4896
-4697
-4487
-4266
-4035
-3792
-3540
-3279
-3008
-2728
-2441
-2146
-1844
-1536
-1222
-903
-579
-252
77
410
744
1079
1415
1751
2086
2419
2751
3079
3405
3727
4045
4358
4666
4968
5265
5555
5838
6115
6384
6645
6898
7144
7380
7609
7828
8038
8239
8431
8613
8785
8948
9101
9243
9375
9497
9608
9708
9798
9877
9944
10001
10046
10080
10102
10113
10112
10099
10074
10037
9988
9927
9854
9768
9671
9562
9440
9307
9162
9005
8837
8658
8467
8267
8055
7834
7604
7365
7117
6861
6597
6327
6051
5770
5484
5194
4901
4605
4308
4011
3713
3417
3123
2832
2545
2262
1985
1715
1452
1196
950
713
487
272
68
-123
-302
-468
-621
-760
-885
-996
-1092
-1174
-1243
-1297
-1337
-1364
-1378
-1379
-1367
-1345
-1311
-1267
-1213
-1151
-1082
-1005
-923
-836
-745
-651
-556
-460
-365
-271
-180
-93
-11
64
134
195
248
291
324
346
355
353
337
308
266
209
138
53
-46
-160
-288
-430
-586
-755
-938
-1132
-1338
-1555
-1782
-2019
-2265
-2518
-2778
-3044
-3314
-3588
-3865
-4144
-4423
-4702
-4979
-5253
-5524
-5790
-6051
-6305
-6551
-6790
-7019
-7239
-7448
-7646
-7833
-8007
-8169
-8318
-8455
-8578
-8687
-8784
-8866
-8936
-8993
-9036
-9068
-9086
-9094
-9089
-9074
-9049
-9014
-8969
-8917
-8856
-8788
-8714
-8635
-8550
-8460
-8368
-8272
-8174
-8074
-7973
-7872
-7771
-7670
-7571
-7473
-7377
-7283
-7191
-7102
-7017
-6934
-6854
-6778
-6704
-6634
-6567
-6502
-6440
-6381
-6324
-6268
-6214
-6161
-6109
-6057
-6005
-5952
-5898
-5843
-5785
-5725
-5663
-5596
-5526
-5452
-5373
-5288
-5199
-5103
-5001
-4893
-4777
-4655
-4526
-4389
-4244
-4092
-3932
-3764
-3588
-3404
-3213
-3014
-2807
-2593
-2371
-2142
-1906
-1664
-1415
-1160
-899
-632
-360
-83
198
483
773
1067
1363
1662
1964
2268
2573
2880
3188
3496
3804
4112
4420
4726
5031
5334
5635
5933
6228
6519
6807
7090
7369
7642
7909
8171
8426
8673
8913
9146
9369
9584
9789
9984
10168
10341
10503
10652
10789
10912
11022
11118
11199
11265
11316
11350
11369
11371
11355
11323
11273
11205
11119
11016
10894
10754
10597
10421
10228
10017
9790
9545
9285
9008
8717
8411
8091
7758
7413
7057
6691
6315
5931
5540
5144
4742
4338
3931
3524
3117
2712
2310
1913
1522
1138
762
397
42
-299
-628
-942
-1241
-1524
-1789
-2036
-2264
-2473
-2661
-2830
-2977
-3104
-3210
-3294
-3358
-3401
-3423
-3426
-3409
-3373
-3319
-3249
-3161
-3059
-2943
-2813
-2672
-2521
-2360
-2192
-2019
-1840
-1659
-1476
-1293
-1112
-934
-760
-593
-433
-282
-142
-13
102
204
291
362
417
453
472
472
453
414
356
278
181
64
-71
-226
-400
-591
-799
-1023
-1262
-1515
-1782
-2060
-2350
-2648
-2955
-3269
-3587
-3910
-4235
-4562
-4887
-5211
-5531
-5847
-6156
-6458
-6752
-7035
-7308
-7568
-7815
-8048
-8266
-8469
-8656
-8826
-8979
-9115
-9233
-9333
-9416
-9481
-9528
-9559
-9573
-9570
-9552
-9520
-9472
-9412
-9338
-9253
-9158
-9052
-8938
-8816
-8688
-8554
-8416
-8274
-8130
-7985
-7840
-7696
-7553
-7413
-7276
-7144
-7016
-6895
-6779
-6670
-6568
-6474
-6387
-6308
-6237
-6173
-6118
-6070
-6030
-5997
-5970
-5949
-5935
-5925
-5919
-5918
-5919
-5922
-5927
-5932
-5936
-5939
-5940
-5938
-5931
-5920
-5902
-5878
-5846
-5806
-5757
-5698
-5629
-5548
-5456
-5352
-5235
-5105
-4962
-4806
-4636
-4453
-4256
-4045
-3821
-3584
-3334
-3071
-2797
-2510
-2213
-1905
-1588
-1261
-926
-583
-234
120
481
845
1213
1583
1955
2327
2698
3068
3436
3800
4161
4516
4865
5208
5543
5870
6189
6497
6795
7083
7359
7623
7874
8113
8338
8550
8747
8931
9100
9254
9393
9517
9627
9721
9800
9863
9912
9945
9964
9967
9956
9931
9891
9836
9768
9686
9591
9482
9360
9226
9080
8921
8751
8570
8378
8176
7963
7741
7510
7270
7022
6767
6504
6235
5959
5679
5393
5103
4810
4514
4215
3915
3614
3313
3012
2713
2416
2122
1831
1545
1264
988
720
458
205
-38
-273
-497
-711
-913
-1104
-1281
-1446
-1597
-1734
-1857
-1965
-2058
-2136
-2199
-2247
-2280
-2298
-2301
-2289
-2262
-2222
-2168
-2101
-2022
-1930
-1828
-1715
-1593
-1462
-1324
-1179
-1028
-873
-714
-554
-392
-230
-70
87
241
390
533
669
796
914
1021
1117
1200
1269
1325
1365
1390
1398
1389
1363
1320
1258
1178
1080
964
830
678
509
323
120
-98
-333
-582
-844
-1120
-1407
-1706
-2013
-2330
-2654
-2984
-3319
-3657
-3998
-4339
-4680
-5020
-5356
-5689
-6015
-6335
-6648
-6951
-7244
-7525
-7795
-8052
-8295
-8523
-8736
-8934
-9116
-9280
-9429
-9560
-9673
-9770
-9850
-9912
-9958
-9988
-10002
-10000
-9983
-9952
-9907
-9850
-9780
-9699
-9608
-9507
-9398
-9282
-9159
-9030
-8897
-8760
-8620
-8479
-8337
-8195
-8054
-7915
-7779
-7645
-7516
-7391
-7271
-7157
-7049
-6947
-6851
-6763
-6681
-6606
-6538
-6477
-6422
-6374
-6332
-6296
-6265
-6239
-6218
-6200
-6186
-6174
-6164
-6156
-6148
-6139
-6130
-6119
-6106
-6089
-6068
-6043
-6011
-5974
-5930
-5878
-5818
-5749
-5671
-5582
-5484
-5375
-5254
-5122
-4979
-4823
-4655
-4475
-4283
-4078
-3861
-3632
-3391
-3138
-2873
-2596
-2309
-2011
-1703
-1385
-1058
-722
-377
-25
333
699
1071
1448
1830
2216
2604
2996
3389
3783
4178
4572
4965
5357
5746
6132
6513
6891
7263
7628
7988
8339
8683
9018
9344
9660
9964
10258
10540
10809
11065
11308
11536
11749
11947
12129
12295
12444
12576
12690
12786
12863
12922
12961
12981
12981
12961
12922
12861
12781
12680
12559
12418
12256
12074
11873
11652
11412
11153
10876
10581
10268
9940
9595
9235
8861
8474
8075
7664
7243
6812
6374
5928
5477
5022
4564
4104
3644
3185
2728
2276
1828
1387
954
530
117
-284
-672
-1047
-1405
-1748
-2073
-2380
-2668
-2936
-3183
-3410
-3615
-3798
-3958
-4097
-4213
-4307
-4378
-4428
-4457
-4464
-4451
-4419
-4368
-4299
-4213
-4111
-3995
-3866
-3725
-3573
-3412
-3243
-3069
-2890
-2708
-2525
-2342
-2161
-1983
-1811
-1646
-1488
-1340
-1203
-1079
-968
-872
-791
-728
-682
-654
-646
-657
-689
-740
-813
-906
-1019
-1153
-1307
-1481
-1673
-1884
-2113
-2358
-2619
-2894
-3183
-3485
-3796
-4118
-4447
-4783
-5123
-5467
-5813
-6158
-6502
-6843
-7180
-7510
-7832
-8144
-8446
-8736
-9013
-9275
-9521
-9751
-9963
-10156
-10330
-10484
-10618
-10731
-10823
-10893
-10943
-10971
-10978
-10965
-10931
-10878
-10805
-10714
-10605
-10480
-10339
-10184
-10015
-9834
-9641
-9439
-9229
-9011
-8787
-8559
-8328
-8095
-7862
-7629
-7399
-7172
-6949
-6732
-6522
-6320
-6126
-5941
-5766
-5602
-5450
-5309
-5180
-5064
-4960
-4869
-4791
-4725
-4671
-4630
-4600
-4581
-4572
-4573
-4584
-4603
-4629
-4662
-4701
-4745
-4792
-4841
-4893
-4945
-4996
-5045
-5092
-5134
-5172
-5203
-5228
-5245
-5252
-5250
-5237
-5213
-5177
-5127
-5065
-4988
-4897
-4792
-4671
-4535
-4384
-4217
-4035
-3837
-3624
-3396
-3153
-2896
-2625
-2340
-2041
-1731
-1408
-1075
-731
-377
-14
356
734
1119
1509
1904
2302
2704
3107
3511
3915
4318
4719
5118
5513
5903
6288
6667
7039
7402
7758
8103
8439
8764
9077
9378
9666
9941
10202
10448
10680
10895
11095
11279
11445
11594
11726
11840
11936
12014
12073
12113
12134
12136
12119
12083
12028
11953
11860
11747
11616
11465
11297
11110
10905
10682
10443
10186
9914
9626
9322
9005
8673
8329
7972
7604
7225
6837
6440
6036
5625
5208
4787
4363
3936
3509
3082
2656
2234
1815
1402
995
596
206
-173
-542
-898
-1240
-1568
-1880
-2176
-2454
-2713
-2953
-3174
-3374
-3552
-3710
-3845
-3958
-4049
-4118
-4164
-4188
-4190
-4170
-4129
-4067
-3985
-3884
-3763
-3626
-3471
-3301
-3116
-2918
-2708
-2488
-2258
-2020
-1776
-1528
-1276
-1022
-769
-517
-268
-23
214
444
665
875
1074
1259
1430
1585
1723
1843
1945
2027
2089
2131
2151
2149
2126
2080
2012
1923
1811
1678
1524
1349
1154
940
707
457
191
-90
-387
-696
-1017
-1349
-1690
-2038
-2393
-2753
-3116
-3481
-3846
-4210
-4572
-4929
-5281
-5627
-5965
-6293
-6611
-6917
-7211
-7491
-7757
-8008
-8242
-8460
-8660
-8843
-9008
-9155
-9283
-9392
-9483
-9556
-9610
-9646
-9665
-9666
-9650
-9618
-9571
-9509
-9432
-9342
-9240
-9126
-9001
-8866
-8722
-8570
-8411
-8246
-8076
-7901
-7724
-7544
-7362
-7181
-6999
-6818
-6640
-6464
-6291
-6122
-5957
-5798
-5644
-5495
-5354
-5219
-5090
-4969
-4855
-4749
-4650
-4559
-4475
-4399
-4330
-4268
-4214
-4166
-4125
-4090
-4061
-4037
-4019
-4006
-3998
-3994
-3993
-3996
-4002
-4010
-4020
-4032
-4045
-4058
-4072
-4086
-4099
-4111
-4121
-4129
-4135
-4139
-4139
-4135
-4128
-4115
-4099
-4077
-4049
-4016
-3976
-3929
-3876
-3815
-3746
-3670
-3585
-3492
-3389
-3278
-3157
-3026
-2885
-2734
-2573
-2401
-2218
-2024
-1820
-1604
-1377
-1139
-890
-630
-359
-77
215
518
832
1155
1488
1830
2180
2539
2905
3279
3658
4043
4433
4827
5223
5622
6022
6423
6822
7220
7615
8005
8390
8769
9140
9502
9854
10195
10524
10839
11139
11423
11690
11940
12170
12380
12570
12737
12882
13004
13102
13175
13223
13246
13243
13215
13160
13080
12973
12841
12683
12501
12293
12062
11807
11530
11231
10911
10572
10214
9838
9447
9040
8620
8188
7745
7292
6833
6367
5896
5422
4947
4472
3999
3528
3062
2602
2149
1705
1271
847
436
38
-345
-714
-1067
-1404
-1724
-2026
-2310
-2577
-2825
-3054
-3266
-3459
-3634
-3791
-3930
-4053
-4160
-4251
-4326
-4388
-4436
-4471
-4495
-4508
-4511
-4505
-4492
-4471
-4445
-4415
-4381
-4344
-4305
-4265
-4226
-4188
-4151
-4117
-4086
-4059
-4037
-4020
-4007
-4001
-4001
-4007
-4020
-4039
-4065
-4098
-4137
-4182
-4233
-4290
-4352
-4419
-4490
-4565
-4644
-4726
-4810
-4895
-4981
-5068
-5155
-5240
-5324
-5406
-5485
-5560
-5632
-5699
-5761
-5818
-5868
-5913
-5951
-5982
-6006
-6023
-6033
-6035
-6030
-6018
-5998
-5972
-5938
-5898
-5852
-5800
-5742
-5679
-5612
-5540
-5465
-5386
-5305
-5222
-5137
-5051
-4965
-4879
-4794
-4710
-4628
-4548
-4471
-4396
-4326
-4259
-4196
-4138
-4084
-4035
-3992
-3953
-3920
-3892
-3869
-3851
-3838
-3830
-3827
-3828
-3833
-3842
-3854
-3870
-3889
-3910
-3932
-3957
-3982
-4008
-4035
-4061
-4086
-4111
-4134
-4155
-4173
-4189
-4202
-4211
-4217
-4218
-4216
-4209
-4197
-4180
-4159
-4132
-4100
-4063
-4021
-3973
-3920
-3862
-3799
-3731
-3657
-3579
-3496
-3408
-3316
-3219
-3118
-3012
-2903
-2789
-2671
-2550
-2425
-2296
-2163
-2027
-1886
-1742
-1594
-1442
-1286
-1126
-962
-793
-619
-441
-257
-69
124
324
530
742
960
1185
1416
1654
1899
2152
2411
2678
2953
3234
3523
3818
4121
4431
4747
5069
5396
5730
6067
6410
6755
7104
7455
7807
8160
8512
8863
9212
9557
9898
10233
10561
10882
11193
11494
11783
12059
12322
12569
12799
13012
13206
13380
13534
13665
13774
13859
13919
13954
13963
13946
13901
13829
13730
13603
13448
13265
13054
12815
12550
12258
11940
11596
11227
10835
10420
9983
9525
9048
8553
8041
7513
6973
6419
5856
5283
4704
4118
3529
2939
2348
1758
1172
590
16
-550
-1106
-1651
-2184
-2701
-3203
-3688
-4155
-4602
-5029
-5434
-5818
-6178
-6514
-6826
-7114
-7376
-7613
-7824
-8010
-8170
-8304
-8413
-8497
-8556
-8592
-8603
-8591
-8557
-8502
-8425
-8329
-8213
-8079
-7928
-7761
-7579
-7382
-7173
-6952
-6720
-6479
-6229
-5971
-5707
-5438
-5165
-4889
-4610
-4331
-4051
-3772
-3495
-3221
-2950
-2684
-2422
-2166
-1917
-1675
-1441
-1215
-999
-792
-595
-408
-232
-68
84
224
352
468
571
661
737
800
849
885
907
915
909
889
855
807
745
670
580
478
362
232
90
-64
-231
-410
-601
-804
-1017
-1241
-1474
-1717
-1969
-2229
-2496
-2770
-3051
-3337
-3627
-3922
-4219
-4518
-4819
-5119
-5420
-5718
-6014
-6306
-6594
-6876
-7152
-7420
-7679
-7929
-8169
-8397
-8613
-8816
-9005
-9180
-9338
-9481
-9607
-9716
-9807
-9879
-9933
-9968
-9984
-9980
-9957
-9915
-9853
-9771
-9671
-9552
-9415
-9260
-9087
-8898
-8693
-8472
-8237
-7989
-7728
-7455
-7171
-6878
-6576
-6267
-5952
-5631
-5306
-4979
-4650
-4321
-3992
-3665
-3341
-3021
-2706
-2397
-2094
-1799
-1513
-1236
-968
-711
-465
-230
-6
204
404
591
767
930
1081
1221
1349
1467
1574
1671
1759
1839
1910
1974
2032
2085
2132
2177
2218
2258
2296
2335
2375
2416
2461
2509
2562
2619
2683
2754
2832
2919
3013
3117
3230
3353
3486
3629
3782
3945
4119
4302
4496
4698
4910
5131
5359
5595
5838
6087
6342
6601
6864
7130
7397
7666
7935
8202
8468
8730
8988
9242
9489
9729
9961
10184
10397
10599
10790
10968
11134
11285
11422
11544
11651
11742
11816
11874
11915
11939
11945
11935
11907
11862
11800
11721
11625
11513
11385
11242
11083
10909
10722
10520
10306
10079
9840
9590
9330
9059
8780
8492
8197
7894
7585
7270
6951
6627
6299
5969
5636
5302
4967
4631
4295
3960
3627
3295
2965
2638
2314
1994
1679
1367
1061
760
465
176
-106
-382
-651
-912
-1165
-1411
-1648
-1876
-2095
-2305
-2506
-2697
-2878
-3048
-3208
-3358
-3497
-3624
-3741
-3846
-3939
-4022
-4092
-4151
-4198
-4234
-4258
-4270
-4271
-4261
-4239
-4207
-4165
-4112
-4049
-3976
-3895
-3805
-3707
-3602
-3490
-3371
-3248
-3119
-2987
-2851
-2713
-2574
-2434
-2295
-2157
-2021
-1888
-1759
-1635
-1517
-1406
-1303
-1209
-1123
-1049
-985
-933
-893
-867
-854
-855
-871
-902
-948
-1009
-1086
-1179
-1287
-1411
-1550
-1704
-1872
-2055
-2251
-2460
-2681
-2914
-3158
-3411
-3673
-3942
-4218
-4500
-4785
-5074
-5364
-5654
-5944
-6232
-6516
-6795
-7068
-7333
-7590
-7837
-8073
-8297
-8508
-8704
-8885
-9050
-9199
-9330
-9443
-9537
-9612
-9667
-9703
-9719
-9716
-9692
-9649
-9587
-9505
-9405
-9287
-9152
-9000
-8832
-8649
-8452
-8242
-8020
-7787
-7543
-7292
-7032
-6767
-6496
-6222
-5945
-5666
-5388
-5110
-4834
-4561
-4293
-4030
-3772
-3522
-3280
-3045
-2820
-2605
-2399
-2204
-2020
-1846
-1684
-1532
-1392
-1262
-1143
-1034
-934
-844
-763
-690
-624
-565
-512
-463
-419
-378
-339
-302
-265
-227
-188
-146
-101
-51
3
65
133
209
293
386
489
603
726
861
1007
1164
1333
1514
1706
1910
2125
2351
2587
2834
3090
3356
3630
3912
4201
4497
4797
5102
5411
5722
6035
6348
6660
6971
7279
7584
7884
8178
8465
8744
9014
9275
9525
9764
9990
10203
10402
10587
10757
10911
11049
11171
11276
11363
11433
11486
11520
11537
11537
11518
11482
11429
11358
11270
11166
11045
10909
10757
10590
10409
10213
10005
9783
9550
9305
9048
8782
8506
8221
7927
7626
7318
7003
6683
6358
6029
5696
5360
5021
4681
4340
3998
3657
3316
2977
2639
2305
1974
1646
1323
1005
693
386
87
-204
-489
-764
-1031
-1288
-1535
-1772
-1997
-2211
-2412
-2601
-2777
-2939
-3087
-3221
-3340
-3444
-3532
-3605
-3661
-3702
-3726
-3734
-3725
-3699
-3657
-3599
-3524
-3433
-3326
-3204
-3066
-2914
-2747
-2567
-2374
-2168
-1951
-1724
-1486
-1240
-985
-724
-457
-185
89
366
645
923
1199
1473
1742
2006
2263
2512
2751
2980
3197
3400
3590
3763
3920
4060
4181
4283
4365
4426
4465
4483
4478
4450
4399
4326
4229
4109
3966
3801
3613
3404
3173
2923
2652
2364
2057
1734
1395
1042
676
299
-88
-484
-887
-1296
-1709
-2125
-2541
-2957
-3370
-3779
-4183
-4580
-4968
-5346
-5713
-6066
-6406
-6731
-7039
-7329
-7601
-7854
-8086
-8297
-8487
-8655
-8801
-8924
-9024
-9101
-9155
-9186
-9195
-9181
-9146
-9089
-9011
-8913
-8796
-8659
-8506
-8335
-8148
-7947
-7732
-7504
-7265
-7016
-6757
-6490
-6217
-5938
-5654
-5367
-5078
-4788
-4498
-4209
-3922
-3637
-3357
-3082
-2811
-2547
-2290
-2040
-1798
-1565
-1340
-1125
-919
-722
-536
-359
-192
-35
111
249
377
496
606
707
800
885
963
1033
1097
1155
1207
1253
1296
1333
1368
1399
1427
1453
1477
1500
1522
1544
1565
1587
1610
1633
1658
1685
1713
1744
1777
1812
1851
1892
1937
1984
2035
2090
2148
2209
2274
2343
2415
2491
2570
2653
2740
2829
2923
3019
3119
3223
3329
3438
3550
3665
3783
3903
4026
4151
4278
4407
4538
4671
4805
4940
5076
5212
5349
5487
5624
5760
5896
6031
6164
6295
6425
6551
6674
6794
6910
7021
7128
7229
7325
7414
7496
7571
7639
7698
7749
7790
7823
7845
7857
7859
7849
7829
7797
7754
7699
7631
7552
7461
7358
7243
7116
6978
6828
6667
6495
6313
6122
5920
5710
5492
5266
5033
4794
4549
4301
4048
3793
3536
3277
3019
2762
2507
2255
2006
1762
1524
1292
1068
852
646
449
262
87
-75
-226
-365
-490
-601
-699
-783
-852
-908
-949
-977
-991
-991
-979
-953
-916
-868
-808
-738
-659
-572
-477
-375
-268
-155
-40
78
198
318
438
556
672
783
890
991
1086
1173
1251
1320
1379
1427
1464
1489
1502
1502
1489
1463
1423
1370
1304
1224
1131
1025
907
776
634
481
317
143
-38
-229
-428
-633
-843
-1059
-1278
-1500
-1723
-1948
-2173
-2396
-2618
-2836
-3051
-3261
-3466
-3664
-3856
-4039
-4215
-4381
-4538
-4686
-4823
-4950
-5066
-5172
-5266
-5350
-5423
-5485
-5536
-5577
-5609
-5630
-5642
-5645
-5640
-5627
-5606
-5579
-5546
-5507
-5463
-5415
-5363
-5309
-5251
-5193
-5132
-5072
-5011
-4950
-4891
-4832
-4775
-4720
-4667
-4617
-4569
-4524
-4482
-4442
-4405
-4371
-4339
-4310
-4283
-4257
-4233
-4210
-4187
-4165
-4143
-4119
-4095
-4069
-4040
-4009
-3974
-3936
-3893
-3845
-3792
-3733
-3668
-3596
-3517
-3431
-3337
-3235
-3125
-3006
-2880
-2744
-2600
-2448
-2288
-2119
-1942
-1758
-1566
-1366
-1161
-948
-730
-507
-278
-45
190
430
672
916
1162
1408
1655
1901
2146
2389
2630
2868
3103
3334
3561
3783
4000
4211
4417
4617
4810
4998
5178
5352
5519
5679
5833
5980
6120
6254
6381
6502
6618
6727
6831
6930
7024
7113
7198
7278
7355
7428
7498
7565
7628
7690
7748
7805
7859
7911
7962
8010
8056
8100
8143
8183
8221
8256
8289
8319
8346
8369
8389
8405
8416
8423
8425
8421
8411
8396
8374
8345
8309
8265
8214
8154
8087
8011
7926
7832
7729
7618
7497
7368
7230
7084
6929
6766
6595
6417
6232
6041
5844
5641
5434
5223
5008
4791
4572
4353
4133
3914
3697
3482
3270
3063
2860
2664
2474
2292
2118
1953
1798
1653
1519
1396
1286
1187
1101
1028
968
922
888
868
861
866
884
915
957
1010
1075
1149
1233
1325
1425
1532
1645
1763
1885
2010
2138
2265
2393
2520
2644
2764
2880
2990
3094
3190
3277
3355
3423
3479
3524
3556
3574
3579
3569
3545
3506
3452
3382
3296
3195
3079
2948
2801
2640
2464
2275
2072
1856
1629
1390
1140
881
613
337
54
-234
-529
-827
-1128
-1432
-1737
-2041
-2345
-2646
-2945
-3240
-3530
-3814
-4092
-4363
-4625
-4879
-5123
-5357
-5581
-5793
-5994
-6183
-6360
-6525
-6676
-6815
-6940
-7053
-7152
-7239
-7313
-7373
-7422
-7458
-7482
-7494
-7495
-7484
-7463
-7432
-7391
-7340
-7280
-7212
-7136
-7053
-6962
-6864
-6761
-6651
-6537
-6418
-6294
-6166
-6035
-5901
-5764
-5624
-5483
-5340
-5195
-5049
-4903
-4756
-4608
-4461
-4313
-4167
-4020
-3875
-3730
-3587
-3445
-3304
-3166
-3029
-2893
-2761
-2630
-2502
-2376
-2253
-2133
-2016
-1902
-1791
-1684
-1580
-1480
-1384
-1292
-1203
-1119
-1039
-963
-892
-825
-763
-705
-651
-603
-558
-519
-483
-452
-426
-403
-384
-370
-359
-351
-346
-345
-346
-349
-354
-361
-370
-379
-389
-399
-408
-417
-425
-431
-435
-437
-436
-431
-423
-411
-394
-373
-346
-314
-276
-232
-182
-125
-62
8
85
169
259
357
462
573
691
816
947
1083
1226
1374
1527
1684
1846
2012
2181
2353
2527
2704
2881
3060
3239
3418
3597
3774
3950
4124
4295
4463
4628
4789
4946
5099
5248
5391
5529
5662
5789
5911
6028
6139
6244
6344
6438
6528
6612
6691
6765
6836
6902
6964
7022
7078
7131
7181
7229
7275
7320
7364
7407
7449
7492
7534
7577
7621
7665
7710
7756
7803
7852
7901
7952
8004
8056
8109
8163
8217
8270
8323
8376
8427
8477
8524
8569
8611
8649
8683
8712
8736
8753
8765
8769
8766
8755
8736
8707
8670
8622
8564
8496
8417
8327
8226
8115
7991
7857
7712
7555
7388
7211
7023
6826
6620
6404
6181
5950
5713
5469
5219
4966
4708
4448
4186
3922
3659
3396
3135
2877
2623
2372
2128
1889
1657
1434
1218
1012
816
630
455
291
139
0
-127
-242
-345
-435
-513
-579
-632
-674
-705
-724
-733
-733
-723
-705
-679
-645
-606
-562
-513
-460
-405
-349
-291
-234
-178
-125
-74
-27
14
51
81
104
120
127
126
115
95
64
24
-27
-88
-161
-244
-338
-443
-557
-681
-815
-958
-1110
-1270
-1437
-1611
-1791
-1977
-2167
-2362
-2559
-2759
-2961
-3163
-3365
-3567
-3767
-3964
-4158
-4349
-4535
-4715
-4890
-5059
-5221
-5376
-5523
-5662
-5793
-5915
-6029
-6134
-6230
-6318
-6396
-6466
-6527
-6580
-6626
-6663
-6693
-6715
-6732
-6741
-6745
-6744
-6738
-6727
-6712
-6694
-6673
-6648
-6622
-6594
-6565
-6534
-6503
-6471
-6439
-6406
-6374
-6342
-6310
-6279
-6248
-6217
-6186
-6155
-6123
-6091
-6058
-6024
-5989
-5951
-5911
-5869
-5823
-5773
-5720
-5661
-5598
-5529
-5454
-5372
-5284
-5188
-5085
-4973
-4853
-4725
-4588
-4442
-4287
-4123
-3949
-3767
-3576
-3376
-3167
-2950
-2726
-2494
-2255
-2009
-1758
-1501
-1239
-974
-706
-435
-163
109
382
654
924
1191
1455
1714
1968
2216
2456
2689
2914
3129
3335
3530
3714
3887
4048
4197
4334
4457
4569
4667
4752
4825
4885
4932
4968
4991
5004
5005
4996
4978
4951
4915
4872
4822
4766
4706
4640
4572
4501
4429
4356
4284
4212
4143
4076
4013
3954
3901
3853
3812
3777
3750
3731
3721
3719
3725
3741
3766
3800
3843
3896
3957
4027
4105
4191
4285
4385
4493
4606
4724
4847
4974
5105
5237
5372
5507
5642
5777
5910
6041
6168
6292
6411
6525
6633
6734
6828
6915
6993
7062
7122
7173
7214
7245
7265
7276
7276
7265
7245
7214
7174
7123
7064
6995
6917
6831
6738
6637
6529
6415
6296
6172
6043
5910
5775
5637
5497
5356
5215
5074
4934
4795
4658
4524
4392
4264
4140
4020
3905
3794
3689
3590
3496
3408
3327
3251
3181
3118
3060
3009
2963
2923
2889
2860
2836
2817
2803
2792
2786
2783
2783
2787
2792
2800
2810
2821
2833
2846
2859
2872
2885
2898
2909
2919
2928
2934
2939
2942
2942
2940
2935
2928
2917
2903
2887
2867
2843
2817
2787
2753
2717
2676
2633
2586
2536
2483
2426
2367
2304
2238
2168
2096
2021
1943
1861
1777
1690
1601
1508
1412
1314
1213
1109
1003
894
782
667
550
430
308
183
56
-73
-205
-339
-476
-614
-755
-897
-1041
-1187
-1335
-1483
-1633
-1784
-1935
-2087
-2240
-2392
-2545
-2697
-2848
-2999
-3149
-3297
-3444
-3589
-3731
-3872
-4010
-4145
-4278
-4407
-4533
-4655
-4773
-4888
-4998
-5105
-5207
-5305
-5399
-5488
-5572
-5653
-5729
-5800
-5867
-5930
-5989
-6044
-6095
-6142
-6185
-6225
-6262
-6296
-6326
-6354
-6379
-6402
-6423
-6441
-6458
-6472
-6485
-6497
-6506
-6515
-6522
-6528
-6532
-6535
-6536
-6536
-6534
-6531
-6526
-6518
-6508
-6496
-6481
-6463
-6441
-6416
-6387
-6353
-6315
-6271
-6222
-6168
-6107
-6039
-5965
-5883
-5794
-5697
-5592
-5479
-5356
-5226
-5086
-4937
-4779
-4612
-4436
-4251
-4058
-3855
-3644
-3425
-3199
-2965
-2724
-2476
-2223
-1965
-1702
-1435
-1165
-892
-618
-344
-69
203
475
743
1008
1268
1523
1771
2012
2244
2468
2681
2884
3076
3256
3423
3577
3717
3844
3956
4053
4136
4204
4256
4294
4317
4326
4320
4301
4268
4222
4165
4095
4015
3925
3826
3719
3605
3485
3359
3230
3099
2965
2832
2699
2568
2440
2316
2198
2086
1981
1885
1799
1723
1657
1604
1564
1536
1523
1523
1539
1568
1613
1673
1748
1838
1942
2061
2194
2340
2499
2671
2854
3048
3251
3464
3685
3913
4146
4384
4626
4871
5117
5362
5607
5850
6089
6323
6552
6775
6989
7195
7391
7577
7751
7913
8063
8199
8322
8430
8525
8604
8668
8718
8753
8772
8778
8769
8746
8709
8659
8597
8523
8437
8342
8236
8121
7999
7869
7732
7590
7444
7294
7141
6986
6830
6673
6518
6363
6210
6060
5914
5771
5632
5498
5369
5245
5127
5015
4908
4807
4712
4623
4539
4460
4387
4317
4253
4191
4133
4078
4025
3973
3923
3872
3821
3770
3716
3661
3602
3540
3474
3404
3328
3247
3160
3066
2966
2859
2745
2623
2494
2358
2215
2064
1906
1742
1571
1393
1211
1022
830
633
432
229
24
-182
-389
-596
-802
-1007
-1209
-1407
-1602
-1791
-1975
-2153
-2323
-2486
-2640
-2786
-2922
-3048
-3164
-3269
-3364
-3447
-3519
-3579
-3628
-3666
-3692
-3708
-3712
-3706
-3690
-3665
-3630
-3587
-3536
-3478
-3413
-3342
-3266
-3185
-3102
-3015
-2926
-2837
-2747
-2657
-2569
-2483
-2400
-2321
-2246
-2175
-2111
-2052
-2000
-1955
-1917
-1887
-1866
-1852
-1847
-1850
-1862
-1882
-1911
-1948
-1993
-2045
-2105
-2172
-2245
-2325
-2410
-2500
-2594
-2692
-2794
-2898
-3003
-3110
-3218
-3325
-3432
-3537
-3640
-3740
-3837
-3930
-4019
-4103
-4182
-4256
-4323
-4384
-4438
-4486
-4527
-4560
-4587
-4607
-4619
-4625
-4624
-4617
-4603
-4583
-4557
-4526
-4490
-4449
-4404
-4356
-4304
-4249
-4192
-4133
-4073
-4012
-3951
-3890
-3829
-3770
-3712
-3655
-3601
-3549
-3500
-3453
-3410
-3371
-3334
-3302
-3273
-3247
-3225
-3207
-3192
-3180
-3171
-3165
-3162
-3161
-3161
-3164
-3167
-3171
-3176
-3181
-3185
-3189
-3191
-3192
-3190
-3186
-3179
-3168
-3154
-3136
-3114
-3086
-3054
-3017
-2974
-2926
-2872
-2813
-2747
-2676
-2599
-2516
-2427
-2333
-2234
-2129
-2019
-1904
-1785
-1662
-1534
-1404
-1270
-1133
-994
-854
-711
-568
-423
-279
-134
9
152
294
434
572
708
842
972
1100
1224
1345
1462
1576
1686
1792
1894
1992
2086
2177
2264
2347
2427
2504
2578
2649
2717
2784
2848
2910
2971
3031
3091
3149
3208
3267
3326
3386
3447
3510
3574
3641
3709
3780
3854
3931
4010
4093
4179
4269
4362
4458
4558
4662
4769
4879
4993
5111
5231
5354
5480
5608
5739
5872
6007
6143
6280
6419
6557
6696
6835
6973
7110
7246
7379
7511
7640
7766
7889
8007
8121
8231
8335
8434
8526
8613
8692
8764
8828
8885
8933
8972
9002
9022
9033
9034
9024
9004
8973
8930
8877
8811
8734
8645
8544
8431
8306
8168
8019
7857
7683
7497
7299
7090
6869
6637
6393
6140
5875
5601
5318
5026
4725
4416
4101
3778
3450
3117
2780
2439
2095
1750
1404
1058
713
370
30
-305
-635
-960
-1277
-1587
-1886
-2176
-2454
-2721
-2974
-3212
-3436
-3644
-3836
-4010
-4166
-4303
-4421
-4520
-4598
-4656
-4693
-4709
-4704
-4679
-4632
-4565
-4477
-4369
-4242
-4096
-3932
-3750
-3551
-3336
-3107
-2864
-2609
-2342
-2066
-1781
-1488
-1190
-888
-583
-277
27
330
630
924
1211
1490
1759
2017
2261
2491
2706
2904
3083
3244
3384
3504
3601
3677
3729
3757
3762
3742
3698
3630
3538
3422
3283
3121
2937
2731
2505
2259
1995
1713
1415
1103
777
439
91
-265
-628
-997
-1370
-1745
-2120
-2493
-2863
-3229
-3588
-3939
-4280
-4610
-4928
-5232
-5521
-5794
-6049
-6287
-6505
-6703
-6882
-7039
-7175
-7290
-7383
-7454
-7504
-7533
-7541
-7528
-7496
-7444
-7374
-7287
-7183
-7064
-6930
-6783
-6625
-6455
-6277
-6090
-5897
-5699
-5497
-5292
-5087
-4882
-4678
-4478
-4282
-4091
-3906
-3729
-3560
-3401
-3251
-3112
-2985
-2869
-2766
-2675
-2596
-2531
-2478
-2437
-2409
-2393
-2389
-2396
-2414
-2441
-2477
-2522
-2575
-2634
-2699
-2768
-2841
-2917
-2994
-3072
-3149
-3224
-3297
-3367
-3431
-3490
-3543
-3589
-3626
-3655
-3675
-3685
-3684
-3673
-3651
-3618
-3574
-3518
-3451
-3373
-3284
-3185
-3075
-2956
-2828
-2692
-2548
-2397
-2240
-2077
-1911
-1741
-1568
-1394
-1220
-1047
-875
-706
-541
-380
-225
-76
64
197
320
435
538
631
713
782
840
885
917
937
944
938
920
890
848
794
730
655
570
477
375
266
150
29
-96
-226
-359
-493
-627
-761
-894
-1024
-1151
-1272
-1389
-1499
-1601
-1695
-1780
-1855
-1919
-1972
-2013
-2042
-2058
-2061
-2050
-2026
-1988
-1935
-1869
-1789
-1695
-1587
-1466
-1332
-1185
-1026
-856
-674
-482
-281
-70
149
376
610
851
1096
1347
1601
1858
2117
2377
2639
2899
3160
3418
3674
3927
4177
4423
4663
4899
5129
5352
5570
5780
5983
6178
6366
6546
6717
6881
7036
7182
7320
7449
7570
7682
7786
7881
7967
8045
8115
8177
8230
8276
8313
8343
8364
8378
8384
8382
8373
8356
8331
8299
8259
8212
8157
8095
8025
7947
7862
7769
7669
7561
7445
7321
7190
7051
6905
6751
6590
6421
6245
6063
5873
5677
5474
5266
5052
4832
4607
4378
4144
3907
3667
3424
3180
2934
2687
2440
2194
1949
1706
1466
1230
998
771
550
336
129
-69
-260
-440
-611
-770
-918
-1054
-1178
-1289
-1386
-1470
-1539
-1594
-1635
-1661
-1672
-1669
-1650
-1618
-1571
-1509
-1435
-1347
-1246
-1133
-1008
-872
-726
-570
-406
-234
-55
128
318
511
707
905
1103
1301
1498
1691
1881
2065
2244
2416
2579
2733
2878
3011
3132
3240
3335
3416
3482
3532
3566
3583
3584
3567
3533
3481
3411
3324
3218
3095
2955
2797
2622
2431
2225
2002
1765
1514
1249
972
683
383
74
-244
-571
-904
-1244
-1588
-1936
-2286
-2638
-2990
-3342
-3691
-4037
-4379
-4716
-5046
-5369
-5684
-5989
-6283
-6567
-6838
-7096
-7340
-7569
-7783
-7982
-8163
-8328
-8475
-8604
-8715
-8807
-8881
-8935
-8970
-8987
-8984
-8962
-8921
-8862
-8784
-8689
-8576
-8446
-8299
-8136
-7959
-7766
-7560
-7340
-7109
-6866
-6612
-6349
-6078
-5800
-5515
-5225
-4930
-4633
-4334
-4035
-3736
-3438
-3144
-2853
-2568
-2289
-2017
-1754
-1501
-1258
-1026
-807
-602
-411
-235
-74
68
195
304
395
467
520
554
569
565
541
498
436
355
256
138
3
-148
-316
-500
-698
-911
-1136
-1372
-1620
-1877
-2142
-2415
-2693
-2976
-3262
-3550
-3838
-4125
-4410
-4691
-4967
-5237
-5498
-5751
-5994
-6225
-6443
-6648
-6838
-7013
-7171
-7312
-7435
-7540
-7625
-7692
-7738
-7765
-7772
-7759
-7726
-7673
-7602
-7511
-7402
-7276
-7132
-6972
-6798
-6608
-6406
-6191
-5965
-5730
-5485
-5234
-4977
-4715
-4449
-4182
-3914
-3647
-3382
-3121
-2864
-2612
-2368
-2131
-1903
-1686
-1478
-1283
-1099
-928
-770
-625
-494
-376
-272
-182
-105
-42
9
48
76
93
101
100
91
75
54
29
0
-29
-59
-89
-115
-138
-156
-167
-170
-163
-146
-117
-75
-19
51
138
242
364
504
662
840
1036
1252
1488
1743
2016
2308
2618
2945
3289
3648
4021
4407
4805
5214
5631
6056
6486
6920
7356
7793
8227
8658
9083
9500
9907
10303
10686
11052
11402
11732
12042
12329
12592
12829
13040
13222
13376
13499
13591
13652
13681
13677
13641
13571
13469
13335
13168
12970
12741
12482
12195
11879
11537
11170
10780
10367
9935
9484
9016
8534
8040
7535
7022
6503
5979
5455
4930
4408
3891
3380
2879
2387
1909
1445
997
567
156
-234
-602
-948
-1269
-1565
-1836
-2080
-2298
-2488
-2651
-2786
-2894
-2975
-3029
-3056
-3058
-3035
-2987
-2917
-2823
-2709
-2574
-2421
-2250
-2063
-1861
-1646
-1420
-1183
-937
-685
-426
-164
100
366
632
896
1158
1414
1666
1910
2147
2375
2594
2801
2998
3182
3354
3512
3656
3787
3903
4005
4091
4164
4221
4264
4292
4305
4305
4291
4264
4223
4170
4105
4028
3940
3842
3733
3616
3489
3354
3211
3060
2903
2740
2572
2398
2219
2036
1849
1659
1465
1269
1070
870
667
463
257
50
-157
-366
-575
-785
-996
-1207
-1418
-1629
-1841
-2052
-2263
-2474
-2684
-2894
-3103
-3312
-3519
-3725
-3930
-4133
-4334
-4533
-4730
-4924
-5115
-5302
-5486
-5666
-5842
-6013
-6178
-6339
-6493
-6641
-6782
-6917
-7043
-7162
-7273
-7376
-7469
-7554
-7629
-7694
-7750
-7796
-7832
-7858
-7873
-7878
-7873
-7858
-7833
-7799
-7754
-7700
-7638
-7566
-7486
-7399
-7304
-7202
-7093
-6979
-6860
-6736
-6608
-6477
-6343
-6208
-6071
-5934
-5797
-5661
-5527
-5395
-5266
-5141
-5019
-4903
-4792
-4686
-4587
-4495
-4410
-4332
-4262
-4200
-4146
-4100
-4063
-4034
-4014
-4001
-3997
-4000
-4012
-4030
-4055
-4087
-4126
-4169
-4218
-4272
-4329
-4390
-4453
-4519
-4586
-4654
-4722
-4789
-4856
-4920
-4982
-5040
-5095
-5145
-5190
-5230
-5263
-5291
-5311
-5324
-5329
-5327
-5316
-5297
-5270
-5234
-5190
-5137
-5076
-5006
-4928
-4843
-4749
-4649
-4541
-4427
-4307
-4181
-4051
-3916
-3776
-3634
-3489
-3342
-3193
-3044
-2895
-2746
-2599
-2454
-2311
-2171
-2035
-1904
-1778
-1657
-1542
-1434
-1333
-1239
-1153
-1075
-1006
-944
-892
-849
-814
-789
-772
-765
-766
-776
-794
-821
-855
-896
-945
-1000
-1061
-1128
-1199
-1275
-1355
-1437
-1522
-1608
-1695
-1782
-1869
-1953
-2035
-2114
-2189
-2259
-2323
-2380
-2430
-2472
-2505
-2528
-2540
-2541
-2531
-2508
-2471
-2421
-2356
-2277
-2183
-2072
-1946
-1803
-1644
-1468
-1276
-1066
-840
-596
-337
-60
231
540
864
1202
1555
1922
2302
2694
3098
3512
3937
4369
4809
5256
5708
6165
6624
7084
7545
8004
8462
8915
9362
9803
10236
10658
11070
11469
11854
12223
12576
12910
13225
13519
13791
14041
14266
14466
14640
14788
14908
14999
15062
15096
15100
15074
15018
14932
14816
14670
14495
14291
14059
13798
13511
13197
12858
12495
12110
11702
11274
10828
10364
9884
9391
8885
8369
7844
7313
6777
6238
5698
5159
4623
4091
3567
3051
2545
2051
1572
1107
660
231
-178
-566
-932
-1275
-1594
-1888
-2156
-2398
-2614
-2803
-2965
-3100
-3207
-3289
-3344
-3373
-3377
-3357
-3314
-3247
-3160
-3052
-2926
-2781
-2621
-2446
-2258
-2058
-1849
-1631
-1407
-1178
-947
-713
-480
-250
-22
199
415
623
821
1009
1185
1348
1497
1631
1750
1853
1939
2008
2059
2093
2108
2107
2088
2051
1998
1928
1843
1743
1628
1501
1361
1209
1047
877
698
512
322
126
-71
-270
-470
-670
-867
-1061
-1250
-1434
-1612
-1782
-1944
-2097
-2241
-2373
-2495
-2606
-2705
-2792
-2867
-2930
-2981
-3020
-3049
-3066
-3072
-3069
-3056
-3035
-3006
-2970
-2928
-2881
-2831
-2778
-2723
-2667
-2613
-2560
-2510
-2464
-2423
-2389
-2362
-2343
-2333
-2334
-2345
-2368
-2403
-2451
-2513
-2588
-2677
-2780
-2897
-3028
-3173
-3332
-3504
-3689
-3887
-4096
-4316
-4546
-4786
-5034
-5288
-5549
-5815
-6084
-6356
-6629
-6901
-7172
-7440
-7704
-7962
-8213
-8456
-8689
-8912
-9123
-9321
-9505
-9675
-9828
-9965
-10085
-10188
-10272
-10337
-10383
-10410
-10418
-10407
-10376
-10327
-10259
-10173
-10070
-9949
-9813
-9661
-9494
-9314
-9121
-8916
-8701
-8477
-8245
-8006
-7761
-7512
-7259
-7005
-6750
-6496
-6244
-5994
-5749
-5509
-5274
-5047
-4828
-4618
-4417
-4227
-4047
-3878
-3721
-3576
-3444
-3323
-3216
-3120
-3037
-2966
-2906
-2858
-2822
-2795
-2779
-2772
-2774
-2783
-2800
-2824
-2853
-2887
-2925
-2966
-3009
-3054
-3100
-3145
-3189
-3231
-3271
-3308
-3341
-3369
-3392
-3410
-3422
-3427
-3426
-3418
-3402
-3380
-3350
-3313
-3269
-3218
-3159
-3094
-3023
-2946
-2863
-2774
-2681
-2583
-2482
-2377
-2270
-2160
-2049
-1936
-1823
-1710
-1597
-1486
-1376
-1267
-1161
-1058
-958
-861
-768
-678
-592
-510
-432
-357
-287
-220
-156
-96
-38
16
69
121
171
221
271
322
374
428
484
544
608
676
750
829
915
1008
1110
1219
1337
1465
1602
1749
1907
2076
2255
2446
2647
2860
3084
3319
3564
3820
4085
4361
4645
4938
5239
5547
5861
6181
6505
6834
7165
7497
7831
8164
8495
8824
9149
9469
9782
10089
10386
10674
10952
11217
11469
11707
11930
12137
12327
12499
12652
12786
12899
12992
13064
13114
13142
13147
13130
13090
13027
12941
12833
12701
12548
12373
12175
11957
11719
11460
11183
10887
10574
10244
9898
9538
9164
8778
8380
7972
7556
7131
6701
6265
5825
5383
4940
4496
4054
3615
3179
2748
2324
1908
1500
1101
714
338
-24
-373
-707
-1026
-1329
-1615
-1883
-2133
-2365
-2577
-2770
-2944
-3098
-3231
-3345
-3438
-3512
-3565
-3599
-3614
-3609
-3586
-3545
-3486
-3411
-3319
-3211
-3089
-2952
-2803
-2641
-2468
-2285
-2093
-1892
-1685
-1472
-1253
-1031
-807
-581
-355
-130
92
313
528
739
943
1140
1329
1508
1677
1835
1981
2115
2235
2342
2434
2511
2573
2619
2649
2662
2660
2641
2605
2553
2485
2401
2300
2185
2055
1910
1751
1579
1394
1197
989
770
542
306
62
-188
-445
-707
-972
-1240
-1510
-1781
-2051
-2321
-2588
-2852
-3111
-3366
-3616
-3858
-4094
-4321
-4540
-4749
-4948
-5138
-5316
-5484
-5640
-5784
-5917
-6038
-6147
-6244
-6329
-6403
-6466
-6517
-6558
-6589
-6609
-6620
-6622
-6616
-6602
-6581
-6553
-6520
-6481
-6438
-6390
-6340
-6286
-6231
-6175
-6118
-6060
-6003
-5948
-5893
-5840
-5790
-5742
-5697
-5655
-5617
-5582
-5551
-5523
-5499
-5478
-5461
-5448
-5437
-5429
-5424
-5422
-5421
-5422
-5424
-5426
-5429
-5432
-5434
-5435
-5435
-5432
-5427
-5419
-5408
-5393
-5374
-5350
-5322
-5289
-5251
-5207
-5159
-5104
-5044
-4979
-4909
-4833
-4752
-4667
-4578
-4484
-4387
-4287
-4185
-4080
-3974
-3868
-3761
-3655
-3550
-3447
-3347
-3251
-3158
-3071
-2989
-2913
-2844
-2783
-2730
-2685
-2650
-2624
-2608
-2602
-2607
-2622
-2648
-2686
-2734
-2792
-2861
-2941
-3030
-3128
-3236
-3352
-3476
-3607
-3744
-3886
-4033
-4184
-4337
-4492
-4648
-4802
-4956
-5106
-5253
-5395
-5531
-5659
-5780
-5891
-5992
-6082
-6160
-6225
-6276
-6313
-6335
-6342
-6333
-6307
-6265
-6206
-6130
-6038
-5929
-5803
-5661
-5503
-5330
-5142
-4940
-4724
-4496
-4256
-4006
-3746
-3477
-3200
-2918
-2630
-2338
-2043
-1747
-1451
-1155
-862
-571
-286
-5
267
533
791
1039
1278
1505
1721
1925
2117
2296
2462
2615
2755
2882
2997
3098
3188
3266
3333
3389
3436
3474
3504
3526
3543
3555
3562
3567
3570
3573
3577
3582
3590
3603
3621
3645
3676
3716
3765
3824
3894
3976
4069
4175
4294
4426
4571
4729
4901
5086
5284
5494
5716
5949
6192
6445
6706
6976
7251
7531
7816
8103
8390
8677
8963
9244
9520
9789
10050
10301
10540
10765
10976
11171
11347
11505
11642
11757
11850
11919
11963
11982
11975
11941
11880
11792
11676
11532
11361
11164
10939
10688
10412
10111
9787
9440
9071
8683
8276
7851
7412
6958
6492
6016
5532
5041
4546
4049
3551
3055
2562
2075
1595
1125
666
220
-210
-624
-1021
-1398
-1754
-2087
-2398
-2684
-2945
-3180
-3389
-3570
-3724
-3849
-3948
-4018
-4061
-4076
-4065
-4027
-3964
-3876
-3765
-3630
-3474
-3298
-3102
-2889
-2659
-2415
-2157
-1888
-1609
-1322
-1028
-730
-428
-125
177
478
775
1068
1354
1632
1901
2159
2406
2639
2859
3063
3251
3423
3577
3714
3831
3931
4011
4071
4113
4135
4137
4121
4086
4033
3962
3874
3768
3647
3511
3360
3195
3018
2829
2629
2419
2201
1975
1741
1503
1259
1012
762
511
259
7
-242
-491
-736
-978
-1215
-1447
-1674
-1894
-2107
-2313
-2511
-2700
-2882
-3054
-3218
-3373
-3518
-3655
-3782
-3901
-4011
-4112
-4204
-4289
-4366
-4435
-4497
-4552
-4601
-4645
-4683
-4716
-4745
-4770
-4792
-4811
-4827
-4842
-4856
-4869
-4882
-4896
-4910
-4925
-4941
-4960
-4981
-5005
-5031
-5061
-5095
-5132
-5173
-5218
-5267
-5320
-5377
-5439
-5505
-5574
-5648
-5726
-5807
-5892
-5980
-6070
-6164
-6259
-6357
-6456
-6556
-6657
-6758
-6859
-6959
-7058
-7155
-7251
-7343
-7433
-7519
-7601
-7679
-7751
-7818
-7879
-7934
-7982
-8023
-8056
-8081
-8099
-8108
-8108
-8099
-8081
-8054
-8018
-7973
-7918
-7853
-7780
-7697
-7605
-7505
-7395
-7278
-7152
-7019
-6878
-6731
-6577
-6417
-6251
-6081
-5907
-5729
-5548
-5364
-5179
-4992
-4806
-4619
-4434
-4250
-4069
-3890
-3716
-3545
-3380
-3220
-3067
-2920
-2780
-2648
-2525
-2409
-2303
-2206
-2118
-2040
-1972
-1914
-1866
-1827
-1799
-1781
-1772
-1772
-1782
-1800
-1827
-1862
-1904
-1953
-2009
-2071
-2137
-2208
-2283
-2361
-2442
-2524
-2606
-2689
-2771
-2852
-2930
-3005
-3076
-3142
-3203
-3258
-3307
-3348
-3382
-3407
-3423
-3430
-3427
-3414
-3390
-3356
-3312
-3256
-3189
-3112
-3023
-2923
-2813
-2692
-2561
-2420
-2270
-2110
-1941
-1764
-1580
-1388
-1189
-984
-774
-559
-339
-116
109
338
569
801
1033
1266
1498
1730
1959
2188
2413
2637
2857
3074
3288
3498
3704
3907
4105
4299
4489
4676
4858
5037
5212
5384
5553
5718
5881
6042
6200
6356
6511
6665
6817
6969
7120
7270
7421
7571
7722
7872
8023
8175
8326
8478
8630
8781
8932
9083
9232
9380
9527
9670
9811
9949
10082
10210
10333
10450
10560
10662
10755
10839
10912
10974
11025
11062
11087
11096
11091
11070
11032
10978
10905
10815
10706
10579
10432
10266
10080
9875
9651
9407
9144
8863
8564
8247
7913
7564
7198
6819
6426
6021
5605
5179
4745
4304
3857
3407
2954
2500
2046
1595
1148
707
273
-151
-566
-969
-1358
-1733
-2091
-2431
-2752
-3054
-3334
-3592
-3827
-4039
-4226
-4389
-4526
-4638
-4724
-4785
-4820
-4830
-4815
-4776
-4713
-4628
-4520
-4390
-4241
-4073
-3887
-3685
-3468
-3238
-2996
-2743
-2482
-2214
-1941
-1664
-1386
-1107
-830
-556
-287
-24
230
476
711
934
1144
1340
1520
1684
1832
1961
2073
2165
2239
2293
2329
2345
2342
2320
2279
2221
2145
2053
1945
1822
1684
1534
1372
1199
1016
826
628
424
216
5
-208
-421
-634
-846
-1054
-1258
-1456
-1648
-1833
-2010
-2177
-2335
-2482
-2619
-2744
-2858
-2960
-3049
-3127
-3193
-3246
-3288
-3319
-3339
-3348
-3348
-3338
-3320
-3295
-3262
-3224
-3181
-3134
-3084
-3032
-2979
-2927
-2875
-2826
-2779
-2737
-2700
-2668
-2644
-2626
-2617
-2617
-2626
-2645
-2674
-2713
-2764
-2825
-2897
-2980
-3074
-3178
-3292
-3417
-3550
-3692
-3843
-4001
-4165
-4335
-4510
-4689
-4871
-5055
-5239
-5423
-5606
-5787
-5963
-6135
-6302
-6461
-6613
-6756
-6888
-7011
-7121
-7220
-7305
-7377
-7434
-7477
-7505
-7517
-7514
-7495
-7461
-7410
-7344
-7263
-7167
-7057
-6933
-6795
-6645
-6482
-6309
-6125
-5932
-5731
-5523
-5309
-5089
-4866
-4640
-4413
-4186
-3959
-3735
-3514
-3297
-3086
-2882
-2685
-2498
-2320
-2152
-1996
-1852
-1721
-1603
-1499
-1409
-1335
-1275
-1230
-1201
-1187
-1188
-1204
-1235
-1281
-1340
-1413
-1499
-1597
-1706
-1826
-1957
-2096
-2243
-2398
-2558
-2724
-2894
-3066
-3240
-3415
-3590
-3763
-3933
-4100
-4261
-4417
-4566
-4708
-4840
-4963
-5076
-5178
-5267
-5345
-5409
-5460
-5497
-5519
-5527
-5520
-5498
-5460
-5408
-5341
-5258
-5162
-5050
-4925
-4786
-4633
-4468
-4291
-4102
-3902
-3693
-3473
-3245
-3010
-2767
-2518
-2264
-2005
-1743
-1479
-1212
-945
-678
-412
-148
113
371
625
874
1118
1355
1585
1807
2022
2227
2424
2611
2788
2956
3112
3259
3394
3519
3633
3736
3828
3910
3981
4042
4094
4135
4168
4191
4206
4213
4213
4206
4192
4173
4148
4120
4087
4051
4012
3972
3931
3888
3846
3805
3765
3728
3692
3661
3632
3608
3589
3575
3566
3564
3567
3578
3595
3619
3650
3689
3735
3788
3848
3915
3989
4070
4157
4251
4350
4454
4564
4677
4795
4915
5038
5164
5290
5417
5544
5670
5794
5916
6035
6149
6259
6364
6462
6553
6637
6712
6778
6834
6881
6916
6940
6953
6953
6941
6916
6878
6827
6763
6685
6595
6491
6374
6245
6103
5949
5784
5608
5421
5224
5018
4804
4582
4353
4119
3879
3635
3388
3140
2889
2639
2390
2143
1899
1659
1423
1194
972
758
552
356
170
-4
-167
-318
-456
-581
-692
-789
-872
-940
-995
-1034
-1060
-1071
-1068
-1052
-1022
-980
-925
-859
-782
-695
-599
-494
-381
-262
-137
-8
124
260
397
535
672
808
941
1071
1195
1315
1428
1534
1631
1720
1800
1869
1928
1976
2013
2037
2050
2050
2039
2015
1979
1931
1871
1800
1718
1625
1523
1411
1290
1162
1026
884
736
584
427
268
107
-55
-217
-379
-539
-696
-850
-1000
-1145
-1284
-1417
-1543
-1661
-1771
-1873
-1966
-2050
-2125
-2190
-2246
-2292
-2329
-2358
-2377
-2388
-2391
-2386
-2374
-2356
-2332
-2303
-2270
-2234
-2195
-2154
-2112
-2071
-2030
-1992
-1956
-1923
-1896
-1873
-1857
-1848
-1847
-1854
-1870
-1895
-1931
-1977
-2034
-2102
-2181
-2271
-2373
-2486
-2611
-2746
-2892
-3048
-3214
-3389
-3573
-3765
-3964
-4169
-4380
-4595
-4814
-5036
-5259
-5483
-5707
-5928
-6148
-6364
-6575
-6780
-6979
-7170
-7352
-7525
-7688
-7840
-7980
-8108
-8224
-8326
-8414
-8488
-8548
-8594
-8626
-8643
-8646
-8635
-8611
-8573
-8522
-8459
-8385
-8300
-8204
-8099
-7985
-7864
-7736
-7602
-7463
-7321
-7176
-7029
-6881
-6733
-6587
-6442
-6301
-6164
-6031
-5904
-5783
-5668
-5562
-5463
-5372
-5290
-5217
-5154
-5099
-5054
-5017
-4990
-4972
-4961
-4959
-4965
-4977
-4996
-5020
-5049
-5082
-5119
-5158
-5198
-5239
-5279
-5318
-5354
-5386
-5415
-5438
-5454
-5463
-5465
-5457
-5440
-5412
-5373
-5323
-5261
-5186
-5099
-4998
-4884
-4757
-4617
-4464
-4298
-4119
-3928
-3725
-3511
-3287
-3053
-2809
-2558
-2299
-2035
-1764
-1490
-1213
-934
-654
-375
-97
177
448
714
973
1225
1469
1703
1927
2140
2340
2528
2702
2862
3007
3137
3252
3351
3435
3502
3555
3591
3613
3620
3612
3591
3557
3510
3452
3383
3304
3217
3123
3022
2915
2805
2692
2578
2464
2351
2240
2133
2032
1936
1848
1768
1699
1640
1592
1558
1537
1530
1538
1562
1602
1658
1731
1821
1928
2051
2192
2349
2523
2712
2916
3136
3369
3615
3873
4143
4423
4712
5009
5312
5621
5933
6249
6565
6882
7197
7508
7815
8117
8411
8696
8971
9235
9487
9724
9947
10153
10343
10514
10667
10800
10912
11004
11074
11122
11148
11151
11132
11090
11026
10939
10830
10699
10547
10373
10180
9967
9735
9485
9217
8934
8635
8323
7997
7659
7311
6954
6588
6215
5837
5454
5068
4680
4292
3905
3519
3137
2759
2386
2020
1662
1312
972
642
323
17
-276
-556
-822
-1073
-1309
-1530
-1735
-1925
-2097
-2254
-2394
-2518
-2626
-2717
-2793
-2853
-2897
-2927
-2942
-2943
-2931
-2905
-2868
-2818
-2758
-2687
-2607
-2518
-2421
-2316
-2205
-2089
-1967
-1842
-1713
-1582
-1449
-1315
-1182
-1049
-917
-787
-660
-537
-417
-302
-193
-88
9
100
185
262
332
394
447
493
530
559
579
591
594
589
576
555
526
489
445
393
335
271
200
124
43
-43
-133
-227
-325
-426
-529
-634
-741
-848
-957
-1065
-1173
-1281
-1387
-1492
-1595
-1696
-1794
-1890
-1983
-2073
-2159
-2242
-2322
-2398
-2470
-2539
-2604
-2666
-2724
-2779
-2831
-2880
-2927
-2971
-3013
-3054
-3093
-3130
-3168
-3204
-3241
-3278
-3316
-3355
-3396
-3438
-3483
-3530
-3580
-3634
-3690
-3751
-3816
-3884
-3957
-4035
-4117
-4203
-4294
-4390
-4489
-4594
-4702
-4814
-4930
-5049
-5172
-5296
-5423
-5552
-5682
-5813
-5944
-6075
-6205
-6333
-6459
-6582
-6702
-6818
-6929
-7035
-7134
-7227
-7313
-7392
-7462
-7523
-7575
-7617
-7650
-7672
-7683
-7684
-7673
-7652
-7619
-7575
-7520
-7454
-7377
-7290
-7192
-7084
-6967
-6841
-6706
-6564
-6414
-6257
-6095
-5927
-5755
-5579
-5401
-5220
-5039
-4857
-4676
-4496
-4319
-4145
-3975
-3809
-3649
-3495
-3349
-3209
-3078
-2955
-2841
-2736
-2641
-2557
-2482
-2418
-2363
-2320
-2286
-2263
-2249
-2245
-2250
-2263
-2285
-2314
-2350
-2393
-2441
-2493
-2550
-2610
-2672
-2736
-2800
-2864
-2926
-2986
-3044
-3097
-3145
-3188
-3224
-3254
-3275
-3288
-3293
-3287
-3272
-3246
-3210
-3162
-3104
-3034
-2953
-2862
-2759
-2645
-2522
-2388
-2244
-2092
-1931
-1763
-1587
-1405
-1217
-1025
-829
-630
-429
-228
-26
174
373
569
762
950
1132
1308
1477
1638
1791
1935
2069
2192
2306
2409
2500
2581
2651
2709
2756
2793
2819
2835
2841
2839
2827
2808
2782
2750
2712
2670
2625
2577
2528
2478
2429
2382
2338
2298
2263
2235
2213
2199
2194
2200
2215
2242
2281
2333
2398
2476
2568
2674
2794
2928
3075
3237
3412
3600
3800
4012
4235
4468
4711
4962
5220
5484
5752
6025
6299
6574
6849
7121
7390
7653
7910
8159
8398
8626
8842
9043
9230
9400
9552
9686
9800
9893
9964
10013
10039
10042
10020
9975
9905
9811
9692
9549
9383
9193
8980
8745
8489
8213
7917
7603
7272
6925
6564
6190
5805
5410
5007
4597
4183
3765
3346
2927
2510
2098
1690
1289
898
516
146
-210
-553
-880
-1191
-1484
-1757
-2012
-2246
-2458
-2650
-2819
-2966
-3091
-3193
-3273
-3331
-3366
-3380
-3373
-3346
-3298
-3232
-3147
-3045
-2927
-2793
-2646
-2486
-2314
-2132
-1940
-1741
-1536
-1325
-1111
-894
-676
-459
-242
-28
181
386
585
777
961
1137
1303
1459
1604
1738
1859
1969
2065
2149
2220
2277
2321
2353
2371
2376
2370
2351
2320
2278
2225
2162
2089
2008
1918
1820
1715
1604
1488
1366
1241
1112
980
846
711
575
439
303
169
36
-94
-223
-349
-471
-591
-706
-818
-925
-1028
-1127
-1222
-1312
-1398
-1480
-1557
-1631
-1701
-1768
-1831
-1892
-1950
-2005
-2058
-2110
-2161
-2210
-2259
-2307
-2356
-2405
-2454
-2505
-2557
-2610
-2666
-2723
-2783
-2846
-2911
-2978
-3049
-3123
-3200
-3280
-3363
-3449
-3538
-3630
-3725
-3822
-3922
-4024
-4128
-4234
-4342
-4451
-4561
-4671
-4782
-4894
-5004
-5115
-5224
-5332
-5439
-5544
-5646
-5746
-5843
-5937
-6028
-6115
-6197
-6276
-6350
-6419
-6484
-6543
-6597
-6646
-6689
-6727
-6759
-6786
-6806
-6821
-6830
-6834
-6831
-6824
-6810
-6791
-6767
-6738
-6704
-6665
-6621
-6573
-6520
-6464
-6404
-6340
-6273
-6203
-6130
-6054
-5976
-5896
-5815
-5732
-5647
-5562
-5476
-5389
-5302
-5216
-5129
-5043
-4958
-4874
-4791
-4709
-4629
-4550
-4474
-4399
-4327
-4256
-4188
-4123
-4060
-4000
-3942
-3887
-3834
-3784
-3737
-3692
-3650
-3610
-3573
-3538
-3504
-3473
-3444
-3417
-3391
-3366
-3343
-3320
-3298
-3277
-3256
-3235
-3214
-3192
-3170
-3147
-3122
-3096
-3069
-3039
-3008
-2974
-2937
-2898
-2855
-2810
-2761
-2708
-2652
-2593
-2529
-2461
-2389
-2314
-2234
-2150
-2062
-1969
-1873
-1773
-1669
-1561
-1450
-1335
-1216
-1095
-971
-843
-714
-582
-448
-312
-174
-35
104
244
386
527
669
811
952
1093
1233
1373
1511
1648
1783
1917
2050
2181
2311
2438
2565
2689
2812
2934
3054
3173
3291
3408
3525
3640
3756
3871
3986
4102
4218
4335
4452
4571
4692
4814
4938
5063
5191
5321
5454
5589
5726
5866
6008
6152
6299
6448
6599
6752
6906
7061
7216
7373
7528
7684
7838
7990
8140
8287
8430
8569
8703
8831
8952
9065
9171
9267
9354
9429
9494
9546
9585
9611
9622
9618
9599
9564
9512
9443
9357
9253
9131
8991
8833
8657
8462
8250
8021
7774
7511
7231
6936
6626
6303
5966
5616
5256
4886
4507
4120
3728
3330
2930
2527
2124
1722
1322
927
538
156
-217
-580
-931
-1269
-1592
-1899
-2189
-2460
-2711
-2942
-3152
-3338
-3502
-3641
-3757
-3847
-3912
-3951
-3966
-3955
-3918
-3857
-3772
-3662
-3530
-3375
-3199
-3002
-2786
-2552
-2301
-2035
-1756
-1463
-1161
-849
-530
-205
122
453
783
1112
1437
1758
2071
2376
2671
2954
3223
3478
3717
3939
4142
4326
4489
4631
4751
4849
4923
4974
5002
5006
4986
4943
4877
4788
4677
4545
4391
4218
4026
3815
3588
3346
3089
2819
2538
2246
1946
1638
1325
1008
688
368
47
-271
-586
-897
-1202
-1499
-1788
-2068
-2337
-2595
-2840
-3072
-3290
-3493
-3682
-3855
-4013
-4155
-4281
-4392
-4487
-4566
-4631
-4681
-4716
-4739
-4748
-4745
-4731
-4706
-4672
-4629
-4579
-4522
-4459
-4392
-4321
-4248
-4174
-4099
-4024
-3952
-3882
-3815
-3753
-3695
-3644
-3599
-3561
-3531
-3509
-3495
-3491
-3495
-3508
-3531
-3563
-3604
-3654
-3712
-3780
-3855
-3938
-4028
-4125
-4227
-4335
-4448
-4564
-4684
-4806
-4930
-5054
-5178
-5302
-5423
-5543
-5659
-5771
-5878
-5980
-6075
-6164
-6246
-6320
-6386
-6443
-6491
-6530
-6559
-6579
-6589
-6589
-6579
-6560
-6532
-6494
-6447
-6392
-6328
-6257
-6178
-6093
-6002
-5904
-5802
-5696
-5586
-5473
-5358
-5241
-5123
-5006
-4888
-4772
-4658
-4546
-4438
-4333
-4232
-4137
-4046
-3961
-3881
-3809
-3742
-3683
-3630
-3584
-3546
-3514
-3490
-3472
-3462
-3457
-3460
-3468
-3482
-3501
-3526
-3554
-3587
-3623
-3662
-3704
-3747
-3792
-3837
-3883
-3928
-3971
-4013
-4053
-4090
-4123
-4152
-4177
-4197
-4212
-4220
-4223
-4218
-4207
-4189
-4163
-4129
-4087
-4037
-3979
-3913
-3838
-3755
-3664
-3564
-3457
-3341
-3217
-3086
-2948
-2802
-2649
-2490
-2324
-2152
-1974
-1791
-1603
-1411
-1214
-1012
-808
-600
-389
-175
40
258
477
698
919
1142
1365
1588
1811
2033
2255
2476
2697
2916
3134
3350
3565
3777
3988
4197
4403
4608
4809
5009
5205
5399
5590
5777
5962
6143
6321
6496
6667
6834
6997
7157
7312
7463
7609
7750
7887
8019
8145
8266
8381
8490
8594
8691
8781
8865
8942
9012
9074
9129
9177
9216
9247
9270
9284
9290
9287
9275
9255
9225
9186
9138
9080
9014
8938
8853
8759
8656
8543
8422
8293
8154
8008
7853
7691
7521
7343
7159
6968
6771
6568
6359
6146
5928
5705
5479
5250
5019
4785
4549
4313
4076
3839
3603
3368
3135
2904
2677
2452
2232
2016
1806
1601
1403
1211
1027
850
682
523
372
231
100
-19
-129
-229
-317
-393
-458
-511
-553
-582
-599
-604
-597
-578
-548
-505
-451
-386
-309
-222
-125
-18
98
224
358
500
649
805
967
1134
1305
1481
1659
1839
2021
2202
2384
2563
2741
2915
3085
3250
3409
3561
3706
3842
3968
4084
4189
4282
4362
4430
4483
4522
4546
4555
4548
4524
4484
4427
4354
4263
4155
4031
3890
3732
3558
3368
3162
2942
2707
2458
2197
1923
1638
1342
1037
723
403
75
-256
-592
-931
-1272
-1612
-1952
-2289
-2623
-2953
-3276
-3592
-3899
-4197
-4485
-4760
-5023
-5273
-5507
-5727
-5930
-6117
-6286
-6438
-6571
-6685
-6781
-6858
-6916
-6955
-6975
-6977
-6961
-6927
-6876
-6808
-6725
-6626
-6513
-6387
-6249
-6100
-5940
-5772
-5596
-5413
-5226
-5035
-4841
-4646
-4451
-4257
-4067
-3880
-3699
-3524
-3357
-3199
-3050
-2913
-2787
-2674
-2574
-2489
-2418
-2362
-2322
-2298
-2290
-2298
-2322
-2363
-2420
-2492
-2580
-2682
-2799
-2929
-3072
-3228
-3394
-3571
-3757
-3951
-4152
-4359
-4571
-4786
-5003
-5222
-5440
-5656
-5870
-6079
-6284
-6482
-6672
-6854
-7026
-7188
-7338
-7475
-7600
-7710
-7807
-7888
-7954
-8004
-8038
-8056
-8058
-8044
-8013
-7967
-7905
-7828
-7736
-7630
-7510
-7377
-7232
-7076
-6909
-6732
-6546
-6353
-6152
-5946
-5735
-5520
-5302
-5083
-4863
-4643
-4424
-4207
-3994
-3784
-3579
-3379
-3185
-2998
-2819
-2647
-2483
-2327
-2181
-2043
-1915
-1796
-1685
-1584
-1492
-1409
-1333
-1266
-1206
-1154
-1107
-1067
-1032
-1002
-976
-953
-933
-914
-896
-879
-861
-842
-821
-796
-769
-737
-701
-659
-611
-557
-495
-426
-350
-265
-172
-70
39
159
287
424
569
724
886
1057
1236
1422
1615
1814
2020
2231
2448
2669
2893
3121
3352
3585
3819
4053
4288
4522
4755
4986
5215
5440
5662
5880
6094
6302
6505
6702
6893
7078
7255
7426
7589
7745
7894
8035
8169
8294
8413
8523
8627
8723
8811
8893
8968
9036
9098
9153
9202
9245
9283
9315
9341
9363
9380
9392
9399
9402
9400
9394
9384
9370
9351
9329
9302
9271
9235
9195
9150
9101
9047
8987
8923
8853
8777
8696
8608
8515
8414
8307
8193
8072
7944
7808
7665
7514
7356
7190
7016
6834
6645
6448
6244
6032
5814
5589
5358
5121
4879
4631
4379
4123
3864
3602
3338
3072
2806
2540
2275
2012
1751
1493
1240
992
749
513
285
65
-144
-345
-536
-715
-882
-1037
-1178
-1306
-1420
-1519
-1604
-1673
-1728
-1766
-1790
-1798
-1790
-1768
-1730
-1677
-1610
-1530
-1435
-1328
-1209
-1078
-936
-784
-623
-454
-278
-95
92
284
479
676
875
1073
1270
1464
1655
1842
2022
2197
2363
2521
2669
2806
2933
3047
3148
3236
3310
3369
3412
3441
3453
3449
3429
3393
3340
3270
3184
3083
2965
2832
2684
2521
2345
2155
1952
1737
1511
1274
1028
773
511
242
-32
-312
-596
-882
-1169
-1458
-1746
-2032
-2316
-2596
-2871
-3141
-3405
-3661
-3909
-4148
-4377
-4595
-4803
-4998
-5181
-5351
-5507
-5650
-5779
-5893
-5993
-6078
-6148
-6203
-6243
-6269
-6281
-6278
-6261
-6231
-6187
-6131
-6063
-5983
-5892
-5791
-5681
-5561
-5434
-5299
-5158
-5011
-4860
-4705
-4546
-4386
-4225
-4064
-3903
-3744
-3588
-3435
-3286
-3142
-3005
-2873
-2750
-2634
-2527
-2429
-2342
-2264
-2198
-2143
-2099
-2067
-2048
-2041
-2046
-2064
-2094
-2136
-2191
-2258
-2336
-2426
-2527
-2638
-2760
-2891
-3030
-3178
-3333
-3495
-3662
-3835
-4011
-4191
-4373
-4556
-4739
-4922
-5103
-5281
-5455
-5624
-5787
-5944
-6093
-6233
-6363
-6483
-6592
-6688
-6772
-6842
-6897
-6938
-6964
-6974
-6968
-6946
-6907
-6851
-6779
-6689
-6583
-6461
-6322
-6167
-5997
-5812
-5612
-5399
-5172
-4933
-4683
-4422
-4151
-3872
-3585
-3292
-2993
-2691
-2385
-2077
-1769
-1461
-1155
-852
-554
-261
25
304
574
835
1084
1322
1548
1760
1959
2142
2311
2463
2600
2720
2824
2911
2982
3036
3073
3094
3100
3090
3066
3027
2975
2910
2834
2746
2649
2544
2430
2311
2186
2057
1925
1792
1660
1528
1399
1274
1155
1041
936
840
754
679
616
567
532
513
509
522
551
599
665
749
851
972
1112
1271
1448
1643
1855
2085
2331
2593
2870
3161
3466
3782
4110
4447
4794
5147
5507
5871
6238
6608
6977
7346
7712
8074
8431
8781
9123
9455
9776
10085
10381
10662
10928
11176
11408
11620
11813
11986
12138
12269
12379
12466
12531
12573
12592
12589
12564
12516
12445
12353
12240
12106
11951
11777
11584
11373
11145
10900
10640
10365
10077
9777
9465
9143
8811
8472
8125
7773
7416
7056
6693
6328
5963
5599
5236
4876
4520
4168
3821
3480
3147
2820
2503
2193
1894
1604
1325
1057
801
556
323
102
-105
-300
-482
-652
-808
-952
-1082
-1199
-1303
-1394
-1472
-1537
-1590
-1630
-1658
-1674
-1679
-1671
-1652
-1623
-1582
-1531
-1470
-1399
-1318
-1229
-1130
-1023
-909
-786
-657
-520
-378
-229
-75
82
245
412
582
754
929
1105
1282
1459
1635
1811
1985
2156
2324
2489
2649
2803
2952
3094
3228
3355
3472
3581
3679
3766
3842
3906
3957
3995
4020
4031
4027
4008
3974
3925
3860
3779
3683
3570
3442
3298
3138
2962
2772
2567
2348
2114
1868
1609
1338
1056
763
461
151
-166
-490
-820
-1154
-1491
-1830
-2170
-2510
-2848
-3183
-3514
-3840
-4159
-4470
-4773
-5066
-5347
-5617
-5873
-6115
-6343
-6554
-6749
-6927
-7087
-7229
-7352
-7456
-7541
-7606
-7651
-7677
-7684
-7671
-7640
-7589
-7521
-7435
-7333
-7214
-7080
-6932
-6770
-6595
-6409
-6213
-6008
-5795
-5575
-5350
-5120
-4888
-4654
-4420
-4187
-3957
-3730
-3508
-3292
-3083
-2882
-2691
-2510
-2340
-2183
-2038
-1906
-1789
-1687
-1600
-1528
-1472
-1432
-1408
-1400
-1408
-1432
-1471
-1525
-1594
-1676
-1772
-1881
-2002
-2134
-2276
-2428
-2588
-2755
-2928
-3107
-3289
-3474
-3661
-3848
-4035
-4219
-4401
-4578
-4751
-4916
-5075
-5225
-5366
-5497
-5616
-5724
-5819
-5902
-5970
-6024
-6063
-6088
-6097
-6090
-6068
-6031
-5978
-5909
-5825
-5726
-5612
-5484
-5342
-5187
-5019
-4839
-4647
-4445
-4234
-4013
-3784
-3548
-3305
-3057
-2804
-2548
-2290
-2029
-1768
-1507
-1247
-988
-733
-481
-234
7
244
474
697
912
1119
1318
1507
1688
1858
2019
2170
2311
2442
2563
2673
2774
2866
2948
3021
3085
3141
3189
3230
3264
3292
3314
3332
3345
3355
3362
3366
3370
3372
3375
3379
3384
3391
3402
3417
3436
3460
3490
3526
3569
3620
3679
3746
3823
3908
4003
4108
4224
4349
4485
4631
4787
4954
5131
5318
5515
5722
5937
6161
6393
6633
6880
7134
7393
7657
7926
8197
8472
8748
9025
9301
9577
9850
10119
10385
10645
10899
11145
11382
11611
11828
12034
12227
12406
12571
12721
12854
12970
13068
13148
13208
13248
13268
13267
13244
13200
13133
13045
12934
12802
12646
12469
12270
12050
11808
11546
11263
10961
10640
10302
9946
9574
9187
8786
8372
7947
7511
7066
6613
6154
5690
5222
4753
4283
3813
3347
2884
2427
1977
1535
1103
683
275
-119
-498
-861
-1206
-1533
-1841
-2128
-2394
-2638
-2859
-3058
-3233
-3384
-3511
-3614
-3692
-3747
-3777
-3783
-3766
-3726
-3664
-3579
-3474
-3349
-3204
-3041
-2861
-2664
-2453
-2228
-1991
-1743
-1485
-1219
-946
-668
-387
-102
182
466
748
1027
1301
1569
1829
2080
2322
2552
2769
2974
3164
3339
3499
3641
3766
3874
3963
4034
4085
4118
4131
4126
4101
4057
3994
3914
3815
3698
3565
3416
3251
3071
2877
2669
2449
2218
1977
1725
1466
1198
925
646
362
75
-213
-504
-795
-1086
-1375
-1661
-1944
-2224
-2498
-2766
-3028
-3284
-3531
-3771
-4001
-4223
-4435
-4637
-4829
-5010
-5181
-5341
-5490
-5628
-5756
-5872
-5977
-6072
-6156
-6229
-6292
-6346
-6389
-6422
-6447
-6462
-6469
-6467
-6458
-6440
-6415
-6384
-6345
-6300
-6249
-6193
-6130
-6063
-5991
-5915
-5834
-5749
-5660
-5568
-5473
-5375
-5274
-5170
-5064
-4956
-4845
-4733
-4620
-4504
-4388
-4271
-4152
-4033
-3913
-3793
-3672
-3552
-3432
-3312
-3192
-3074
-2956
-2840
-2725
-2612
-2500
-2391
-2284
-2180
-2078
-1980
-1885
-1793
-1706
-1622
-1543
-1468
-1398
-1332
-1272
-1217
-1167
-1122
-1083
-1050
-1022
-999
-983
-972
-966
-966
-971
-981
-996
-1015
-1040
-1068
-1100
-1136
-1175
-1217
-1262
-1308
-1356
-1405
-1455
-1505
-1555
-1604
-1652
-1698
-1742
-1783
-1821
-1855
-1885
-1910
-1931
-1946
-1956
-1960
-1957
-1948
-1933
-1910
-1880
-1843
-1799
-1748
-1689
-1623
-1550
-1470
-1383
-1290
-1191
-1085
-974
-857
-736
-610
-480
-346
-209
-70
71
214
358
503
648
793
937
1079
1220
1359
1494
1627
1757
1883
2004
2122
2236
2345
2449
2549
2644
2734
2820
2901
2979
3052
3121
3187
3250
3310
3368
3424
3479
3532
3585
3639
3693
3748
3805
3865
3927
3993
4063
4137
4216
4301
4392
4489
4593
4703
4821
4946
5079
5220
5368
5525
5689
5860
6039
6225
6418
6618
6823
7034
7250
7471
7695
7922
8151
8382
8613
8845
9074
9302
9527
9747
9963
10172
10374
10569
10754
10929
11093
11245
11384
11510
11621
11717
11797
11861
11907
11935
11945
11937
11909
11862
11796
11710
11605
11480
11336
11172
10990
10788
10569
10333
10079
9809
9523
9222
8908
8580
8241
7890
7529
7159
6781
6397
6007
5612
5215
4815
4415
4016
3618
3223
2832
2446
2066
1694
1331
976
633
300
-19
-326
-620
-899
-1163
-1411
-1644
-1860
-2059
-2241
-2405
-2552
-2682
-2793
-2888
-2964
-3024
-3067
-3092
-3102
-3095
-3074
-3037
-2985
-2921
-2842
-2752
-2650
-2536
-2413
-2280
-2139
-1990
-1834
-1672
-1505
-1333
-1158
-981
-802
-622
-442
-263
-85
90
262
430
594
753
906
1053
1192
1325
1449
1564
1671
1768
1856
1934
2002
2059
2106
2142
2168
2182
2186
2179
2161
2132
2093
2043
1984
1914
1835
1747
1649
1543
1429
1306
1177
1041
898
749
595
436
273
106
-63
-235
-410
-586
-763
-940
-1117
-1293
-1467
-1639
-1809
-1976
-2139
-2298
-2452
-2602
-2745
-2883
-3015
-3141
-3259
-3370
-3474
-3570
-3658
-3738
-3810
-3874
-3930
-3978
-4017
-4049
-4072
-4087
-4095
-4095
-4089
-4075
-4054
-4027
-3995
-3956
-3913
-3865
-3812
-3756
-3696
-3634
-3569
-3502
-3434
-3365
-3296
-3227
-3158
-3091
-3025
-2961
-2900
-2841
-2785
-2733
-2685
-2641
-2602
-2567
-2536
-2511
-2491
-2476
-2466
-2461
-2461
-2467
-2477
-2492
-2512
-2536
-2565
-2597
-2632
-2671
-2713
-2757
-2803
-2851
-2900
-2949
-2999
-3048
-3097
-3145
-3191
-3234
-3275
-3313
-3348
-3379
-3405
-3427
-3444
-3456
-3462
-3462
-3456
-3444
-3426
-3402
-3370
-3333
-3289
-3239
-3182
-3119
-3050
-2975
-2895
-2810
-2719
-2624
-2525
-2422
-2315
-2206
-2094
-1980
-1864
-1747
-1629
-1512
-1394
-1277
-1162
-1049
-937
-828
-723
-620
-522
-427
-337
-252
-171
-95
-25
39
98
152
201
244
282
314
342
364
382
396
405
411
414
413
410
404
397
389
379
370
361
352
345
339
336
335
338
344
354
369
389
414
445
482
525
575
632
696
767
845
931
1025
1126
1235
1351
1475
1607
1746
1892
2044
2204
2370
2543
2721
2905
3094
3288
3487
3689
3896
4106
4319
4534
4752
4971
5192
5413
5634
5856
6077
6298
6517
6734
6949
7162
7372
7579
7783
7982
8177
8368
8554
8735
8911
9080
9244
9402
9553
9697
9834
9965
10087
10202
10309
10408
10499
10581
10654
10719
10774
10820
10856
10882
10899
10905
10901
10887
10862
10826
10779
10721
10652
10572
10480
10377
10262
10136
9999
9849
9689
9517
9333
9139
8933
8717
8490
8253
8006
7749
7483
7208
6925
6633
6335
6030
5718
5401
5080
4754
4425
4093
3760
3425
3091
2757
2425
2095
1769
1448
1131
821
518
223
-62
-339
-605
-860
-1102
-1332
-1548
-1750
-1937
-2109
-2266
-2406
-2529
-2636
-2725
-2797
-2852
-2889
-2909
-2911
-2897
-2866
-2818
-2754
-2675
-2580
-2471
-2349
-2213
-2065
-1906
-1736
-1557
-1369
-1174
-972
-765
-554
-340
-124
92
309
524
736
945
1149
1347
1537
1720
1894
2057
2210
2351
2480
2596
2698
2785
2858
2915
2957
2983
2993
2986
2963
2924
2869
2798
2711
2608
2490
2358
2211
2051
1878
1693
1496
1288
1071
844
609
367
119
-135
-393
-655
-920
-1186
-1453
-1719
-1985
-2248
-2508
-2764
-3015
-3261
-3501
-3734
-3959
-4176
-4384
-4582
-4771
-4950
-5117
-5274
-5420
-5554
-5677
-5788
-5887
-5974
-6050
-6114
-6167
-6208
-6238
-6257
-6266
-6264
-6253
-6231
-6201
-6162
-6115
-6060
-5997
-5928
-5852
-5771
-5684
-5592
-5496
-5396
-5292
-5185
-5076
-4965
-4852
-4738
-4623
-4508
-4392
-4277
-4163
-4049
-3937
-3826
-3716
-3609
-3504
-3401
-3301
-3203
-3108
-3016
-2927
-2842
-2759
-2679
-2603
-2530
-2460
-2393
-2330
-2270
-2213
-2159
-2109
-2061
-2017
-1976
-1937
-1902
-1869
-1839
-1812
-1787
-1764
-1745
-1727
-1712
-1698
-1687
-1678
-1670
-1665
-1660
-1658
-1657
-1657
-1658
-1660
-1663
-1667
-1671
-1676
-1682
-1688
-1693
-1699
-1705
-1710
-1715
-1719
-1723
-1726
-1728
-1728
-1728
-1726
-1723
-1718
-1712
-1704
-1694
-1683
-1669
-1654
-1637
-1617
-1596
-1572
-1547
-1519
-1490
-1459
-1425
-1390
-1353
-1315
-1274
-1233
-1189
-1145
-1099
-1053
-1005
-957
-908
-858
-808
-758
-707
-657
-606
-556
-505
-455
-405
-356
-307
-258
-210
-162
-114
-67
-19
27
75
123
171
220
270
320
373
426
482
540
600
663
729
799
872
950
1032
1119
1211
1308
1412
1521
1637
1760
1889
2026
2170
2322
2481
2648
2823
3006
3197
3396
3603
3818
4040
4269
4506
4750
5000
5256
5517
5784
6056
6331
6611
6893
7177
7463
7749
8036
8321
8605
8887
9165
9439
9708
9971
10227
10476
10715
10945
11165
11374
11570
11754
11924
12080
12221
12346
12455
12547
12621
12678
12717
12736
12737
12719
12681
12623
12546
12450
12334
12198
12044
11870
11678
11467
11239
10993
10730
10451
10157
9848
9525
9188
8839
8478
8107
7726
7336
6938
6534
6123
5708
5290
4869
4446
4023
3600
3180
2762
2347
1937
1534
1136
747
366
-5
-366
-717
-1055
-1381
-1693
-1992
-2276
-2545
-2799
-3036
-3257
-3461
-3648
-3818
-3970
-4104
-4221
-4320
-4401
-4464
-4509
-4537
-4547
-4540
-4517
-4476
-4420
-4348
-4261
-4159
-4044
-3914
-3772
-3617
-3451
-3273
-3086
-2890
-2685
-2472
-2252
-2027
-1796
-1562
-1324
-1084
-842
-600
-359
-119
118
352
582
806
1025
1236
1440
1635
1820
1995
2159
2311
2450
2576
2688
2786
2869
2937
2988
3024
3042
3044
3029
2997
2948
2881
2797
2696
2578
2443
2291
2124
1941
1742
1529
1302
1061
808
543
267
-19
-315
-619
-931
-1249
-1572
-1899
-2230
-2562
-2896
-3229
-3560
-3889
-4214
-4535
-4849
-5156
-5455
-5745
-6025
-6293
-6549
-6793
-7022
-7237
-7437
-7621
-7788
-7938
-8071
-8186
-8284
-8362
-8423
-8465
-8488
-8493
-8480
-8449
-8401
-8335
-8253
-8154
-8040
-7912
-7769
-7612
-7443
-7263
-7072
-6871
-6661
-6444
-6220
-5991
-5757
-5519
-5279
-5038
-4797
-4556
-4318
-4082
-3850
-3623
-3402
-3187
-2979
-2780
-2589
-2408
-2236
-2075
-1925
-1787
-1660
-1545
-1442
-1351
-1272
-1205
-1150
-1107
-1076
-1056
-1047
-1049
-1060
-1082
-1112
-1150
-1197
-1250
-1310
-1376
-1447
-1521
-1599
-1680
-1763
-1846
-1930
-2014
-2096
-2177
-2255
-2330
-2400
-2467
-2528
-2584
-2634
-2677
-2714
-2743
-2766
-2780
-2787
-2786
-2776
-2759
-2734
-2701
-2660
-2611
-2555
-2492
-2422
-2346
-2263
-2175
-2081
-1982
-1879
-1772
-1662
-1549
-1434
-1316
-1198
-1078
-958
-839
-720
-603
-487
-374
-263
-155
-51
49
146
239
327
410
488
561
629
692
750
802
850
892
929
961
989
1012
1031
1046
1057
1064
1069
1071
1071
1069
1065
1060
1054
1048
1042
1036
1032
1029
1027
1028
1031
1037
1047
1060
1077
1099
1125
1156
1193
1235
1282
1336
1396
1462
1534
1613
1699
1791
1891
1997
2109
2229
2355
2488
2627
2773
2925
3083
3247
3416
3591
3772
3957
4146
4340
4538
4739
4944
5151
5361
5573
5786
6000
6215
6429
6644
6857
7069
7279
7487
7691
7892
8088
8280
8466
8646
8820
8986
9145
9296
9438
9570
9693
9805
9906
9995
10073
10138
10191
10230
10255
10267
10264
10247
10214
10167
10104
10026
9933
9823
9699
9558
9403
9231
9045
8844
8629
8399
8155
7898
7628
7345
7051
6745
6430
6104
5769
5426
5076
4720
4358
3991
3621
3248
2873
2498
2123
1749
1378
1011
648
291
-59
-402
-737
-1062
-1377
-1681
-1973
-2252
-2517
-2768
-3005
-3226
-3431
-3620
-3792
-3947
-4085
-4205
-4308
-4394
-4461
-4512
-4545
-4561
-4561
-4544
-4511
-4463
-4401
-4324
-4234
-4132
-4017
-3892
-3756
-3611
-3458
-3298
-3132
-2960
-2784
-2605
-2424
-2242
-2060
-1879
-1700
-1524
-1352
-1185
-1023
-869
-721
-582
-453
-332
-223
-124
-36
39
102
153
191
216
228
227
212
185
144
91
25
-52
-142
-244
-357
-480
-613
-755
-907
-1066
-1233
-1406
-1586
-1770
-1959
-2152
-2347
-2545
-2743
-2942
-3141
-3339
-3535
-3728
-3918
-4104
-4286
-4462
-4632
-4796
-4953
-5103
-5245
-5378
-5503
-5619
-5725
-5822
-5910
-5987
-6055
-6112
-6160
-6198
-6225
-6243
-6251
-6249
-6238
-6218
-6188
-6151
-6105
-6050
-5989
-5920
-5844
-5762
-5674
-5580
-5481
-5377
-5270
-5158
-5043
-4926
-4806
-4684
-4561
-4437
-4312
-4187
-4062
-3938
-3816
-3694
-3574
-3457
-3342
-3230
-3120
-3014
-2912
-2813
-2719
-2628
-2542
-2460
-2383
-2311
-2243
-2181
-2123
-2070
-2021
-1978
-1940
-1906
-1877
-1852
-1832
-1816
-1804
-1797
-1793
-1792
-1796
-1802
-1811
-1823
-1837
-1853
-1872
-1891
-1912
-1935
-1957
-1981
-2004
-2027
-2049
-2071
-2091
-2111
-2128
-2143
-2156
-2167
-2175
-2180
-2181
-2179
-2174
-2165
-2151
-2134
-2112
-2086
-2056
-2021
-1982
-1938
-1890
-1837
-1780
-1719
-1654
-1585
-1512
-1435
-1355
-1272
-1186
-1098
-1007
-914
-820
-724
-627
-530
-432
-335
-238
-142
-47
44
135
223
309
391
469
544
614
680
741
797
848
893
933
967
996
1018
1035
1045
1050
1049
1042
1029
1012
989
961
928
891
851
806
758
708
655
601
545
488
431
374
318
263
209
159
111
66
26
-9
-40
-66
-85
-99
-105
-105
-97
-81
-57
-25
14
63
121
187
263
347
440
541
651
769
896
1029
1171
1319
1474
1636
1803
1975
2152
2334
2519
2707
2897
3090
3283
3477
3671
3865
4056
4246
4433
4617
4797
4972
5143
5307
5466
5617
5762
5899
6028
6148
6260
6363
6456
6539
6613
6677
6730
6774
6807
6829
6842
6844
6835
6817
6789
6751
6703
6646
6580
6505
6421
6329
6229
6122
6007
5885
5757
5622
5481
5335
5184
5028
4868
4703
4535
4364
4190
4013
3834
3652
3469
3285
3099
2913
2726
2539
2351
2164
1977
1791
1605
1420
1237
1054
873
694
516
341
167
-3
-172
-339
-503
-664
-822
-977
-1128
-1277
-1421
-1562
-1700
-1833
-1962
-2086
-2206
-2322
-2432
-2538
-2638
-2733
-2823
-2907
-2986
-3058
-3125
-3185
-3240
-3288
-3330
-3365
-3394
-3417
-3433
-3443
-3447
-3444
-3436
-3421
-3400
-3373
-3341
-3303
-3260
-3212
-3159
-3102
-3041
-2976
-2907
-2835
-2761
-2684
-2605
-2525
-2444
-2362
-2279
-2197
-2116
-2035
-1956
-1879
-1804
-1732
-1663
-1597
-1535
-1478
-1425
-1376
-1333
-1295
-1263
-1236
-1215
-1201
-1192
-1190
-1194
-1204
-1220
-1243
-1272
-1307
-1347
-1393
-1445
-1502
-1564
-1630
-1701
-1776
-1855
-1937
-2023
-2111
-2201
-2293
-2386
-2481
-2576
-2671
-2767
-2862
-2956
-3049
-3140
-3229
-3316
-3401
-3482
-3561
-3636
-3708
-3777
-3841
-3901
-3957
-4009
-4057
-4101
-4140
-4175
-4206
-4232
-4255
-4273
-4288
-4299
-4306
-4310
-4311
-4308
-4303
-4295
-4285
-4273
-4258
-4242
-4224
-4205
-4184
-4163
-4141
-4118
-4094
-4070
-4046
-4022
-3998
-3974
-3950
-3926
-3902
-3879
-3855
-3832
-3809
-3786
-3763
-3740
-3717
-3693
-3669
-3645
-3620
-3594
-3567
-3539
-3510
-3479
-3447
-3413
-3377
-3340
-3300
-3259
-3215
-3169
-3120
-3069
-3015
-2959
-2901
-2840
-2776
-2711
-2643
-2572
-2500
-2426
-2350
-2272
-2192
-2112
-2030
-1948
-1865
-1781
-1698
-1615
-1532
-1449
-1368
-1288
-1209
-1132
-1057
-985
-914
-847
-782
-721
-663
-608
-558
-510
-467
-428
-393
-362
-335
-312
-294
-279
-269
-262
-260
-261
-265
-273
-285
-299
-316
-336
-358
-382
-408
-436
-465
-495
-525
-556
-588
-619
-649
-679
-709
-737
-763
-788
-811
-832
-851
-867
-881
-892
-900
-905
-907
-907
-903
-896
-885
-872
-856
-836
-814
-789
-760
-729
-696
-660
-622
-581
-538
-494
-448
-400
-350
-300
-248
-195
-141
-87
-32
23
79
135
191
247
303
359
416
472
527
583
638
694
749
804
859
914
969
1024
1080
1136
1192
1249
1306
1364
1423
1483
1543
1605
1668
1732
1798
1865
1933
2003
2074
2147
2221
2296
2374
2452
2532
2613
2695
2779
2863
2948
3034
3120
3207
3293
3380
3466
3552
3637
3721
3803
3884
3963
4040
4115
4187
4256
4322
4384
4442
4496
4546
4591
4632
4667
4697
4722
4740
4753
4760
4760
4754
4742
4723
4697
4664
4625
4578
4525
4465
4398
4325
4244
4157
4064
3964
3858
3745
3627
3503
3373
3238
3098
2953
2804
2650
2492
2330
2165
1996
1825
1651
1475
1297
1117
937
755
572
390
207
25
-155
-336
-515
-692
-867
-1040
-1211
-1378
-1543
-1703
-1861
-2014
-2163
-2307
-2447
-2582
-2711
-2836
-2955
-3069
-3176
-3278
-3374
-3464
-3547
-3625
-3696
-3761
-3820
-3872
-3918
-3958
-3992
-4020
-4042
-4058
-4068
-4073
-4072
-4067
-4056
-4041
-4021
-3997
-3969
-3938
-3903
-3865
-3824
-3781
-3736
-3690
-3642
-3593
-3543
-3493
-3443
-3394
-3345
-3297
-3251
-3207
-3165
-3125
-3088
-3054
-3023
-2995
-2972
-2952
-2936
-2924
-2917
-2913
-2915
-2920
-2931
-2945
-2964
-2988
-3015
-3047
-3082
-3121
-3164
-3209
-3258
-3309
-3362
-3417
-3474
-3532
-3591
-3650
-3709
-3767
-3824
-3880
-3934
-3986
-4035
-4081
-4123
-4161
-4195
-4223
-4247
-4265
-4278
-4284
-4284
-4277
-4264
-4243
-4216
-4181
-4140
-4091
-4035
-3972
-3902
-3825
-3742
-3652
-3557
-3455
-3348
-3236
-3120
-2999
-2875
-2747
-2617
-2485
-2351
-2216
-2081
-1946
-1812
-1680
-1549
-1421
-1297
-1176
-1059
-948
-842
-742
-648
-562
-482
-411
-347
-292
-245
-207
-178
-159
-148
-147
-155
-172
-198
-233
-277
-329
-390
-458
-534
-617
-706
-802
-903
-1010
-1121
-1236
-1354
-1475
-1598
-1723
-1849
-1974
-2100
-2224
-2346
-2467
-2584
-2697
-2807
-2912
-3011
-3106
-3194
-3275
-3349
-3417
-3476
-3528
-3572
-3608
-3635
-3653
-3663
-3664
-3657
-3641
-3617
-3584
-3544
-3495
-3439
-3375
-3304
-3226
-3142
-3052
-2956
-2855
-2749
-2639
-2524
-2407
-2286
-2163
-2037
-1910
-1782
-1653
-1523
-1394
-1265
-1137
-1010
-885
-761
-640
-522
-406
-293
-183
-76
26
125
220
312
400
484
564
640
712
780
844
905
962
1015
1065
1112
1155
1195
1232
1266
1298
1327
1354
1378
1400
1420
1439
1455
1469
1482
1494
1504
1512
1520
1525
1530
1533
1535
1536
1536
1534
1531
1527
1521
1514
1506
1496
1485
1472
1458
1442
1424
1405
1384
1362
1337
1311
1283
1254
1222
1189
1155
1118
1080
1041
1000
958
915
871
826
779
733
685
638
590
542
494
446
399
353
307
262
219
176
136
97
59
24
-8
-39
-68
-94
-117
-138
-157
-172
-185
-195
-203
-207
-209
-208
-205
-198
-190
-178
-165
-149
-131
-111
-89
-65
-40
-13
14
43
73
104
136
168
201
234
267
300
333
365
397
429
460
491
521
550
579
606
633
659
684
709
732
755
776
798
818
838
857
876
894
911
929
945
962
978
994
1010
1026
1041
1056
1071
1086
1100
1114
1128
1141
1153
1165
1175
1185
1194
1201
1207
1211
1212
1212
1210
1204
1196
1185
1170
1151
1129
1102
1071
1035
994
947
896
838
775
705
630
548
459
364
262
153
37
-84
-213
-349
-492
-641
-797
-958
-1126
-1299
-1478
-1661
-1850
-2043
-2239
-2439
-2642
-2848
-3055
-3264
-3474
-3684
-3894
-4102
-4310
-4514
-4716
-4915
-5109
-5299
-5483
-5661
-5832
-5995
-6151
-6298
-6437
-6565
-6683
-6791
-6887
-6972
-7045
-7106
-7154
-7189
-7211
-7219
-7214
-7195
-7163
-7116
-7056
-6982
-6895
-6794
-6680
-6553
-6413
-6261
-6096
-5920
-5733
-5534
-5326
-5108
-4880
-4645
-4401
-4150
-3892
-3629
-3360
-3087
-2810
-2530
-2248
-1965
-1681
-1398
-1115
-834
-555
-280
-8
257
519
774
1022
1263
1496
1720
1935
2140
2335
2518
2691
2852
3000
3137
3260
3371
3468
3552
3622
3678
3720
3749
3763
3764
3751
3725
3685
3631
3565
3485
3393
3289
3174
3046
2908
2759
2600
2432
2254
2068
1874
1673
1465
1251
1032
807
579
347
112
-123
-362
-601
-840
-1079
-1317
-1553
-1786
-2017
-2244
-2466
-2684
-2897
-3104
-3304
-3498
-3685
-3864
-4035
-4198
-4352
-4498
-4634
-4761
-4878
-4986
-5084
-5172
-5250
-5319
-5377
-5426
-5465
-5494
-5514
-5524
-5526
-5518
-5502
-5478
-5445
-5405
-5358
-5303
-5242
-5174
-5100
-5021
-4936
-4847
-4754
-4656
-4554
-4450
-4342
-4232
-4120
-4006
-3890
-3773
-3656
-3537
-3418
-3300
-3181
-3062
-2944
-2826
-2709
-2593
-2477
-2363
-2249
-2137
-2026
-1915
-1806
-1697
-1590
-1483
-1377
-1271
-1167
-1062
-958
-854
-750
-646
-543
-439
-334
-229
-124
-19
86
193
300
408
517
625
735
844
954
1064
1174
1283
1393
1501
1609
1715
1820
1924
2025
2125
2221
2315
2405
2492
2574
2653
2726
2795
2858
2915
2966
3011
3049
3081
3105
3121
3130
3131
3124
3109
3085
3054
3014
2965
2909
2844
2771
2690
2602
2505
2402
2292
2175
2052
1924
1790
1651
1507
1360
1210
1057
901
744
587
428
271
114
-40
-193
-344
-490
-633
-771
-904
-1030
-1151
-1265
-1371
-1470
-1560
-1642
-1715
-1779
-1833
-1878
-1913
-1938
-1953
-1958
-1953
-1937
-1912
-1877
-1833
-1779
-1716
-1644
-1563
-1475
-1379
-1275
-1165
-1048
-925
-797
-665
-528
-387
-244
-97
49
199
349
498
648
796
943
1088
1230
1369
1504
1635
1761
1883
1999
2110
2214
2312
2404
2489
2567
2637
2701
2756
2805
2845
2879
2904
2922
2933
2936
2931
2920
2901
2875
2843
2804
2758
2707
2649
2586
2517
2443
2363
2279
2190
2097
2000
1898
1793
1685
1573
1458
1341
1220
1098
973
845
716
586
453
319
184
48
-88
-226
-365
-505
-644
-785
-925
-1065
-1205
-1345
-1485
-1623
-1761
-1899
-2035
-2169
-2303
-2434
-2564
-2691
-2817
-2939
-3059
-3176
-3290
-3401
-3507
-3610
-3708
-3802
-3891
-3975
-4054
-4127
-4195
-4257
-4313
-4362
-4405
-4441
-4470
-4492
-4507
-4515
-4515
-4508
-4493
-4471
-4441
-4404
-4360
-4308
-4249
-4183
-4109
-4029
-3943
-3850
-3751
-3647
-3537
-3421
-3302
-3177
-3049
-2917
-2782
-2644
-2505
-2363
-2220
-2076
-1932
-1788
-1645
-1502
-1362
-1223
-1087
-954
-824
-699
-577
-460
-348
-241
-140
-44
44
127
203
272
335
390
439
480
514
541
561
574
580
579
571
557
537
511
479
442
399
352
300
244
184
121
54
-14
-86
-159
-234
-310
-387
-465
-543
-620
-697
-773
-848
-922
-993
-1063
-1131
-1196
-1259
-1319
-1376
-1430
-1481
-1528
-1573
-1614
-1653
-1687
-1719
-1748
-1773
-1796
-1816
-1833
-1848
-1860
-1870
-1878
-1885
-1889
-1892
-1894
-1895
-1896
-1896
-1895
-1894
-1894
-1894
-1894
-1895
-1897
-1900
-1905
-1911
-1918
-1927
-1938
-1950
-1965
-1982
-2000
-2021
-2044
-2069
-2096
-2126
-2157
-2190
-2225
-2262
-2300
-2339
-2380
-2423
-2466
-2509
-2554
-2598
-2643
-2688
-2732
-2776
-2819
-2861
-2901
-2940
-2977
-3012
-3044
-3073
-3100
-3123
-3143
-3159
-3172
-3180
-3183
-3182
-3176
-3166
-3150
-3128
-3101
-3069
-3031
-2987
-2937
-2880
-2818
-2750
-2676
-2595
-2509
-2416
-2317
-2213
-2102
-1986
-1865
-1737
-1605
-1467
-1325
-1178
-1027
-871
-711
-548
-382
-212
-40
133
310
488
667
847
1027
1208
1388
1568
1747
1924
2099
2271
2442
2609
2772
2932
3087
3238
3384
3525
3660
3789
3912
4029
4138
4241
4337
4425
4506
4579
4645
4702
4751
4792
4826
4851
4867
4876
4877
4870
4855
4832
4802
4764
4719
4667
4609
4544
4472
4395
4313
4224
4131
4034
3932
3826
3716
3603
3487
3369
3249
3127
3003
2878
2753
2627
2502
2376
2252
2128
2005
1884
1765
1647
1532
1420
1310
1203
1099
998
900
806
715
628
545
465
389
317
248
183
122
64
10
-40
-87
-131
-172
-209
-244
-275
-304
-330
-354
-375
-394
-411
-425
-438
-449
-458
-466
-473
-477
-481
-484
-485
-486
-485
-484
-482
-480
-476
-473
-469
-464
-459
-453
-448
-442
-435
-429
-422
-416
-409
-402
-395
-388
-381
-374
-368
-361
-355
-349
-344
-338
-334
-330
-326
-323
-321
-320
-320
-321
-322
-325
-330
-335
-342
-350
-360
-372
-385
-400
-417
-435
-455
-478
-502
-528
-556
-585
-617
-650
-686
-723
-761
-801
-843
-886
-930
-976
-1022
-1069
-1117
-1165
-1214
-1263
-1312
-1361
-1409
-1457
-1504
-1550
-1595
-1638
-1680
-1721
-1759
-1795
-1829
-1861
-1890
-1917
-1941
-1962
-1980
-1996
-2008
-2017
-2024
-2027
-2028
-2025
-2020
-2012
-2002
-1989
-1973
-1956
-1937
-1916
-1893
-1869
-1844
-1819
-1792
-1766
-1739
-1713
-1687
-1662
-1638
-1615
-1594
-1575
-1558
-1543
-1530
-1521
-1514
-1510
-1510
-1513
-1519
-1529
-1542
-1559
-1579
-1603
-1630
-1660
-1694
-1730
-1770
-1812
-1856
-1903
-1951
-2001
-2052
-2104
-2157
-2209
-2262
-2313
-2364
-2413
-2460
-2505
-2547
-2586
-2622
-2653
-2680
-2702
-2720
-2732
-2738
-2738
-2732
-2720
-2700
-2675
-2642
-2602
-2555
-2501
-2440
-2372
-2298
-2216
-2128
-2034
-1934
-1828
-1716
-1600
-1479
-1354
-1225
-1093
-959
-822
-684
-544
-405
-265
-127
9
144
277
406
531
652
768
879
983
1081
1172
1255
1331
1398
1457
1507
1548
1580
1602
1615
1619
1613
1598
1573
1539
1497
1445
1385
1317
1241
1158
1068
971
869
762
649
533
414
292
167
42
-83
-210
-335
-459
-580
-699
-813
-924
-1029
-1129
-1223
-1310
-1389
-1461
-1524
-1578
-1623
-1658
-1684
-1699
-1704
-1699
-1682
-1655
-1617
-1568
-1509
-1439
-1359
-1268
-1168
-1058
-939
-811
-674
-530
-378
-220
-55
115
290
470
654
841
1030
1221
1412
1604
1796
1987
2175
2362
2545
2724
2899
3068
3232
3390
3541
3685
3822
3950
4070
4180
4282
4374
4457
4530
4592
4645
4687
4719
4741
4753
4755
4747
4729
4701
4665
4619
4564
4501
4430
4352
4266
4173
4074
3969
3859
3744
3625
3502
3375
3246
3115
2982
2848
2713
2578
2443
2309
2177
2046
1918
1792
1670
1551
1435
1324
1218
1116
1019
928
842
761
687
618
555
498
447
402
363
330
302
281
264
253
247
246
250
258
270
285
304
326
351
378
407
437
469
501
534
567
599
631
661
689
716
740
761
779
794
805
812
815
813
806
794
777
754
726
693
653
608
557
500
438
369
295
215
130
40
-54
-155
-259
-369
-482
-599
-719
-842
-968
-1096
-1226
-1358
-1490
-1624
-1757
-1889
-2021
-2152
-2281
-2408
-2532
-2653
-2771
-2884
-2993
-3097
-3196
-3289
-3377
-3458
-3532
-3600
-3660
-3712
-3757
-3794
-3823
-3844
-3856
-3860
-3856
-3843
-3821
-3792
-3753
-3707
-3652
-3589
-3519
-3441
-3355
-3263
-3164
-3058
-2946
-2829
-2706
-2578
-2445
-2308
-2168
-2024
-1878
-1729
-1578
-1426
-1272
-1118
-965
-811
-659
-507
-358
-211
-66
74
213
347
477
603
724
840
951
1056
1155
1249
1336
1417
1491
1559
1620
1674
1722
1763
1797
1824
1845
1859
1867
1868
1863
1853
1836
1813
1785
1752
1714
1671
1623
1572
1516
1456
1393
1327
1258
1187
1113
1038
961
883
803
723
643
562
482
402
322
244
167
92
18
-52
-122
-189
-253
-314
-373
-428
-480
-529
-574
-615
-652
-686
-715
-741
-762
-780
-793
-802
-806
-807
-804
-796
-785
-769
-750
-727
-700
-670
-636
-600
-560
-517
-471
-423
-373
-320
-266
-209
-151
-92
-32
28
89
151
213
275
337
398
458
516
574
630
684
736
786
834
879
921
960
996
1029
1059
1086
1109
1128
1144
1156
1165
1170
1171
1169
1164
1155
1143
1128
1110
1089
1065
1039
1011
980
948
915
880
844
807
771
734
697
660
625
591
558
526
497
470
446
424
406
391
379
371
367
367
371
380
393
410
432
459
490
525
565
609
657
710
766
826
889
956
1025
1097
1171
1247
1325
1404
1484
1564
1644
1724
1803
1881
1957
2032
2103
2172
2237
2299
2357
2410
2459
2502
2540
2572
2599
2619
2633
2640
2641
2635
2622
2602
2576
2543
2502
2456
2402
2343
2277
2206
2128
2046
1958
1866
1770
1669
1565
1459
1349
1238
1125
1011
896
781
666
553
440
330
222
116
14
-83
-178
-268
-353
-433
-508
-577
-640
-697
-747
-792
-829
-860
-884
-902
-913
-917
-915
-907
-893
-873
-847
-816
-780
-739
-694
-645
-592
-537
-478
-417
-355
-291
-226
-161
-96
-31
32
94
155
213
269
321
371
416
458
495
528
555
578
596
608
616
617
613
604
590
570
545
515
480
440
396
348
296
241
182
121
57
-8
-76
-145
-214
-284
-354
-423
-492
-559
-624
-687
-747
-804
-857
-907
-953
-994
-1031
-1062
-1088
-1109
-1124
-1133
-1136
-1133
-1124
-1109
-1088
-1061
-1027
-988
-943
-892
-836
-775
-709
-638
-562
-483
-400
-313
-224
-132
-38
57
154
253
351
450
548
645
741
835
927
1017
1103
1186
1266
1341
1412
1479
1540
1596
1647
1692
1732
1765
1792
1813
1828
1837
1839
1835
1825
1809
1786
1758
1724
1685
1640
1590
1536
1477
1414
1347
1276
1202
1125
1046
965
882
797
712
626
541
455
370
287
205
124
46
-28
-101
-170
-236
-297
-355
-408
-456
-500
-538
-572
-599
-622
-638
-649
-654
-653
-647
-634
-616
-592
-563
-528
-488
-442
-392
-336
-277
-212
-144
-72
2
81
163
247
334
422
512
604
696
788
881
973
1065
1156
1246
1334
1420
1503
1584
1663
1738
1809
1877
1940
2000
2055
2105
2150
2191
2226
2257
2281
2301
2315
2323
2326
2324
2316
2303
2285
2261
2232
2198
2160
2117
2069
2017
1961
1902
1839
1772
1703
1631
1556
1479
1401
1321
1239
1157
1074
990
907
824
741
659
578
499
421
345
272
200
131
65
2
-57
-114
-167
-217
-263
-306
-344
-379
-410
-437
-460
-480
-495
-507
-515
-519
-519
-516
-510
-500
-488
-472
-453
-432
-408
-381
-353
-322
-290
-255
-220
-183
-145
-106
-66
-25
15
56
98
140
181
222
263
303
343
382
421
458
495
531
565
599
631
663
693
722
750
777
803
828
852
874
896
917
937
956
974
991
1008
1024
1039
1054
1068
1081
1094
1107
1119
1131
1142
1153
1164
1174
1184
1193
1202
1211
1219
1226
1234
1240
1246
1252
1256
1260
1263
1266
1267
1267
1266
1264
1261
1257
1251
1244
1235
1225
1213
1200
1185
1168
1149
1128
1106
1081
1055
1026
996
964
929
893
855
815
773
729
683
635
586
535
482
428
373
316
258
198
138
77
14
-48
-111
-176
-240
-305
-370
-435
-500
-565
-629
-693
-756
-818
-880
-940
-1000
-1058
-1115
-1170
-1224
-1275
-1325
-1373
-1419
-1463
-1504
-1543
-1579
-1612
-1643
-1671
-1696
-1718
-1736
-1752
-1764
-1772
-1778
-1779
-1777
-1772
-1762
-1749
-1732
-1712
-1687
-1658
-1626
-1589
-1549
-1504
-1456
-1403
-1347
-1287
-1223
-1156
-1084
-1009
-931
-849
-764
-676
-585
-491
-394
-294
-193
-89
16
124
233
343
455
567
680
793
906
1019
1131
1242
1353
1461
1568
1674
1776
1876
1974
2068
2158
2245
2328
2407
2481
2551
2615
2675
2729
2778
2822
2860
2892
2918
2938
2953
2961
2963
2960
2951
2936
2915
2888
2857
2820
2778
2731
2680
2624
2565
2501
2435
2365
2292
2217
2140
2061
1982
1901
1820
1738
1657
1577
1498
1420
1344
1271
1200
1132
1067
1006
948
895
846
802
763
728
699
675
657
644
636
634
637
646
660
680
704
734
768
807
850
897
948
1002
1059
1119
1182
1246
1312
1379
1447
1515
1583
1651
1717
1783
1846
1907
1966
2021
2073
2122
2166
2206
2241
2271
2296
2315
2328
2335
2337
2332
2321
2303
2279
2249
2212
2169
2120
2065
2004
1937
1865
1787
1704
1617
1525
1430
1330
1228
1122
1015
905
793
681
567
454
341
228
117
7
-99
-204
-306
-404
-499
-590
-675
-756
-832
-902
-966
-1024
-1076
-1121
-1159
-1191
-1215
-1232
-1242
-1245
-1241
-1230
-1211
-1186
-1153
-1114
-1069
-1017
-959
-895
-826
-751
-672
-588
-500
-408
-313
-214
-113
-11
93
199
305
412
519
625
730
834
936
1035
1132
1225
1315
1401
1482
1559
1631
1697
1758
1813
1862
1905
1941
1970
1993
2008
2017
2018
2012
1999
1978
1951
1916
1874
1825
1770
1707
1638
1563
1481
1394
1301
1203
1099
991
878
761
640
515
388
257
124
-9
-146
-284
-422
-562
-701
-840
-979
-1116
-1252
-1386
-1518
-1648
-1775
-1899
-2019
-2136
-2249
-2357
-2461
-2559
-2653
-2742
-2825
-2902
-2973
-3039
-3098
-3151
-3198
-3238
-3272
-3299
-3320
-3334
-3342
-3343
-3337
-3325
-3307
-3282
-3251
-3214
-3171
-3123
-3068
-3008
-2943
-2873
-2798
-2719
-2635
-2546
-2454
-2358
-2258
-2156
-2050
-1941
-1831
-1718
-1603
-1486
-1368
-1249
-1129
-1009
-888
-767
-647
-527
-407
-289
-172
-56
57
170
280
388
494
597
697
795
889
980
1068
1152
1233
1310
1384
1453
1519
1580
1638
1692
1741
1787
1828
1865
1899
1928
1953
1974
1992
2005
2015
2020
2023
2021
2017
2008
1997
1983
1965
1945
1922
1896
1868
1838
1806
1772
1736
1698
1659
1619
1577
1535
1492
1449
1405
1362
1318
1275
1232
1190
1148
1108
1069
1031
994
960
927
897
868
842
819
798
780
765
753
744
739
736
737
742
750
762
777
796
819
845
875
909
946
987
1032
1080
1131
1185
1243
1304
1367
1434
1503
1575
1649
1725
1803
1882
1964
2046
2130
2215
2300
2386
2472
2558
2643
2728
2813
2896
2978
3058
3137
3214
3288
3360
3429
3496
3559
3619
3676
3729
3777
3822
3863
3899
3931
3959
3982
3999
4012
4021
4024
4022
4015
4003
3986
3963
3936
3904
3867
3824
3777
3725
3669
3608
3542
3472
3398
3319
3237
3150
3060
2967
2870
2770
2667
2561
2452
2341
2227
2111
1994
1874
1753
1630
1507
1382
1256
1129
1002
874
746
618
490
362
235
108
-18
-143
-268
-392
-514
-635
-755
-873
-990
-1105
-1218
-1329
-1438
-1545
-1649
-1751
-1851
-1947
-2042
-2133
-2222
-2307
-2390
-2469
-2545
-2617
-2687
-2752
-2814
-2873
-2927
-2978
-3024
-3067
-3106
-3140
-3170
-3196
-3218
-3235
-3248
-3257
-3261
-3260
-3255
-3246
-3232
-3213
-3190
-3162
-3130
-3094
-3053
-3008
-2959
-2906
-2849
-2788
-2723
-2655
-2583
-2507
-2429
-2347
-2263
-2176
-2087
-1995
-1901
-1806
-1709
-1611
-1511
-1411
-1310
-1209
-1108
-1007
-906
-807
-708
-610
-514
-420
-328
-238
-151
-66
14
93
168
239
306
369
429
483
534
579
620
656
687
713
733
749
759
764
764
759
749
733
713
687
657
621
581
537
488
435
378
317
252
184
113
38
-38
-118
-199
-283
-369
-456
-545
-634
-724
-815
-905
-996
-1086
-1175
-1263
-1350
-1435
-1519
-1600
-1679
-1756
-1829
-1900
-1967
-2031
-2091
-2147
-2199
-2246
-2290
-2328
-2362
-2391
-2415
-2434
-2447
-2456
-2458
-2456
-2448
-2434
-2415
-2390
-2360
-2325
-2284
-2237
-2185
-2128
-2066
-1999
-1927
-1850
-1768
-1682
-1592
-1497
-1398
-1296
-1190
-1081
-969
-854
-736
-616
-494
-370
-245
-118
9
137
266
395
524
652
780
906
1032
1155
1277
1397
1514
1628
1740
1848
1953
2054
2152
2245
2334
2419
2499
2574
2644
2710
2770
2825
2875
2919
2958
2992
3020
3043
3060
3072
3079
3081
3078
3070
3057
3039
3017
2991
2960
2926
2888
2847
2802
2755
2705
2653
2599
2542
2485
2426
2367
2307
2246
2186
2126
2067
2009
1952
1897
1843
1792
1743
1696
1652
1612
1574
1540
1510
1484
1461
1442
1428
1417
1411
1409
1412
1418
1429
1444
1464
1487
1515
1546
1581
1619
1661
1706
1754
1804
1857
1912
1969
2028
2088
2149
2210
2272
2334
2396
2456
2516
2575
2631
2686
2739
2788
2835
2878
2918
2954
2985
3012
3034
3052
3064
3070
3071
3067
3056
3039
3017
2988
2952
2911
2863
2808
2748
2681
2608
2529
2444
2353
2256
2154
2047
1935
1818
1696
1570
1440
1307
1170
1031
888
744
597
449
300
150
0
