0
-5
-10
-16
-21
-27
-32
-38
-43
-49
-54
-60
-65
-70
-76
-81
-86
-91
-97
-102
-107
-112
-117
-122
-127
-132
-137
-142
-147
-152
-156
-161
-165
-170
-175
-179
-183
-188
-192
-196
-200
-204
-208
-212
-216
-220
-223
-227
-230
-234
-237
-241
-244
-247
-250
-253
-256
-258
-261
-264
-266
-269
-271
-273
-275
-277
-279
-281
-283
-285
-286
-288
-289
-290
-291
-292
-293
-294
-295
-296
-296
-297
-297
-297
-297
-297
-297
-297
-297
-296
-296
-295
-295
-294
-293
-292
-291
-290
-288
-287
-285
-284
-282
-280
-278
-276
-274
-272
-270
-267
-265
-262
-260
-257
-254
-251
-248
-245
-242
-238
-235
-231
-228
-224
-220
-217
-213
-209
-205
-200
-196
-192
-188
-183
-179
-174
-169
-165
-160
-155
-150
-145
-140
-135
-130
-125
-120
-115
-109
-104
-98
-93
-87
-82
-76
-71
-65
-59
-54
-48
-42
-37
-31
-25
-19
-13
-7
-1
3
9
15
21
27
33
39
45
51
57
63
69
74
80
86
92
98
104
109
115
121
126
132
138
143
149
154
160
165
171
176
181
187
192
197
202
207
212
217
222
226
231
236
240
245
249
254
258
262
266
270
274
278
282
286
289
293
296
300
303
306
309
312
315
318
320
323
326
328
330
332
334
336
338
340
342
343
345
346
347
348
349
350
351
352
352
353
353
353
353
353
353
353
352
352
351
351
350
349
348
347
345
344
342
341
339
337
335
333
331
328
326
323
321
318
315
312
309
306
303
299
296
292
288
285
281
277
272
268
264
260
255
250
246
241
236
231
226
221
216
210
205
200
194
189
183
177
171
165
159
153
147
141
135
129
122
116
110
103
97
90
83
77
70
63
57
50
43
36
29
22
15
8
1
-5
-12
-19
-26
-33
-40
-47
-54
-61
-68
-75
-82
-89
-97
-104
-111
-118
-125
-132
-138
-145
-152
-159
-166
-173
-179
-186
-193
-200
-206
-213
-219
-226
-232
-238
-245
-251
-257
-263
-269
-275
-281
-287
-292
-298
-304
-309
-314
-320
-325
-330
-335
-340
-345
-350
-355
-359
-364
-368
-372
-377
-381
-385
-389
-392
-396
-400
-403
-406
-409
-413
-416
-418
-421
-424
-426
-429
-431
-433
-435
-437
-438
-440
-441
-443
-444
-445
-446
-447
-447
-448
-448
-449
-449
-449
-449
-448
-448
-447
-447
-446
-445
-444
-442
-441
-440
-438
-436
-434
-432
-430
-428
-425
-423
-420
-417
-414
-411
-407
-404
-401
-397
-393
-389
-385
-381
-377
-372
-368
-363
-358
-353
-348
-343
-338
-333
-327
-322
-316
-310
-304
-298
-292
-286
-279
-273
-266
-260
-253
-246
-239
-232
-225
-218
-211
-204
-196
-189
-181
-174
-166
-158
-150
-142
-134
-126
-118
-110
-102
-94
-86
-77
-69
-60
-52
-44
-35
-26
-18
-9
-1
7
16
24
33
42
50
59
68
77
85
94
103
111
120
129
138
146
155
163
172
180
189
197
206
214
223
231
239
247
256
264
272
280
288
295
303
311
318
326
334
341
348
355
363
370
377
384
390
397
404
410
416
423
429
435
441
447
452
458
463
469
474
479
484
489
493
498
502
507
511
515
519
523
526
530
533
536
539
542
545
547
550
552
554
556
558
559
561
562
563
564
565
566
566
567
567
567
567
566
566
565
564
563
562
561
560
558
556
554
552
550
547
545
542
539
536
533
529
526
522
518
514
510
505
501
496
491
486
481
476
470
465
459
453
447
441
435
428
422
415
408
401
394
387
379
372
364
357
349
341
333
324
316
308
299
291
282
273
264
255
246
237
227
218
209
199
189
180
170
160
150
140
130
120
110
100
90
79
69
59
48
38
27
17
6
-3
-14
-25
-35
-46
-57
-67
-78
-89
-99
-110
-121
-131
-142
-152
-163
-173
-184
-195
-205
-215
-226
-236
-246
-257
-267
-277
-287
-297
-307
-317
-327
-337
-346
-356
-365
-375
-384
-394
-403
-412
-421
-430
-438
-447
-456
-464
-472
-481
-489
-497
-505
-512
-520
-527
-535
-542
-549
-556
-563
-569
-576
-582
-588
-594
-600
-606
-612
-617
-622
-627
-632
-637
-642
-646
-650
-654
-658
-662
-665
-669
-672
-675
-678
-680
-683
-685
-687
-689
-691
-692
-693
-694
-695
-696
-697
-697
-697
-697
-697
-696
-696
-695
-694
-692
-691
-689
-687
-685
-683
-681
-678
-675
-672
-669
-666
-662
-658
-654
-650
-646
-641
-637
-632
-627
-621
-616
-610
-604
-598
-592
-586
-579
-572
-566
-558
-551
-544
-536
-529
-521
-513
-504
-496
-487
-479
-470
-461
-452
-443
-433
-424
-414
-404
-394
-384
-374
-363
-353
-342
-332
-321
-310
-299
-288
-277
-265
-254
-242
-231
-219
-207
-196
-184
-172
-160
-147
-135
-123
-111
-98
-86
-73
-61
-48
-36
-23
-11
1
14
27
39
52
65
78
90
103
116
129
141
154
167
179
192
205
217
230
242
255
267
280
292
304
316
328
340
352
364
376
388
400
411
423
434
445
456
468
478
489
500
511
521
532
542
552
562
572
581
591
600
610
619
628
636
645
653
662
670
678
686
693
701
708
715
722
729
735
741
747
753
759
765
770
775
780
785
789
794
798
801
805
809
812
815
818
820
822
825
827
828
830
831
832
833
833
833
834
833
833
832
832
830
829
828
826
824
822
819
817
814
811
807
804
800
796
791
787
782
777
772
767
761
755
749
743
736
730
723
716
708
701
693
685
677
669
660
652
643
634
624
615
605
595
585
575
565
554
543
532
521
510
499
487
475
464
452
440
427
415
402
390
377
364
351
338
324
311
298
284
270
256
243
229
215
200
186
172
158
143
129
114
99
85
70
55
41
26
11
-3
-18
-33
-48
-63
-78
-93
-108
-123
-137
-152
-167
-182
-197
-212
-227
-241
-256
-271
-285
-300
-314
-329
-343
-358
-372
-386
-400
-414
-428
-442
-455
-469
-482
-496
-509
-522
-535
-548
-561
-573
-586
-598
-611
-623
-634
-646
-658
-669
-680
-692
-703
-713
-724
-734
-744
-754
-764
-774
-783
-793
-802
-810
-819
-828
-836
-844
-851
-859
-866
-873
-880
-887
-893
-900
-906
-911
-917
-922
-927
-932
-936
-940
-944
-948
-952
-955
-958
-961
-963
-965
-967
-969
-970
-971
-972
-973
-973
-973
-973
-973
-972
-971
-970
-969
-967
-965
-963
-960
-957
-954
-951
-947
-943
-939
-935
-930
-925
-920
-915
-909
-903
-897
-890
-884
-877
-870
-862
-855
-847
-838
-830
-821
-812
-803
-794
-784
-775
-765
-754
-744
-733
-722
-711
-700
-688
-677
-665
-653
-640
-628
-615
-602
-589
-576
-562
-549
-535
-521
-507
-493
-478
-464
-449
-434
-419
-404
-389
-373
-358
-342
-327
-311
-295
-279
-263
-246
-230
-214
-197
-180
-164
-147
-130
-113
-97
-80
-63
-46
-28
-11
5
22
39
56
73
91
108
125
142
159
177
194
211
228
245
262
279
296
313
329
346
363
379
396
412
428
445
461
477
493
508
524
540
555
570
585
600
615
630
645
659
673
688
701
715
729
742
755
769
781
794
807
819
831
843
854
866
877
888
899
909
920
930
940
949
958
968
976
985
993
1001
1009
1017
1024
1031
1038
1044
1051
1057
1062
1068
1073
1078
1082
1086
1090
1094
1097
1100
1103
1106
1108
1110
1111
1113
1114
1115
1115
1115
1115
1114
1114
1113
1111
1109
1107
1105
1103
1100
1097
1093
1089
1085
1081
1076
1071
1066
1060
1054
1048
1042
1035
1028
1021
1013
1005
997
989
980
971
962
952
942
932
922
911
900
889
878
866
854
842
830
817
804
791
778
765
751
737
723
708
694
679
664
649
633
618
602
586
570
553
537
520
503
486
469
452
435
417
399
382
364
346
327
309
291
272
254
235
216
197
178
159
140
121
102
83
63
44
25
5
-13
-32
-52
-71
-91
-110
-130
-149
-169
-188
-208
-227
-246
-265
-285
-304
-323
-342
-361
-380
-399
-418
-436
-455
-473
-492
-510
-528
-546
-564
-582
-599
-617
-634
-651
-668
-685
-702
-718
-735
-751
-767
-783
-798
-814
-829
-844
-859
-874
-888
-902
-916
-930
-943
-956
-970
-982
-995
-1007
-1019
-1031
-1042
-1053
-1064
-1075
-1085
-1096
-1105
-1115
-1124
-1133
-1142
-1150
-1158
-1166
-1174
-1181
-1188
-1194
-1200
-1206
-1212
-1217
-1222
-1227
-1231
-1235
-1239
-1242
-1245
-1248
-1250
-1252
-1254
-1255
-1256
-1257
-1257
-1257
-1257
-1256
-1255
-1254
-1252
-1250
-1248
-1245
-1242
-1239
-1235
-1231
-1226
-1222
-1217
-1211
-1205
-1199
-1193
-1186
-1179
-1172
-1164
-1156
-1148
-1139
-1130
-1121
-1112
-1102
-1091
-1081
-1070
-1059
-1048
-1036
-1024
-1012
-999
-986
-973
-960
-946
-932
-918
-904
-889
-874
-859
-843
-827
-812
-795
-779
-762
-745
-728
-711
-693
-676
-658
-640
-621
-603
-584
-565
-546
-527
-508
-488
-468
-449
-429
-409
-388
-368
-347
-327
-306
-285
-264
-243
-222
-201
-180
-159
-137
-116
-94
-73
-51
-29
-8
13
35
56
78
100
122
143
165
187
209
230
252
273
295
316
338
359
380
401
423
444
464
485
506
527
547
567
588
608
628
647
667
686
706
725
744
763
781
800
818
836
854
871
889
906
923
940
956
972
988
1004
1020
1035
1050
1065
1079
1093
1107
1121
1134
1147
1160
1173
1185
1197
1208
1219
1230
1241
1251
1261
1271
1280
1289
1298
1306
1314
1322
1329
1336
1342
1349
1355
1360
1365
1370
1374
1379
1382
1386
1389
1391
1393
1395
1397
1398
1399
1399
1399
1399
1398
1397
1395
1393
1391
1389
1386
1382
1379
1374
1370
1365
1360
1354
1348
1342
1335
1328
1321
1313
1305
1296
1288
1278
1269
1259
1249
1238
1227
1216
1204
1192
1180
1168
1155
1141
1128
1114
1100
1085
1070
1055
1040
1024
1008
992
975
959
941
924
906
889
870
852
833
814
795
776
756
737
717
696
676
655
634
613
592
571
549
527
505
483
461
439
416
394
371
348
325
302
279
255
232
209
185
161
138
114
90
66
42
18
-5
-29
-53
-77
-101
-125
-149
-173
-197
-221
-244
-268
-292
-316
-340
-363
-387
-410
-434
-457
-480
-503
-526
-549
-572
-594
-617
-639
-661
-684
-705
-727
-749
-770
-791
-812
-833
-853
-874
-894
-914
-934
-953
-972
-991
-1010
-1029
-1047
-1065
-1083
-1100
-1117
-1134
-1151
-1167
-1183
-1199
-1214
-1229
-1244
-1259
-1273
-1287
-1300
-1313
-1326
-1339
-1351
-1362
-1374
-1385
-1396
-1406
-1416
-1426
-1435
-1444
-1452
-1460
-1468
-1476
-1483
-1489
-1495
-1501
-1507
-1512
-1516
-1520
-1524
-1528
-1531
-1533
-1535
-1537
-1539
-1540
-1540
-1540
-1540
-1539
-1538
-1537
-1535
-1533
-1530
-1527
-1523
-1519
-1515
-1510
-1505
-1499
-1493
-1487
-1480
-1473
-1465
-1457
-1449
-1440
-1431
-1421
-1412
-1401
-1390
-1379
-1368
-1356
-1344
-1331
-1318
-1305
-1291
-1277
-1263
-1248
-1233
-1218
-1202
-1186
-1169
-1152
-1135
-1118
-1100
-1082
-1064
-1045
-1026
-1007
-988
-968
-948
-927
-907
-886
-865
-843
-822
-800
-778
-756
-733
-710
-687
-664
-641
-617
-594
-570
-546
-521
-497
-472
-448
-423
-398
-373
-347
-322
-297
-271
-245
-220
-194
-168
-142
-116
-90
-64
-37
-11
14
40
67
93
119
146
172
198
224
250
277
303
329
355
380
406
432
458
483
509
534
559
584
609
634
659
683
707
732
756
779
803
826
850
873
895
918
940
963
984
1006
1028
1049
1070
1090
1111
1131
1150
1170
1189
1208
1227
1245
1263
1281
1298
1315
1332
1348
1364
1380
1395
1410
1424
1439
1453
1466
1479
1492
1504
1516
1527
1539
1549
1560
1570
1579
1588
1597
1605
1613
1620
1627
1634
1640
1646
1651
1656
1660
1664
1668
1671
1674
1676
1678
1679
1680
1680
1680
1680
1679
1678
1676
1673
1671
1668
1664
1660
1656
1651
1645
1639
1633
1626
1619
1612
1604
1595
1586
1577
1567
1557
1547
1536
1524
1512
1500
1488
1475
1461
1447
1433
1418
1403
1388
1372
1356
1339
1322
1305
1287
1269
1251
1232
1213
1194
1174
1154
1134
1113
1092
1071
1049
1027
1005
982
960
937
913
890
866
842
818
793
768
743
718
692
667
641
615
589
562
536
509
482
455
428
400
373
345
318
290
262
234
206
178
149
121
93
64
36
7
-20
-49
-77
-106
-134
-163
-191
-220
-248
-276
-305
-333
-361
-389
-417
-445
-473
-501
-529
-556
-584
-611
-638
-665
-692
-719
-745
-771
-798
-824
-849
-875
-900
-925
-950
-975
-999
-1024
-1047
-1071
-1095
-1118
-1141
-1163
-1185
-1207
-1229
-1250
-1271
-1292
-1313
-1333
-1352
-1372
-1391
-1410
-1428
-1446
-1463
-1481
-1497
-1514
-1530
-1546
-1561
-1576
-1590
-1604
-1618
-1631
-1644
-1656
-1668
-1680
-1691
-1702
-1712
-1721
-1731
-1740
-1748
-1756
-1763
-1770
-1777
-1783
-1789
-1794
-1798
-1803
-1806
-1810
-1812
-1815
-1816
-1818
-1819
-1819
-1819
-1818
-1817
-1815
-1813
-1811
-1808
-1804
-1800
-1796
-1791
-1785
-1780
-1773
-1766
-1759
-1751
-1743
-1734
-1725
-1715
-1705
-1694
-1683
-1672
-1660
-1648
-1635
-1621
-1608
-1593
-1579
-1564
-1548
-1532
-1516
-1499
-1482
-1465
-1447
-1428
-1410
-1390
-1371
-1351
-1331
-1310
-1289
-1268
-1246
-1224
-1201
-1179
-1156
-1132
-1109
-1085
-1060
-1036
-1011
-985
-960
-934
-908
-882
-855
-828
-801
-774
-747
-719
-691
-663
-635
-606
-577
-548
-519
-490
-461
-431
-402
-372
-342
-312
-282
-252
-221
-191
-161
-130
-99
-69
-38
-7
22
53
84
114
145
176
207
237
268
299
329
359
390
420
450
481
511
540
570
600
629
659
688
717
746
775
803
831
860
888
915
943
970
997
1024
1050
1077
1103
1128
1154
1179
1204
1228
1253
1277
1300
1323
1346
1369
1391
1413
1435
1456
1477
1497
1517
1537
1556
1575
1594
1612
1629
1647
1663
1680
1696
1711
1726
1741
1755
1769
1782
1795
1807
1819
1831
1841
1852
1862
1871
1880
1889
1897
1904
1911
1918
1924
1929
1934
1939
1942
1946
1949
1951
1953
1954
1955
1956
1955
1955
1954
1952
1950
1947
1944
1940
1935
1931
1925
1919
1913
1906
1899
1891
1882
1873
1864
1854
1844
1833
1821
1809
1797
1784
1771
1757
1742
1728
1712
1697
1681
1664
1647
1629
1611
1593
1574
1555
1535
1515
1494
1473
1452
1430
1408
1385
1362
1339
1315
1291
1267
1242
1217
1192
1166
1140
1113
1087
1060
1032
1005
977
948
920
891
862
833
803
774
744
714
683
653
622
591
560
528
497
465
434
402
370
337
305
273
240
208
175
142
110
77
44
11
-21
-54
-87
-120
-153
-185
-218
-251
-284
-317
-349
-382
-415
-447
-479
-512
-544
-576
-608
-639
-671
-703
-734
-765
-796
-827
-857
-887
-918
-947
-977
-1007
-1036
-1065
-1093
-1122
-1150
-1178
-1205
-1232
-1259
-1286
-1312
-1338
-1364
-1389
-1414
-1438
-1463
-1487
-1510
-1533
-1556
-1578
-1600
-1621
-1642
-1663
-1683
-1703
-1722
-1741
-1760
-1778
-1795
-1812
-1829
-1845
-1861
-1876
-1890
-1905
-1918
-1931
-1944
-1956
-1968
-1979
-1990
-2000
-2010
-2019
-2027
-2035
-2043
-2050
-2056
-2062
-2067
-2072
-2076
-2080
-2083
-2086
-2088
-2089
-2090
-2090
-2090
-2090
-2088
-2086
-2084
-2081
-2078
-2074
-2069
-2064
-2058
-2052
-2045
-2038
-2030
-2021
-2012
-2003
-1993
-1982
-1971
-1960
-1947
-1935
-1921
-1908
-1893
-1879
-1863
-1848
-1831
-1815
-1797
-1780
-1761
-1743
-1724
-1704
-1684
-1663
-1642
-1621
-1599
-1576
-1554
-1530
-1507
-1483
-1458
-1433
-1408
-1383
-1357
-1330
-1303
-1276
-1249
-1221
-1193
-1164
-1135
-1106
-1077
-1047
-1017
-987
-956
-925
-894
-862
-831
-799
-767
-734
-702
-669
-636
-603
-569
-536
-502
-468
-434
-400
-366
-332
-297
-262
-228
-193
-158
-123
-88
-53
-18
16
51
86
121
156
191
226
261
296
331
366
401
435
470
504
539
573
607
641
675
709
742
775
809
842
874
907
939
971
1003
1035
1066
1097
1128
1159
1189
1219
1248
1278
1307
1335
1364
1392
1419
1447
1474
1500
1526
1552
1578
1603
1627
1651
1675
1698
1721
1744
1766
1787
1808
1829
1849
1869
1888
1907
1925
1943
1960
1977
1993
2008
2024
2038
2052
2066
2079
2091
2103
2115
2125
2136
2145
2155
2163
2171
2179
2186
2192
2198
2203
2207
2211
2215
2218
2220
2221
2222
2223
2223
2222
2221
2219
2216
2213
2210
2206
2201
2195
2189
2183
2176
2168
2160
2151
2141
2131
2121
2109
2098
2085
2073
2059
2045
2031
2016
2000
1984
1967
1950
1932
1914
1895
1876
1856
1836
1815
1794
1772
1750
1727
1704
1680
1656
1632
1607
1581
1555
1529
1502
1475
1447
1419
1391
1362
1333
1304
1274
1244
1213
1182
1151
1119
1088
1055
1023
990
957
924
890
856
822
788
753
719
684
649
613
578
542
506
470
434
397
361
324
288
251
214
177
140
103
66
29
-7
-45
-82
-119
-156
-193
-231
-268
-305
-342
-379
-416
-452
-489
-526
-562
-598
-635
-671
-706
-742
-778
-813
-848
-883
-918
-952
-987
-1021
-1055
-1088
-1121
-1154
-1187
-1220
-1252
-1283
-1315
-1346
-1377
-1407
-1437
-1467
-1497
-1526
-1554
-1582
-1610
-1638
-1665
-1691
-1717
-1743
-1768
-1793
-1817
-1841
-1865
-1887
-1910
-1932
-1953
-1974
-1995
-2014
-2034
-2053
-2071
-2089
-2106
-2123
-2139
-2154
-2169
-2184
-2198
-2211
-2224
-2236
-2248
-2259
-2269
-2279
-2288
-2297
-2305
-2312
-2319
-2325
-2331
-2336
-2340
-2344
-2347
-2349
-2351
-2352
-2353
-2353
-2352
-2351
-2349
-2347
-2344
-2340
-2336
-2331
-2325
-2319
-2312
-2305
-2297
-2288
-2279
-2269
-2258
-2247
-2235
-2223
-2210
-2197
-2183
-2168
-2153
-2137
-2121
-2104
-2086
-2068
-2050
-2030
-2011
-1990
-1970
-1948
-1926
-1904
-1881
-1858
-1834
-1809
-1784
-1759
-1733
-1707
-1680
-1653
-1625
-1597
-1568
-1539
-1510
-1480
-1449
-1419
-1388
-1356
-1324
-1292
-1260
-1227
-1193
-1160
-1126
-1092
-1057
-1022
-987
-952
-916
-880
-844
-808
-771
-734
-697
-660
-622
-584
-547
-508
-470
-432
-393
-355
-316
-277
-238
-199
-160
-121
-82
-43
-4
35
74
113
153
192
231
270
309
349
388
427
465
504
543
581
620
658
696
734
772
809
847
884
921
957
994
1030
1066
1102
1137
1172
1207
1242
1276
1310
1344
1377
1410
1443
1475
1507
1538
1569
1600
1630
1660
1690
1719
1747
1775
1803
1830
1857
1883
1909
1934
1959
1983
2007
2030
2053
2075
2097
2118
2139
2159
2178
2197
2215
2233
2250
2267
2283
2298
2313
2327
2341
2354
2366
2378
2389
2400
2409
2419
2427
2435
2443
2449
2455
2461
2465
2469
2473
2476
2478
2479
2480
2480
2480
2479
2477
2475
2471
2468
2463
2458
2453
2446
2439
2431
2423
2414
2405
2394
2384
2372
2360
2347
2334
2320
2305
2290
2274
2257
2240
2223
2204
2186
2166
2146
2125
2104
2082
2060
2037
2014
1990
1965
1940
1915
1889
1862
1835
1807
1779
1751
1722
1692
1662
1632
1601
1569
1538
1505
1473
1440
1406
1373
1338
1304
1269
1234
1198
1162
1126
1089
1053
1015
978
940
902
864
825
787
748
708
669
629
590
550
509
469
429
388
347
307
266
225
184
143
101
60
19
-22
-63
-104
-145
-187
-228
-269
-311
-352
-393
-434
-475
-515
-556
-597
-637
-677
-717
-757
-797
-836
-876
-915
-954
-993
-1031
-1069
-1107
-1145
-1182
-1219
-1256
-1292
-1329
-1364
-1400
-1435
-1470
-1504
-1538
-1572
-1605
-1638
-1670
-1702
-1733
-1765
-1795
-1825
-1855
-1884
-1913
-1941
-1969
-1996
-2023
-2049
-2075
-2100
-2125
-2149
-2172
-2195
-2218
-2239
-2261
-2281
-2301
-2321
-2339
-2358
-2375
-2392
-2409
-2424
-2439
-2454
-2468
-2481
-2494
-2505
-2517
-2527
-2537
-2546
-2555
-2563
-2570
-2577
-2582
-2588
-2592
-2596
-2599
-2602
-2603
-2605
-2605
-2605
-2604
-2602
-2600
-2597
-2593
-2589
-2583
-2578
-2571
-2564
-2556
-2548
-2539
-2529
-2518
-2507
-2495
-2483
-2469
-2456
-2441
-2426
-2410
-2394
-2377
-2359
-2340
-2321
-2302
-2282
-2261
-2239
-2217
-2195
-2171
-2148
-2123
-2098
-2073
-2047
-2020
-1993
-1965
-1937
-1908
-1879
-1849
-1819
-1788
-1756
-1725
-1692
-1660
-1627
-1593
-1559
-1524
-1490
-1454
-1418
-1382
-1346
-1309
-1272
-1234
-1196
-1158
-1120
-1081
-1041
-1002
-962
-922
-882
-841
-801
-759
-718
-677
-635
-593
-551
-509
-467
-424
-382
-339
-296
-253
-210
-167
-124
-81
-37
5
48
92
135
178
222
265
308
351
394
437
480
523
565
608
650
693
735
777
818
860
901
942
983
1024
1064
1104
1144
1183
1223
1262
1300
1339
1377
1414
1451
1488
1525
1561
1597
1632
1667
1701
1736
1769
1802
1835
1867
1899
1930
1961
1991
2021
2050
2079
2107
2135
2162
2189
2215
2240
2265
2289
2313
2336
2358
2380
2401
2422
2442
2461
2480
2498
2515
2532
2548
2563
2578
2592
2605
2618
2630
2641
2652
2662
2671
2680
2687
2694
2701
2707
2712
2716
2719
2722
2724
2726
2726
2726
2726
2724
2722
2719
2715
2711
2706
2700
2694
2686
2679
2670
2661
2651
2640
2628
2616
2603
2590
2575
2561
2545
2529
2512
2494
2476
2457
2437
2417
2396
2374
2352
2329
2306
2282
2257
2232
2206
2180
2153
2125
2097
2068
2038
2009
1978
1947
1916
1884
1851
1818
1785
1750
1716
1681
1646
1610
1573
1537
1499
1462
1424
1386
1347
1308
1268
1228
1188
1148
1107
1066
1024
982
940
898
856
813
770
726
683
639
595
551
507
463
418
374
329
284
239
194
149
104
59
14
-31
-76
-121
-166
-212
-257
-302
-347
-392
-437
-482
-526
-571
-616
-660
-704
-748
-792
-835
-879
-922
-965
-1008
-1050
-1093
-1135
-1176
-1218
-1259
-1300
-1340
-1380
-1420
-1459
-1499
-1537
-1576
-1613
-1651
-1688
-1725
-1761
-1797
-1832
-1867
-1901
-1935
-1968
-2001
-2033
-2065
-2096
-2127
-2157
-2187
-2216
-2245
-2273
-2300
-2327
-2353
-2378
-2403
-2428
-2451
-2474
-2497
-2518
-2539
-2560
-2580
-2599
-2617
-2635
-2652
-2668
-2684
-2699
-2713
-2726
-2739
-2751
-2763
-2773
-2783
-2792
-2801
-2809
-2816
-2822
-2827
-2832
-2836
-2839
-2842
-2844
-2845
-2845
-2844
-2843
-2841
-2838
-2835
-2831
-2826
-2820
-2813
-2806
-2798
-2789
-2780
-2770
-2759
-2747
-2735
-2722
-2708
-2693
-2678
-2662
-2645
-2628
-2610
-2591
-2572
-2551
-2531
-2509
-2487
-2464
-2440
-2416
-2391
-2366
-2340
-2313
-2286
-2258
-2229
-2200
-2170
-2140
-2109
-2077
-2045
-2013
-1979
-1946
-1912
-1877
-1842
-1806
-1770
-1733
-1696
-1658
-1620
-1581
-1542
-1503
-1463
-1423
-1382
-1341
-1300
-1258
-1216
-1173
-1131
-1088
-1044
-1001
-957
-912
-868
-823
-778
-733
-688
-642
-596
-550
-504
-458
-411
-365
-318
-271
-225
-178
-131
-84
-36
10
57
104
151
198
245
292
339
386
433
480
526
573
619
666
712
758
803
849
894
939
984
1029
1073
1117
1161
1205
1248
1291
1333
1376
1418
1459
1500
1541
1582
1622
1661
1701
1739
1778
1816
1853
1890
1926
1962
1998
2033
2067
2101
2134
2167
2199
2231
2262
2293
2323
2352
2381
2409
2436
2463
2489
2515
2540
2564
2588
2610
2633
2654
2675
2695
2715
2733
2751
2769
2785
2801
2816
2831
2844
2857
2869
2881
2891
2901
2910
2919
2926
2933
2939
2944
2949
2953
2956
2958
2959
2960
2960
2959
2957
2954
2951
2947
2942
2937
2930
2923
2915
2906
2897
2886
2875
2864
2851
2838
2824
2809
2793
2777
2760
2742
2724
2704
2685
2664
2642
2620
2598
2574
2550
2525
2500
2473
2446
2419
2391
2362
2333
2302
2272
2240
2209
2176
2143
2109
2075
2040
2005
1969
1933
1896
1858
1820
1782
1743
1703
1664
1623
1582
1541
1500
1458
1415
1372
1329
1285
1242
1197
1153
1108
1062
1017
971
925
879
832
785
738
691
643
596
548
500
452
403
355
306
258
209
160
111
62
13
-35
-84
-133
-182
-231
-279
-328
-377
-426
-474
-523
-571
-619
-667
-715
-763
-811
-858
-905
-952
-999
-1045
-1092
-1138
-1183
-1229
-1274
-1318
-1363
-1407
-1451
-1494
-1537
-1579
-1622
-1663
-1705
-1746
-1786
-1826
-1866
-1905
-1943
-1981
-2019
-2056
-2093
-2129
-2164
-2199
-2233
-2267
-2300
-2333
-2365
-2396
-2427
-2457
-2486
-2515
-2543
-2571
-2597
-2624
-2649
-2674
-2698
-2721
-2744
-2766
-2787
-2808
-2828
-2847
-2865
-2882
-2899
-2915
-2931
-2945
-2959
-2972
-2984
-2995
-3006
-3016
-3025
-3033
-3040
-3047
-3053
-3058
-3062
-3066
-3068
-3070
-3071
-3071
-3071
-3069
-3067
-3064
-3060
-3055
-3050
-3044
-3037
-3029
-3020
-3011
-3000
-2989
-2977
-2965
-2951
-2937
-2922
-2906
-2890
-2872
-2854
-2835
-2816
-2795
-2774
-2752
-2730
-2707
-2683
-2658
-2632
-2606
-2579
-2552
-2524
-2495
-2465
-2435
-2404
-2372
-2340
-2308
-2274
-2240
-2205
-2170
-2134
-2098
-2061
-2024
-1986
-1947
-1908
-1868
-1828
-1787
-1746
-1705
-1663
-1620
-1577
-1534
-1490
-1446
-1401
-1356
-1311
-1265
-1219
-1172
-1126
-1079
-1031
-984
-936
-887
-839
-790
-741
-692
-643
-593
-544
-494
-444
-394
-344
-293
-243
-192
-142
-91
-40
10
60
111
162
213
263
314
364
415
465
516
566
616
666
715
765
814
864
913
961
1010
1058
1106
1154
1201
1248
1295
1342
1388
1434
1479
1524
1569
1613
1657
1701
1744
1786
1828
1870
1911
1952
1992
2032
2071
2110
2148
2185
2222
2259
2294
2330
2364
2398
2432
2464
2496
2528
2559
2589
2618
2647
2675
2703
2729
2755
2781
2805
2829
2852
2875
2896
2917
2937
2956
2975
2993
3010
3026
3041
3056
3070
3083
3095
3106
3117
3127
3135
3144
3151
3157
3163
3168
3172
3175
3177
3178
3179
3179
3178
3176
3173
3170
3165
3160
3154
3147
3139
3130
3121
3111
3100
3088
3075
3062
3047
3032
3016
2999
2982
2964
2944
2925
2904
2882
2860
2837
2813
2789
2764
2738
2711
2684
2656
2627
2597
2567
2536
2504
2472
2439
2405
2371
2336
2301
2265
2228
2191
2153
2114
2075
2035
1995
1954
1913
1871
1829
1786
1743
1699
1655
1610
1565
1520
1474
1428
1381
1334
1286
1238
1190
1142
1093
1044
994
945
895
844
794
743
692
641
590
538
487
435
383
331
279
227
175
122
70
17
-34
-87
-139
-192
-244
-296
-349
-401
-453
-505
-557
-609
-660
-712
-763
-814
-865
-916
-966
-1017
-1067
-1117
-1166
-1215
-1264
-1313
-1361
-1409
-1456
-1503
-1550
-1597
-1643
-1688
-1733
-1778
-1822
-1866
-1909
-1952
-1994
-2036
-2077
-2118
-2158
-2198
-2237
-2276
-2313
-2351
-2387
-2423
-2459
-2494
-2528
-2561
-2594
-2626
-2658
-2689
-2719
-2748
-2777
-2805
-2832
-2859
-2884
-2909
-2934
-2957
-2980
-3002
-3023
-3043
-3063
-3082
-3099
-3117
-3133
-3148
-3163
-3177
-3190
-3202
-3213
-3224
-3234
-3242
-3250
-3257
-3264
-3269
-3274
-3277
-3280
-3282
-3283
-3283
-3282
-3281
-3279
-3275
-3271
-3266
-3260
-3254
-3246
-3238
-3228
-3218
-3207
-3195
-3183
-3169
-3155
-3139
-3123
-3107
-3089
-3070
-3051
-3031
-3010
-2988
-2966
-2942
-2918
-2893
-2868
-2841
-2814
-2786
-2757
-2728
-2698
-2667
-2635
-2603
-2570
-2537
-2502
-2467
-2431
-2395
-2358
-2321
-2282
-2244
-2204
-2164
-2123
-2082
-2040
-1998
-1955
-1912
-1868
-1824
-1779
-1733
-1688
-1641
-1594
-1547
-1500
-1452
-1403
-1354
-1305
-1256
-1206
-1156
-1105
-1054
-1003
-952
-900
-848
-796
-743
-691
-638
-585
-532
-479
-425
-371
-318
-264
-210
-156
-102
-48
5
59
113
167
222
276
330
383
437
491
545
598
652
705
758
811
863
916
968
1020
1072
1123
1174
1225
1276
1326
1376
1425
1474
1523
1572
1620
1667
1715
1761
1808
1854
1899
1944
1988
2032
2075
2118
2161
2202
2243
2284
2324
2363
2402
2440
2478
2515
2551
2587
2622
2656
2689
2722
2754
2786
2816
2846
2875
2904
2932
2959
2985
3010
3035
3059
3082
3104
3125
3146
3166
3184
3203
3220
3236
3252
3266
3280
3293
3305
3317
3327
3337
3345
3353
3360
3366
3371
3375
3379
3381
3383
3383
3383
3382
3380
3377
3373
3369
3363
3357
3349
3341
3332
3322
3311
3299
3287
3273
3259
3244
3227
3211
3193
3174
3155
3134
3113
3091
3068
3045
3020
2995
2969
2942
2915
2886
2857
2827
2797
2765
2733
2700
2667
2632
2597
2562
2525
2488
2451
2412
2373
2333
2293
2252
2211
2169
2126
2083
2039
1994
1950
1904
1858
1812
1765
1717
1669
1621
1572
1523
1473
1423
1373
1322
1271
1219
1168
1115
1063
1010
957
904
850
796
742
688
633
579
524
469
414
359
303
248
192
137
81
25
-29
-85
-141
-196
-252
-308
-363
-419
-474
-529
-584
-639
-694
-749
-803
-858
-912
-965
-1019
-1072
-1126
-1178
-1231
-1283
-1335
-1386
-1438
-1489
-1539
-1589
-1639
-1688
-1737
-1785
-1833
-1880
-1927
-1974
-2020
-2065
-2110
-2155
-2198
-2242
-2284
-2326
-2368
-2409
-2449
-2488
-2527
-2566
-2603
-2640
-2677
-2712
-2747
-2781
-2815
-2847
-2879
-2911
-2941
-2971
-3000
-3028
-3055
-3082
-3107
-3132
-3156
-3180
-3202
-3224
-3245
-3264
-3284
-3302
-3319
-3336
-3351
-3366
-3380
-3393
-3405
-3416
-3426
-3436
-3444
-3452
-3458
-3464
-3469
-3473
-3476
-3478
-3479
-3479
-3479
-3477
-3475
-3471
-3467
-3462
-3456
-3448
-3440
-3432
-3422
-3411
-3400
-3387
-3374
-3359
-3344
-3328
-3311
-3293
-3275
-3255
-3235
-3213
-3191
-3168
-3145
-3120
-3094
-3068
-3041
-3013
-2984
-2955
-2925
-2893
-2862
-2829
-2796
-2761
-2727
-2691
-2655
-2618
-2580
-2542
-2502
-2463
-2422
-2381
-2340
-2297
-2254
-2211
-2167
-2122
-2076
-2031
-1984
-1937
-1890
-1842
-1793
-1744
-1695
-1645
-1595
-1544
-1493
-1441
-1389
-1337
-1284
-1231
-1177
-1124
-1070
-1015
-961
-906
-850
-795
-739
-684
-628
-571
-515
-458
-402
-345
-288
-231
-174
-117
-60
-2
54
111
168
225
283
340
397
454
510
567
624
680
736
792
848
904
959
1015
1070
1124
1179
1233
1287
1340
1393
1446
1498
1550
1602
1653
1704
1754
1804
1854
1903
1951
1999
2047
2094
2140
2186
2231
2276
2320
2364
2407
2449
2491
2532
2572
2612
2651
2689
2727
2764
2800
2835
2870
2904
2937
2970
3001
3032
3062
3092
3120
3148
3175
3201
3226
3251
3274
3297
3319
3340
3360
3379
3397
3414
3431
3447
3461
3475
3488
3500
3511
3521
3530
3539
3546
3552
3558
3562
3566
3569
3570
3571
3571
3570
3568
3565
3561
3556
3550
3544
3536
3527
3518
3507
3496
3484
3470
3456
3441
3425
3408
3391
3372
3352
3332
3311
3288
3265
3241
3217
3191
3164
3137
3109
3080
3050
3019
2988
2956
2923
2889
2854
2819
2783
2746
2708
2670
2631
2591
2551
2510
2468
2426
2382
2339
2294
2250
2204
2158
2111
2064
2016
1968
1919
1869
1819
1769
1718
1666
1615
1562
1510
1457
1403
1349
1295
1240
1185
1130
1074
1019
962
906
849
792
735
678
620
562
505
447
388
330
272
213
155
96
37
-20
-79
-138
-196
-255
-314
-372
-430
-489
-547
-605
-663
-721
-778
-836
-893
-950
-1007
-1063
-1119
-1175
-1231
-1286
-1341
-1396
-1450
-1504
-1558
-1611
-1664
-1716
-1768
-1819
-1870
-1921
-1971
-2020
-2069
-2118
-2165
-2213
-2260
-2306
-2351
-2396
-2441
-2484
-2527
-2570
-2612
-2653
-2693
-2733
-2772
-2810
-2847
-2884
-2920
-2956
-2990
-3024
-3057
-3089
-3120
-3151
-3180
-3209
-3237
-3264
-3291
-3316
-3341
-3365
-3387
-3409
-3430
-3451
-3470
-3488
-3506
-3522
-3538
-3552
-3566
-3579
-3591
-3602
-3612
-3621
-3629
-3636
-3642
-3647
-3652
-3655
-3657
-3658
-3659
-3658
-3657
-3654
-3651
-3646
-3641
-3635
-3627
-3619
-3610
-3600
-3589
-3576
-3563
-3549
-3535
-3519
-3502
-3484
-3466
-3446
-3426
-3404
-3382
-3359
-3335
-3310
-3284
-3258
-3230
-3202
-3172
-3142
-3111
-3080
-3047
-3014
-2979
-2945
-2909
-2872
-2835
-2797
-2758
-2719
-2678
-2637
-2596
-2553
-2510
-2466
-2422
-2377
-2331
-2285
-2238
-2191
-2143
-2094
-2045
-1995
-1945
-1894
-1842
-1790
-1738
-1685
-1632
-1578
-1524
-1470
-1415
-1359
-1304
-1248
-1191
-1134
-1077
-1020
-962
-905
-846
-788
-729
-671
-612
-552
-493
-434
-374
-314
-254
-195
-135
-75
-15
44
105
165
225
285
345
404
464
524
583
643
702
761
820
878
937
995
1053
1111
1168
1225
1282
1339
1395
1450
1506
1561
1616
1670
1724
1777
1830
1882
1934
1986
2037
2087
2137
2186
2235
2283
2331
2378
2424
2470
2515
2559
2603
2646
2689
2730
2771
2812
2851
2890
2928
2965
3002
3038
3073
3107
3140
3173
3204
3235
3265
3294
3323
3350
3377
3402
3427
3451
3474
3496
3517
3538
3557
3575
3593
3609
3625
3639
3653
3666
3677
3688
3698
3707
3715
3721
3727
3732
3736
3739
3741
3742
3742
3741
3739
3736
3732
3727
3721
3714
3706
3697
3688
3677
3665
3652
3639
3624
3608
3592
3574
3556
3536
3516
3495
3472
3449
3425
3400
3374
3348
3320
3291
3262
3232
3201
3169
3136
3102
3068
3032
2996
2959
2922
2883
2844
2804
2763
2722
2680
2637
2593
2549
2504
2458
2412
2365
2317
2269
2220
2171
2121
2070
2019
1968
1915
1863
1810
1756
1702
1647
1592
1536
1480
1424
1367
1310
1253
1195
1137
1079
1020
961
902
842
782
722
662
602
541
480
420
359
298
236
175
114
53
-8
-69
-131
-192
-253
-314
-376
-437
-498
-559
-619
-680
-740
-801
-861
-921
-980
-1039
-1099
-1157
-1216
-1274
-1332
-1390
-1447
-1504
-1560
-1616
-1672
-1727
-1782
-1836
-1890
-1943
-1996
-2049
-2100
-2152
-2202
-2252
-2302
-2351
-2399
-2447
-2494
-2541
-2586
-2632
-2676
-2720
-2763
-2805
-2847
-2887
-2928
-2967
-3005
-3043
-3080
-3116
-3152
-3186
-3220
-3253
-3285
-3316
-3346
-3376
-3404
-3432
-3459
-3485
-3509
-3533
-3557
-3579
-3600
-3620
-3640
-3658
-3675
-3692
-3707
-3722
-3735
-3748
-3759
-3770
-3779
-3788
-3796
-3802
-3808
-3812
-3816
-3819
-3820
-3821
-3820
-3819
-3816
-3813
-3809
-3803
-3797
-3789
-3781
-3771
-3761
-3749
-3737
-3723
-3709
-3694
-3677
-3660
-3642
-3622
-3602
-3581
-3559
-3536
-3512
-3487
-3461
-3434
-3406
-3378
-3348
-3318
-3287
-3255
-3222
-3188
-3153
-3118
-3081
-3044
-3006
-2967
-2928
-2887
-2846
-2804
-2762
-2718
-2674
-2630
-2584
-2538
-2491
-2443
-2395
-2346
-2297
-2247
-2196
-2145
-2093
-2041
-1988
-1934
-1880
-1826
-1771
-1715
-1659
-1603
-1546
-1489
-1431
-1373
-1315
-1256
-1197
-1138
-1078
-1018
-958
-897
-836
-775
-714
-652
-591
-529
-467
-405
-342
-280
-218
-155
-93
-30
32
94
157
219
282
344
407
469
531
593
655
717
778
840
901
962
1023
1083
1143
1203
1263
1322
1381
1439
1498
1555
1613
1670
1726
1783
1838
1893
1948
2002
2056
2109
2162
2214
2265
2316
2367
2416
2465
2514
2562
2609
2655
2701
2746
2790
2834
2877
2919
2960
3001
3040
3079
3118
3155
3191
3227
3262
3296
3329
3362
3393
3423
3453
3482
3510
3537
3562
3588
3612
3635
3657
3678
3698
3718
3736
3753
3770
3785
3800
3813
3825
3837
3847
3856
3865
3872
3878
3884
3888
3891
3893
3895
3895
3894
3892
3889
3885
3880
3874
3867
3859
3850
3840
3829
3817
3804
3790
3775
3759
3742
3723
3704
3684
3663
3641
3618
3595
3570
3544
3517
3490
3461
3431
3401
3370
3338
3304
3270
3236
3200
3163
3126
3088
3049
3009
2968
2927
2885
2842
2798
2753
2708
2662
2616
2568
2520
2472
2422
2372
2322
2270
2218
2166
2113
2059
2005
1950
1895
1840
1783
1727
1669
1612
1554
1495
1436
1377
1317
1257
1197
1136
1075
1014
953
891
829
766
704
641
578
515
452
389
325
262
198
134
71
7
-56
-120
-183
-247
-311
-374
-438
-501
-564
-628
-691
-753
-816
-878
-941
-1003
-1064
-1126
-1187
-1248
-1308
-1369
-1428
-1488
-1547
-1606
-1664
-1722
-1779
-1836
-1893
-1949
-2004
-2059
-2114
-2168
-2221
-2274
-2326
-2378
-2429
-2479
-2529
-2578
-2626
-2674
-2721
-2767
-2812
-2857
-2901
-2945
-2987
-3029
-3070
-3110
-3150
-3188
-3226
-3263
-3299
-3334
-3368
-3402
-3434
-3466
-3496
-3526
-3555
-3583
-3610
-3636
-3661
-3685
-3709
-3731
-3752
-3772
-3792
-3810
-3827
-3843
-3859
-3873
-3886
-3898
-3909
-3920
-3929
-3937
-3944
-3950
-3955
-3959
-3962
-3963
-3964
-3964
-3963
-3960
-3957
-3953
-3947
-3941
-3933
-3924
-3915
-3904
-3893
-3880
-3866
-3851
-3836
-3819
-3801
-3782
-3762
-3742
-3720
-3697
-3673
-3649
-3623
-3596
-3569
-3540
-3511
-3481
-3449
-3417
-3384
-3350
-3315
-3279
-3242
-3205
-3167
-3127
-3087
-3046
-3005
-2962
-2919
-2875
-2830
-2785
-2738
-2691
-2644
-2595
-2546
-2496
-2446
-2395
-2343
-2291
-2238
-2184
-2130
-2075
-2020
-1964
-1907
-1850
-1793
-1735
-1677
-1618
-1559
-1499
-1439
-1379
-1318
-1257
-1195
-1133
-1071
-1009
-946
-883
-820
-756
-693
-629
-565
-501
-436
-372
-307
-243
-178
-113
-48
15
80
145
210
275
340
404
469
533
597
662
726
789
853
916
980
1042
1105
1167
1230
1291
1353
1414
1475
1535
1595
1654
1713
1772
1830
1888
1945
2002
2058
2114
2169
2224
2278
2331
2384
2436
2488
2539
2589
2639
2687
2736
2783
2830
2876
2921
2966
3010
3052
3095
3136
3176
3216
3255
3293
3330
3366
3402
3436
3470
3503
3534
3565
3595
3624
3652
3679
3705
3731
3755
3778
3800
3821
3841
3861
3879
3896
3912
3927
3941
3954
3966
3977
3987
3996
4004
4011
4016
4021
4024
4027
4028
4029
4028
4026
4024
4020
4015
4009
4002
3994
3985
3975
3963
3951
3938
3923
3908
3892
3874
3856
3836
3816
3794
3772
3748
3724
3698
3672
3644
3616
3587
3556
3525
3493
3460
3426
3391
3355
3318
3281
3242
3203
3163
3122
3080
3037
2994
2950
2905
2859
2812
2765
2717
2668
2619
2568
2518
2466
2414
2361
2308
2253
2199
2143
2088
2031
1974
1917
1859
1800
1741
1682
1622
1562
1501
1440
1378
1316
1254
1191
1129
1065
1002
938
874
810
745
680
615
550
485
420
354
289
223
157
91
26
-39
-105
-171
-237
-303
-368
-434
-499
-565
-630
-695
-760
-825
-889
-954
-1018
-1081
-1145
-1208
-1271
-1334
-1396
-1458
-1519
-1580
-1641
-1701
-1761
-1821
-1879
-1938
-1996
-2053
-2110
-2166
-2222
-2277
-2332
-2386
-2439
-2492
-2544
-2596
-2647
-2697
-2746
-2795
-2843
-2890
-2936
-2982
-3027
-3071
-3114
-3157
-3198
-3239
-3279
-3318
-3356
-3394
-3430
-3466
-3500
-3534
-3567
-3599
-3630
-3660
-3689
-3717
-3744
-3770
-3795
-3820
-3843
-3865
-3886
-3906
-3925
-3943
-3960
-3976
-3991
-4005
-4018
-4029
-4040
-4050
-4058
-4066
-4072
-4078
-4082
-4085
-4087
-4088
-4088
-4087
-4085
-4082
-4078
-4072
-4066
-4058
-4050
-4040
-4029
-4017
-4005
-3991
-3976
-3960
-3943
-3925
-3905
-3885
-3864
-3842
-3819
-3794
-3769
-3743
-3716
-3687
-3658
-3628
-3597
-3565
-3532
-3498
-3463
-3427
-3391
-3353
-3315
-3275
-3235
-3194
-3152
-3109
-3066
-3021
-2976
-2930
-2883
-2836
-2788
-2739
-2689
-2638
-2587
-2535
-2483
-2430
-2376
-2321
-2266
-2211
-2154
-2097
-2040
-1982
-1923
-1864
-1805
-1745
-1685
-1624
-1562
-1500
-1438
-1376
-1313
-1250
-1186
-1122
-1058
-993
-928
-863
-798
-732
-667
-601
-535
-469
-402
-336
-269
-203
-136
-69
-2
64
130
197
264
330
397
464
530
596
662
728
794
859
925
990
1055
1119
1184
1248
1311
1374
1437
1500
1562
1624
1685
1746
1807
1867
1927
1986
2044
2102
2160
2217
2273
2329
2384
2438
2492
2545
2598
2650
2701
2751
2801
2850
2899
2946
2993
3039
3084
3128
3172
3215
3257
3298
3338
3377
3416
3453
3490
3526
3560
3594
3627
3659
3690
3720
3749
3777
3804
3831
3856
3880
3903
3925
3946
3966
3985
4003
4019
4035
4050
4064
4076
4088
4098
4107
4116
4123
4129
4134
4138
4141
4143
4143
4143
4141
4139
4135
4130
4124
4117
4109
4100
4090
4079
4066
4053
4039
4023
4006
3989
3970
3950
3929
3907
3885
3861
3836
3810
3783
3755
3726
3696
3665
3633
3600
3567
3532
3496
3460
3422
3384
3344
3304
3263
3221
3178
3135
3090
3045
2999
2952
2904
2856
2807
2757
2706
2655
2603
2550
2496
2442
2387
2332
2276
2219
2162
2104
2046
1987
1927
1868
1807
1746
1685
1623
1561
1498
1435
1371
1307
1243
1179
1114
1048
983
917
851
785
719
652
585
518
451
384
316
249
182
114
46
-20
-88
-156
-223
-291
-358
-426
-493
-560
-627
-694
-761
-827
-893
-959
-1025
-1091
-1156
-1221
-1286
-1350
-1414
-1478
-1541
-1604
-1666
-1728
-1790
-1851
-1911
-1972
-2031
-2090
-2149
-2207
-2264
-2321
-2377
-2433
-2488
-2542
-2596
-2648
-2701
-2752
-2803
-2853
-2903
-2951
-2999
-3046
-3092
-3138
-3182
-3226
-3269
-3311
-3353
-3393
-3432
-3471
-3509
-3545
-3581
-3616
-3650
-3683
-3715
-3746
-3776
-3805
-3833
-3860
-3886
-3911
-3935
-3958
-3980
-4001
-4021
-4039
-4057
-4074
-4089
-4104
-4117
-4130
-4141
-4151
-4160
-4168
-4175
-4181
-4185
-4189
-4191
-4193
-4193
-4192
-4190
-4187
-4183
-4178
-4171
-4164
-4156
-4146
-4135
-4123
-4110
-4096
-4081
-4065
-4048
-4030
-4010
-3990
-3968
-3946
-3922
-3898
-3872
-3846
-3818
-3789
-3760
-3729
-3697
-3665
-3631
-3596
-3561
-3525
-3487
-3449
-3410
-3370
-3329
-3287
-3244
-3200
-3156
-3111
-3064
-3018
-2970
-2921
-2872
-2822
-2771
-2720
-2667
-2614
-2561
-2506
-2451
-2396
-2339
-2283
-2225
-2167
-2108
-2049
-1989
-1929
-1868
-1807
-1745
-1682
-1620
-1557
-1493
-1429
-1365
-1300
-1235
-1169
-1104
-1038
-971
-905
-838
-771
-704
-636
-568
-501
-433
-365
-297
-228
-160
-92
-23
44
113
181
249
318
386
454
522
590
657
725
792
860
927
993
1060
1126
1192
1257
1323
1388
1452
1516
1580
1643
1706
1769
1831
1893
1954
2014
2074
2134
2193
2251
2309
2366
2423
2479
2534
2589
2643
2696
2749
2800
2852
2902
2952
3000
3049
3096
3142
3188
3233
3277
3320
3362
3403
3444
3483
3522
3560
3597
3632
3667
3701
3734
3766
3797
3827
3856
3884
3911
3937
3962
3986
4009
4030
4051
4071
4089
4107
4123
4139
4153
4166
4178
4189
4199
4208
4215
4222
4227
4231
4235
4237
4238
4238
4236
4234
4230
4226
4220
4213
4205
4196
4186
4175
4163
4149
4135
4119
4102
4084
4066
4046
4025
4002
3979
3955
3930
3904
3876
3848
3819
3788
3757
3725
3691
3657
3622
3586
3548
3510
3471
3431
3390
3349
3306
3263
3218
3173
3127
3080
3032
2984
2934
2884
2834
2782
2730
2677
2623
2568
2513
2457
2401
2344
2286
2228
2169
2109
2049
1989
1927
1866
1804
1741
1678
1614
1550
1486
1421
1356
1291
1225
1158
1092
1025
958
891
823
755
687
619
551
482
414
345
276
207
138
69
0
-68
-137
-206
-275
-344
-413
-482
-551
-619
-687
-756
-823
-891
-959
-1026
-1093
-1160
-1226
-1292
-1358
-1424
-1489
-1553
-1618
-1681
-1745
-1808
-1870
-1932
-1994
-2055
-2115
-2175
-2234
-2293
-2351
-2409
-2466
-2522
-2578
-2633
-2687
-2740
-2793
-2845
-2897
-2947
-2997
-3046
-3094
-3142
-3188
-3234
-3279
-3323
-3366
-3409
-3450
-3491
-3530
-3569
-3607
-3643
-3679
-3714
-3748
-3781
-3813
-3844
-3874
-3903
-3930
-3957
-3983
-4008
-4032
-4054
-4076
-4096
-4116
-4134
-4151
-4168
-4183
-4197
-4209
-4221
-4232
-4241
-4250
-4257
-4263
-4268
-4272
-4275
-4277
-4277
-4277
-4275
-4272
-4268
-4263
-4257
-4250
-4241
-4232
-4221
-4209
-4197
-4183
-4168
-4151
-4134
-4116
-4096
-4076
-4054
-4031
-4008
-3983
-3957
-3930
-3902
-3873
-3843
-3812
-3780
-3747
-3713
-3678
-3642
-3606
-3568
-3529
-3489
-3449
-3407
-3365
-3321
-3277
-3232
-3186
-3139
-3092
-3043
-2994
-2944
-2893
-2841
-2789
-2736
-2682
-2628
-2572
-2517
-2460
-2403
-2345
-2287
-2227
-2168
-2108
-2047
-1985
-1924
-1861
-1798
-1735
-1671
-1607
-1542
-1477
-1412
-1346
-1279
-1213
-1146
-1079
-1011
-943
-875
-807
-739
-670
-601
-532
-463
-394
-324
-255
-185
-116
-46
23
93
162
232
301
371
440
510
579
648
717
785
854
922
990
1058
1125
1192
1259
1326
1392
1458
1523
1589
1653
1717
1781
1845
1907
1970
2032
2093
2154
2214
2274
2333
2391
2449
2506
2562
2618
2673
2728
2782
2835
2887
2938
2989
3039
3088
3137
3184
3231
3277
3322
3366
3409
3451
3493
3533
3573
3611
3649
3686
3722
3756
3790
3823
3855
3886
3916
3944
3972
3999
4024
4049
4072
4095
4116
4136
4156
4174
4191
4207
4221
4235
4248
4259
4270
4279
4287
4294
4300
4304
4308
4310
4312
4312
4311
4309
4305
4301
4296
4289
4281
4272
4262
4251
4239
4225
4211
4195
4179
4161
4142
4122
4101
4079
4055
4031
4006
3979
3952
3923
3894
3863
3831
3799
3765
3731
3695
3658
3621
3582
3543
3503
3461
3419
3376
3332
3287
3241
3195
3147
3099
3050
3000
2949
2898
2846
2793
2739
2684
2629
2573
2517
2459
2402
2343
2284
2224
2164
2103
2042
1980
1917
1854
1790
1726
1662
1597
1532
1466
1400
1333
1266
1199
1132
1064
996
927
859
790
721
652
582
513
443
373
303
233
163
93
23
-47
-117
-187
-257
-327
-397
-467
-537
-606
-676
-745
-814
-883
-952
-1020
-1088
-1156
-1224
-1291
-1358
-1425
-1491
-1557
-1622
-1687
-1752
-1816
-1879
-1942
-2005
-2067
-2129
-2190
-2250
-2310
-2369
-2428
-2486
-2543
-2600
-2656
-2711
-2766
-2819
-2873
-2925
-2976
-3027
-3077
-3127
-3175
-3222
-3269
-3315
-3360
-3404
-3447
-3490
-3531
-3571
-3611
-3650
-3687
-3724
-3760
-3794
-3828
-3861
-3892
-3923
-3953
-3981
-4009
-4035
-4061
-4085
-4108
-4130
-4152
-4172
-4190
-4208
-4225
-4241
-4255
-4269
-4281
-4292
-4302
-4311
-4318
-4325
-4331
-4335
-4338
-4340
-4341
-4341
-4339
-4337
-4333
-4328
-4322
-4315
-4307
-4298
-4287
-4275
-4263
-4249
-4234
-4218
-4201
-4182
-4163
-4142
-4121
-4098
-4074
-4049
-4023
-3996
-3968
-3939
-3909
-3878
-3846
-3813
-3778
-3743
-3707
-3670
-3632
-3593
-3553
-3512
-3470
-3427
-3383
-3339
-3293
-3247
-3199
-3151
-3103
-3053
-3002
-2951
-2899
-2846
-2792
-2738
-2683
-2627
-2571
-2514
-2456
-2397
-2338
-2278
-2218
-2157
-2096
-2034
-1971
-1908
-1844
-1780
-1716
-1651
-1585
-1519
-1453
-1386
-1319
-1252
-1184
-1116
-1048
-979
-910
-841
-772
-702
-632
-562
-492
-422
-352
-281
-211
-140
-70
0
71
141
212
282
353
423
493
564
634
703
773
842
912
981
1049
1118
1186
1254
1322
1389
1456
1522
1588
1654
1719
1784
1848
1912
1975
2038
2100
2162
2223
2284
2344
2403
2462
2520
2577
2634
2690
2745
2800
2854
2907
2959
3011
3062
3112
3161
3209
3257
3304
3349
3394
3438
3482
3524
3565
3605
3645
3683
3721
3757
3793
3827
3861
3893
3925
3955
3985
4013
4040
4067
4092
4116
4139
4161
4182
4201
4220
4238
4254
4269
4284
4297
4308
4319
4329
4337
4345
4351
4356
4360
4363
4364
4365
4364
4362
4359
4355
4350
4344
4336
4327
4318
4307
4295
4281
4267
4252
4235
4217
4198
4178
4157
4135
4112
4088
4062
4036
4008
3980
3950
3920
3888
3855
3821
3787
3751
3714
3677
3638
3598
3558
3516
3474
3430
3386
3341
3295
3248
3200
3152
3102
3052
3001
2949
2896
2843
2789
2734
2678
2622
2565
2507
2449
2390
2330
2270
2209
2148
2086
2023
1960
1896
1832
1768
1702
1637
1571
1505
1438
1371
1303
1235
1167
1099
1030
961
891
822
752
682
612
542
471
401
330
259
188
117
46
-24
-95
-166
-236
-307
-378
-449
-519
-590
-660
-730
-800
-870
-939
-1008
-1077
-1146
-1215
-1283
-1350
-1418
-1485
-1551
-1618
-1683
-1749
-1814
-1878
-1942
-2005
-2068
-2131
-2193
-2254
-2314
-2374
-2434
-2493
-2551
-2608
-2665
-2721
-2776
-2831
-2885
-2938
-2990
-3042
-3093
-3143
-3192
-3240
-3288
-3334
-3380
-3425
-3469
-3512
-3554
-3595
-3635
-3674
-3712
-3750
-3786
-3821
-3856
-3889
-3921
-3953
-3983
-4012
-4040
-4067
-4093
-4118
-4142
-4165
-4186
-4207
-4226
-4245
-4262
-4278
-4293
-4307
-4319
-4331
-4341
-4351
-4359
-4366
-4372
-4376
-4380
-4382
-4383
-4383
-4382
-4380
-4377
-4372
-4367
-4360
-4352
-4343
-4332
-4321
-4308
-4295
-4280
-4264
-4247
-4229
-4209
-4189
-4167
-4145
-4121
-4096
-4070
-4043
-4015
-3986
-3956
-3925
-3893
-3860
-3826
-3790
-3754
-3717
-3679
-3639
-3599
-3558
-3516
-3473
-3429
-3385
-3339
-3292
-3245
-3197
-3148
-3098
-3047
-2995
-2943
-2890
-2836
-2781
-2726
-2670
-2613
-2556
-2497
-2439
-2379
-2319
-2258
-2197
-2135
-2073
-2010
-1946
-1882
-1818
-1753
-1687
-1621
-1555
-1488
-1421
-1353
-1286
-1217
-1149
-1080
-1011
-941
-872
-802
-732
-661
-591
-520
-449
-378
-307
-236
-165
-94
-23
47
119
190
261
332
403
474
545
615
686
756
826
896
966
1035
1104
1173
1242
1310
1378
1445
1512
1579
1645
1711
1777
1842
1906
1970
2033
2096
2159
2221
2282
2342
2402
2462
2521
2579
2636
2693
2749
2804
2859
2912
2965
3018
3069
3120
3170
3219
3267
3314
3360
3406
3451
3494
3537
3579
3620
3660
3699
3737
3774
3810
3845
3879
3912
3945
3975
4005
4034
4062
4089
4115
4139
4163
4185
4206
4227
4246
4264
4281
4296
4311
4324
4337
4348
4358
4367
4375
4381
4387
4391
4394
4396
4397
4397
4395
4392
4389
4384
4377
4370
4362
4352
4342
4330
4317
4303
4287
4271
4253
4235
4215
4194
4172
4149
4125
4100
4073
4046
4017
3988
3957
3926
3893
3859
3825
3789
3752
3715
3676
3636
3596
3554
3512
3468
3424
3379
3333
3286
3238
3189
3140
3089
3038
2986
2933
2880
2826
2771
2715
2658
2601
2543
2485
2425
2366
2305
2244
2182
2120
2057
1994
1930
1866
1801
1735
1670
1603
1537
1470
1402
1334
1266
1198
1129
1060
990
921
851
780
710
640
569
498
427
356
285
213
142
71
0
-71
-143
-214
-285
-356
-428
-499
-569
-640
-711
-781
-851
-921
-991
-1060
-1130
-1199
-1267
-1335
-1403
-1471
-1538
-1605
-1671
-1737
-1802
-1867
-1932
-1996
-2059
-2122
-2184
-2246
-2307
-2368
-2428
-2487
-2545
-2603
-2661
-2717
-2773
-2828
-2883
-2936
-2989
-3041
-3093
-3143
-3193
-3241
-3289
-3336
-3383
-3428
-3472
-3516
-3559
-3600
-3641
-3681
-3719
-3757
-3794
-3830
-3865
-3898
-3931
-3963
-3993
-4023
-4052
-4079
-4106
-4131
-4155
-4178
-4200
-4221
-4241
-4260
-4278
-4294
-4309
-4324
-4337
-4349
-4360
-4369
-4378
-4385
-4391
-4396
-4400
-4403
-4404
-4405
-4404
-4402
-4399
-4395
-4390
-4383
-4375
-4366
-4356
-4345
-4333
-4320
-4305
-4289
-4273
-4255
-4236
-4215
-4194
-4172
-4148
-4124
-4098
-4071
-4043
-4014
-3985
-3954
-3922
-3888
-3854
-3819
-3783
-3746
-3708
-3669
-3629
-3588
-3546
-3503
-3459
-3415
-3369
-3322
-3275
-3227
-3178
-3128
-3077
-3026
-2973
-2920
-2866
-2812
-2756
-2700
-2643
-2586
-2528
-2469
-2409
-2349
-2288
-2227
-2165
-2102
-2039
-1976
-1911
-1847
-1782
-1716
-1650
-1584
-1517
-1449
-1382
-1314
-1245
-1176
-1107
-1038
-968
-899
-828
-758
-688
-617
-546
-475
-404
-333
-261
-190
-119
-47
23
95
166
238
309
380
452
523
594
664
735
805
876
945
1015
1085
1154
1223
1291
1359
1427
1495
1562
1628
1695
1760
1826
1890
1955
2019
2082
2145
2207
2268
2329
2390
2450
2509
2567
2625
2682
2738
2794
2849
2903
2957
3009
3061
3112
3162
3212
3260
3308
3355
3401
3446
3490
3533
3575
3617
3657
3697
3735
3772
3809
3844
3879
3912
3945
3976
4006
4036
4064
4091
4117
4142
4166
4189
4211
4231
4251
4269
4286
4302
4317
4331
4344
4355
4366
4375
4383
4390
4396
4400
4404
4406
4407
4407
4406
4404
4400
4396
4390
4383
4375
4366
4355
4344
4331
4317
4302
4286
4269
4251
4231
4211
4189
4166
4142
4117
4091
4064
4036
4006
3976
3945
3912
3879
3844
3809
3772
3735
3697
3657
3617
3575
3533
3490
3446
3401
3355
3308
3260
3212
3162
3112
3061
3009
2957
2903
2849
2794
2738
2682
2625
2567
2509
2450
2390
2329
2268
2207
2145
2082
2019
1955
1890
1826
1760
1695
1628
1562
1495
1427
1359
1291
1223
1154
1085
1015
945
876
805
735
664
594
523
452
380
309
238
166
95
23
-47
-119
-190
-261
-333
-404
-475
-546
-617
-688
-758
-828
-899
-968
-1038
-1107
-1176
-1245
-1314
-1382
-1449
-1517
-1584
-1650
-1716
-1782
-1847
-1911
-1976
-2039
-2102
-2165
-2227
-2288
-2349
-2409
-2469
-2528
-2586
-2643
-2700
-2756
-2812
-2866
-2920
-2973
-3026
-3077
-3128
-3178
-3227
-3275
-3322
-3369
-3415
-3459
-3503
-3546
-3588
-3629
-3669
-3708
-3746
-3783
-3819
-3854
-3888
-3922
-3954
-3985
-4014
-4043
-4071
-4098
-4124
-4148
-4172
-4194
-4215
-4236
-4255
-4273
-4289
-4305
-4320
-4333
-4345
-4356
-4366
-4375
-4383
-4390
-4395
-4399
-4402
-4404
-4405
-4404
-4403
-4400
-4396
-4391
-4385
-4378
-4369
-4360
-4349
-4337
-4324
-4309
-4294
-4278
-4260
-4241
-4221
-4200
-4178
-4155
-4131
-4106
-4079
-4052
-4023
-3993
-3963
-3931
-3898
-3865
-3830
-3794
-3757
-3719
-3681
-3641
-3600
-3559
-3516
-3472
-3428
-3383
-3336
-3289
-3241
-3193
-3143
-3093
-3041
-2989
-2936
-2883
-2828
-2773
-2717
-2661
-2603
-2545
-2487
-2428
-2368
-2307
-2246
-2184
-2122
-2059
-1996
-1932
-1867
-1802
-1737
-1671
-1605
-1538
-1471
-1403
-1335
-1267
-1199
-1130
-1060
-991
-921
-851
-781
-711
-640
-569
-499
-428
-356
-285
-214
-143
-71
0
71
142
213
285
356
427
498
569
640
710
780
851
921
990
1060
1129
1198
1266
1334
1402
1470
1537
1603
1670
1735
1801
1866
1930
1994
2057
2120
2182
2244
2305
2366
2425
2485
2543
2601
2658
2715
2771
2826
2880
2933
2986
3038
3089
3140
3189
3238
3286
3333
3379
3424
3468
3512
3554
3596
3636
3676
3715
3752
3789
3825
3859
3893
3926
3957
3988
4017
4046
4073
4100
4125
4149
4172
4194
4215
4235
4253
4271
4287
4303
4317
4330
4342
4352
4362
4370
4377
4384
4389
4392
4395
4397
4397
4396
4394
4391
4387
4381
4375
4367
4358
4348
4337
4324
4311
4296
4281
4264
4246
4227
4206
4185
4163
4139
4115
4089
4062
4034
4005
3975
3945
3912
3879
3845
3810
3774
3737
3699
3660
3620
3579
3537
3494
3451
3406
3360
3314
3267
3219
3170
3120
3069
3018
2965
2912
2859
2804
2749
2693
2636
2579
2521
2462
2402
2342
2282
2221
2159
2096
2033
1970
1906
1842
1777
1711
1645
1579
1512
1445
1378
1310
1242
1173
1104
1035
966
896
826
756
686
615
545
474
403
332
261
190
119
47
-23
-94
-165
-236
-307
-378
-449
-520
-591
-661
-732
-802
-872
-941
-1011
-1080
-1149
-1217
-1286
-1353
-1421
-1488
-1555
-1621
-1687
-1753
-1818
-1882
-1946
-2010
-2073
-2135
-2197
-2258
-2319
-2379
-2439
-2497
-2556
-2613
-2670
-2726
-2781
-2836
-2890
-2943
-2995
-3047
-3098
-3148
-3197
-3245
-3292
-3339
-3385
-3429
-3473
-3516
-3558
-3599
-3639
-3679
-3717
-3754
-3790
-3826
-3860
-3893
-3925
-3956
-3986
-4015
-4043
-4070
-4096
-4121
-4145
-4167
-4189
-4209
-4229
-4247
-4264
-4280
-4295
-4308
-4321
-4332
-4343
-4352
-4360
-4367
-4372
-4377
-4380
-4382
-4383
-4383
-4382
-4380
-4376
-4372
-4366
-4359
-4351
-4341
-4331
-4319
-4307
-4293
-4278
-4262
-4245
-4226
-4207
-4186
-4165
-4142
-4118
-4093
-4067
-4040
-4012
-3983
-3953
-3921
-3889
-3856
-3821
-3786
-3750
-3712
-3674
-3635
-3595
-3554
-3512
-3469
-3425
-3380
-3334
-3288
-3240
-3192
-3143
-3093
-3042
-2990
-2938
-2885
-2831
-2776
-2721
-2665
-2608
-2551
-2493
-2434
-2374
-2314
-2254
-2193
-2131
-2068
-2005
-1942
-1878
-1814
-1749
-1683
-1618
-1551
-1485
-1418
-1350
-1283
-1215
-1146
-1077
-1008
-939
-870
-800
-730
-660
-590
-519
-449
-378
-307
-236
-166
-95
-24
46
117
188
259
330
401
471
542
612
682
752
822
891
961
1030
1099
1167
1235
1303
1371
1438
1505
1571
1637
1702
1768
1832
1896
1960
2023
2086
2148
2209
2270
2330
2390
2449
2507
2565
2622
2678
2734
2789
2843
2896
2949
3001
3052
3102
3152
3200
3248
3295
3341
3386
3430
3474
3516
3558
3598
3638
3677
3714
3751
3787
3821
3855
3888
3920
3950
3980
4008
4036
4062
4088
4112
4135
4157
4178
4198
4217
4235
4252
4267
4281
4295
4307
4318
4327
4336
4344
4350
4355
4359
4362
4364
4365
4364
4363
4360
4356
4351
4345
4337
4329
4319
4308
4297
4284
4269
4254
4238
4220
4201
4182
4161
4139
4116
4092
4067
4040
4013
3985
3955
3925
3893
3861
3827
3793
3757
3721
3683
3645
3605
3565
3524
3482
3438
3394
3349
3304
3257
3209
3161
3112
3062
3011
2959
2907
2854
2800
2745
2690
2634
2577
2520
2462
2403
2344
2284
2223
2162
2100
2038
1975
1912
1848
1784
1719
1654
1588
1522
1456
1389
1322
1254
1186
1118
1049
981
912
842
773
703
634
564
493
423
353
282
212
141
71
0
-70
-140
-211
-281
-352
-422
-492
-562
-632
-702
-772
-841
-910
-979
-1048
-1116
-1184
-1252
-1319
-1386
-1453
-1519
-1585
-1651
-1716
-1780
-1844
-1908
-1971
-2034
-2096
-2157
-2218
-2278
-2338
-2397
-2456
-2514
-2571
-2627
-2683
-2738
-2792
-2846
-2899
-2951
-3002
-3053
-3103
-3151
-3199
-3247
-3293
-3339
-3383
-3427
-3470
-3512
-3553
-3593
-3632
-3670
-3707
-3743
-3778
-3813
-3846
-3878
-3909
-3939
-3968
-3996
-4023
-4049
-4074
-4098
-4121
-4142
-4163
-4182
-4201
-4218
-4234
-4249
-4263
-4275
-4287
-4298
-4307
-4315
-4322
-4328
-4333
-4337
-4339
-4341
-4341
-4340
-4338
-4335
-4331
-4325
-4318
-4311
-4302
-4292
-4281
-4269
-4255
-4241
-4225
-4208
-4190
-4172
-4152
-4130
-4108
-4085
-4061
-4035
-4009
-3981
-3953
-3923
-3892
-3861
-3828
-3794
-3760
-3724
-3687
-3650
-3611
-3571
-3531
-3490
-3447
-3404
-3360
-3315
-3269
-3222
-3175
-3127
-3077
-3027
-2976
-2925
-2873
-2819
-2766
-2711
-2656
-2600
-2543
-2486
-2428
-2369
-2310
-2250
-2190
-2129
-2067
-2005
-1942
-1879
-1816
-1752
-1687
-1622
-1557
-1491
-1425
-1358
-1291
-1224
-1156
-1088
-1020
-952
-883
-814
-745
-676
-606
-537
-467
-397
-327
-257
-187
-117
-47
23
93
163
233
303
373
443
513
582
652
721
790
859
927
996
1064
1132
1199
1266
1333
1400
1466
1532
1597
1662
1726
1790
1854
1917
1980
2042
2103
2164
2224
2284
2343
2402
2459
2517
2573
2629
2684
2739
2793
2846
2898
2949
3000
3050
3099
3147
3195
3241
3287
3332
3376
3419
3461
3503
3543
3582
3621
3658
3695
3731
3765
3799
3831
3863
3894
3923
3952
3979
4006
4031
4055
4079
4101
4122
4142
4161
4179
4195
4211
4225
4239
4251
4262
4272
4281
4289
4296
4301
4305
4309
4311
4312
4312
4310
4308
4304
4300
4294
4287
4279
4270
4259
4248
4235
4221
4207
4191
4174
4156
4136
4116
4095
4072
4049
4024
3999
3972
3944
3916
3886
3855
3823
3790
3756
3722
3686
3649
3611
3573
3533
3493
3451
3409
3366
3322
3277
3231
3184
3137
3088
3039
2989
2938
2887
2835
2782
2728
2673
2618
2562
2506
2449
2391
2333
2274
2214
2154
2093
2032
1970
1907
1845
1781
1717
1653
1589
1523
1458
1392
1326
1259
1192
1125
1058
990
922
854
785
717
648
579
510
440
371
301
232
162
93
23
-46
-116
-185
-255
-324
-394
-463
-532
-601
-670
-739
-807
-875
-943
-1011
-1079
-1146
-1213
-1279
-1346
-1412
-1477
-1542
-1607
-1671
-1735
-1798
-1861
-1924
-1985
-2047
-2108
-2168
-2227
-2287
-2345
-2403
-2460
-2517
-2572
-2628
-2682
-2736
-2789
-2841
-2893
-2944
-2994
-3043
-3092
-3139
-3186
-3232
-3277
-3321
-3365
-3407
-3449
-3489
-3529
-3568
-3606
-3642
-3678
-3713
-3747
-3780
-3812
-3843
-3873
-3902
-3930
-3957
-3983
-4008
-4031
-4054
-4076
-4096
-4116
-4134
-4151
-4168
-4183
-4197
-4209
-4221
-4232
-4241
-4250
-4257
-4263
-4268
-4272
-4275
-4277
-4277
-4277
-4275
-4272
-4268
-4263
-4257
-4250
-4241
-4232
-4221
-4209
-4197
-4183
-4168
-4151
-4134
-4116
-4096
-4076
-4054
-4032
-4008
-3983
-3957
-3930
-3903
-3874
-3844
-3813
-3781
-3748
-3714
-3679
-3643
-3607
-3569
-3530
-3491
-3450
-3409
-3366
-3323
-3279
-3234
-3188
-3142
-3094
-3046
-2997
-2947
-2897
-2845
-2793
-2740
-2687
-2633
-2578
-2522
-2466
-2409
-2351
-2293
-2234
-2175
-2115
-2055
-1994
-1932
-1870
-1808
-1745
-1681
-1618
-1553
-1489
-1424
-1358
-1292
-1226
-1160
-1093
-1026
-959
-891
-823
-756
-687
-619
-551
-482
-413
-344
-275
-206
-137
-68
0
69
138
207
276
345
414
482
551
619
687
755
823
891
958
1025
1092
1158
1225
1291
1356
1421
1486
1550
1614
1678
1741
1804
1866
1927
1989
2049
2109
2169
2228
2286
2344
2401
2457
2513
2568
2623
2677
2730
2782
2834
2884
2934
2984
3032
3080
3127
3173
3218
3263
3306
3349
3390
3431
3471
3510
3548
3586
3622
3657
3691
3725
3757
3788
3819
3848
3876
3904
3930
3955
3979
4002
4025
4046
4066
4084
4102
4119
4135
4149
4163
4175
4186
4196
4205
4213
4220
4226
4230
4234
4236
4238
4238
4237
4235
4231
4227
4222
4215
4208
4199
4189
4178
4166
4153
4139
4123
4107
4089
4071
4051
4030
4009
3986
3962
3937
3911
3884
3856
3827
3797
3766
3734
3701
3667
3632
3597
3560
3522
3483
3444
3403
3362
3320
3277
3233
3188
3142
3096
3049
3000
2952
2902
2852
2800
2749
2696
2643
2589
2534
2479
2423
2366
2309
2251
2193
2134
2074
2014
1954
1893
1831
1769
1706
1643
1580
1516
1452
1388
1323
1257
1192
1126
1060
993
927
860
792
725
657
590
522
454
386
318
249
181
113
44
-23
-92
-160
-228
-297
-365
-433
-501
-568
-636
-704
-771
-838
-905
-971
-1038
-1104
-1169
-1235
-1300
-1365
-1429
-1493
-1557
-1620
-1682
-1745
-1807
-1868
-1929
-1989
-2049
-2108
-2167
-2225
-2283
-2339
-2396
-2451
-2506
-2561
-2614
-2667
-2720
-2771
-2822
-2872
-2921
-2970
-3018
-3064
-3111
-3156
-3200
-3244
-3287
-3329
-3370
-3410
-3449
-3487
-3525
-3561
-3596
-3631
-3665
-3697
-3729
-3760
-3789
-3818
-3846
-3872
-3898
-3922
-3946
-3968
-3990
-4010
-4030
-4048
-4065
-4081
-4096
-4110
-4123
-4135
-4146
-4156
-4164
-4171
-4178
-4183
-4187
-4190
-4192
-4193
-4193
-4191
-4189
-4185
-4181
-4175
-4168
-4160
-4151
-4141
-4130
-4117
-4104
-4089
-4074
-4057
-4039
-4021
-4001
-3980
-3958
-3935
-3911
-3886
-3860
-3833
-3805
-3776
-3746
-3715
-3683
-3650
-3616
-3581
-3545
-3509
-3471
-3432
-3393
-3353
-3311
-3269
-3226
-3182
-3138
-3092
-3046
-2999
-2951
-2903
-2853
-2803
-2752
-2701
-2648
-2596
-2542
-2488
-2433
-2377
-2321
-2264
-2207
-2149
-2090
-2031
-1972
-1911
-1851
-1790
-1728
-1666
-1604
-1541
-1478
-1414
-1350
-1286
-1221
-1156
-1091
-1025
-959
-893
-827
-761
-694
-627
-560
-493
-426
-358
-291
-223
-156
-88
-20
46
114
182
249
316
384
451
518
585
652
719
785
851
917
983
1048
1114
1179
1243
1307
1371
1435
1498
1561
1623
1685
1746
1807
1868
1927
1987
2046
2104
2162
2219
2276
2332
2387
2442
2496
2550
2603
2655
2706
2757
2807
2856
2904
2952
2999
3045
3090
3135
3178
3221
3263
3304
3344
3384
3422
3460
3496
3532
3567
3600
3633
3665
3696
3726
3755
3783
3810
3836
3861
3885
3907
3929
3950
3970
3989
4006
4023
4039
4053
4066
4079
4090
4100
4109
4117
4124
4130
4135
4139
4141
4143
4143
4143
4141
4138
4134
4129
4123
4116
4107
4098
4088
4076
4064
4050
4035
4019
4003
3985
3966
3946
3925
3903
3880
3856
3831
3804
3777
3749
3720
3690
3659
3627
3594
3560
3526
3490
3453
3416
3377
3338
3298
3257
3215
3172
3128
3084
3039
2993
2946
2899
2850
2801
2751
2701
2650
2598
2545
2492
2438
2384
2329
2273
2217
2160
2102
2044
1986
1927
1867
1807
1746
1685
1624
1562
1500
1437
1374
1311
1248
1184
1119
1055
990
925
859
794
728
662
596
530
464
397
330
264
197
130
64
-2
-69
-136
-203
-269
-336
-402
-469
-535
-601
-667
-732
-798
-863
-928
-993
-1058
-1122
-1186
-1250
-1313
-1376
-1438
-1500
-1562
-1624
-1685
-1745
-1805
-1864
-1923
-1982
-2040
-2097
-2154
-2211
-2266
-2321
-2376
-2430
-2483
-2535
-2587
-2638
-2689
-2739
-2788
-2836
-2883
-2930
-2976
-3021
-3066
-3109
-3152
-3194
-3235
-3275
-3315
-3353
-3391
-3427
-3463
-3498
-3532
-3565
-3597
-3628
-3658
-3687
-3716
-3743
-3769
-3794
-3819
-3842
-3864
-3885
-3905
-3925
-3943
-3960
-3976
-3991
-4005
-4017
-4029
-4040
-4050
-4058
-4066
-4072
-4078
-4082
-4085
-4087
-4088
-4088
-4087
-4085
-4082
-4078
-4072
-4066
-4058
-4050
-4040
-4029
-4018
-4005
-3991
-3976
-3960
-3943
-3925
-3906
-3886
-3865
-3843
-3820
-3795
-3770
-3744
-3717
-3689
-3660
-3630
-3599
-3567
-3534
-3500
-3466
-3430
-3394
-3356
-3318
-3279
-3239
-3198
-3157
-3114
-3071
-3027
-2982
-2936
-2890
-2843
-2795
-2746
-2697
-2647
-2596
-2544
-2492
-2439
-2386
-2332
-2277
-2222
-2166
-2110
-2053
-1996
-1938
-1879
-1821
-1761
-1701
-1641
-1580
-1519
-1458
-1396
-1334
-1271
-1208
-1145
-1081
-1018
-954
-889
-825
-760
-695
-630
-565
-499
-434
-368
-303
-237
-171
-105
-39
26
91
157
223
289
354
420
485
550
615
680
745
810
874
938
1002
1065
1129
1191
1254
1316
1378
1440
1501
1562
1622
1682
1741
1800
1859
1917
1974
2031
2088
2143
2199
2253
2308
2361
2414
2466
2518
2568
2619
2668
2717
2765
2812
2859
2905
2950
2994
3037
3080
3122
3163
3203
3242
3281
3318
3355
3391
3426
3460
3493
3525
3556
3587
3616
3644
3672
3698
3724
3748
3772
3794
3816
3836
3856
3874
3892
3908
3923
3938
3951
3963
3975
3985
3994
4002
4009
4015
4020
4024
4026
4028
4029
4028
4027
4024
4021
4016
4011
4004
3996
3987
3977
3966
3954
3941
3927
3912
3896
3879
3861
3841
3821
3800
3778
3755
3731
3705
3679
3652
3624
3595
3565
3534
3503
3470
3436
3402
3366
3330
3293
3255
3216
3176
3136
3095
3052
3010
2966
2921
2876
2830
2783
2736
2687
2639
2589
2539
2488
2436
2384
2331
2278
2224
2169
2114
2058
2002
1945
1888
1830
1772
1713
1654
1595
1535
1475
1414
1353
1291
1230
1167
1105
1042
980
916
853
789
726
662
597
533
469
404
340
275
210
145
80
15
-48
-113
-178
-243
-307
-372
-436
-501
-565
-629
-693
-756
-820
-883
-946
-1009
-1071
-1133
-1195
-1257
-1318
-1379
-1439
-1499
-1559
-1618
-1677
-1735
-1793
-1850
-1907
-1964
-2020
-2075
-2130
-2184
-2238
-2291
-2343
-2395
-2446
-2496
-2546
-2595
-2644
-2691
-2738
-2785
-2830
-2875
-2919
-2962
-3005
-3046
-3087
-3127
-3167
-3205
-3242
-3279
-3315
-3350
-3384
-3417
-3449
-3481
-3511
-3540
-3569
-3596
-3623
-3649
-3673
-3697
-3720
-3742
-3762
-3782
-3801
-3819
-3836
-3851
-3866
-3880
-3893
-3904
-3915
-3924
-3933
-3941
-3947
-3953
-3957
-3960
-3963
-3964
-3964
-3963
-3962
-3959
-3955
-3950
-3944
-3937
-3929
-3920
-3909
-3898
-3886
-3873
-3859
-3843
-3827
-3810
-3792
-3772
-3752
-3731
-3709
-3685
-3661
-3636
-3610
-3583
-3555
-3526
-3496
-3466
-3434
-3402
-3368
-3334
-3299
-3263
-3226
-3188
-3150
-3110
-3070
-3029
-2987
-2945
-2901
-2857
-2812
-2767
-2721
-2674
-2626
-2578
-2529
-2479
-2429
-2378
-2326
-2274
-2221
-2168
-2114
-2059
-2004
-1949
-1893
-1836
-1779
-1722
-1664
-1606
-1547
-1488
-1428
-1369
-1308
-1248
-1187
-1126
-1064
-1003
-941
-878
-816
-753
-691
-628
-564
-501
-438
-374
-311
-247
-183
-120
-56
7
71
134
198
262
325
389
452
515
578
641
704
766
829
891
953
1014
1075
1136
1197
1257
1317
1377
1436
1495
1554
1612
1669
1727
1783
1840
1895
1950
2005
2059
2113
2166
2218
2270
2322
2372
2422
2472
2520
2568
2616
2662
2708
2753
2798
2842
2885
2927
2968
3009
3049
3088
3126
3163
3200
3236
3270
3304
3338
3370
3401
3431
3461
3490
3517
3544
3570
3595
3618
3641
3663
3684
3704
3723
3742
3759
3775
3790
3804
3817
3829
3840
3850
3859
3867
3874
3880
3885
3889
3892
3894
3895
3895
3893
3891
3888
3884
3878
3872
3865
3856
3847
3837
3825
3813
3800
3785
3770
3753
3736
3718
3698
3678
3657
3635
3612
3588
3562
3537
3510
3482
3453
3423
3393
3362
3329
3296
3262
3227
3191
3155
3118
3079
3040
3001
2960
2919
2877
2834
2790
2746
2701
2655
2609
2562
2514
2465
2416
2367
2316
2265
2214
2162
2109
2056
2002
1948
1893
1838
1783
1726
1670
1613
1555
1498
1439
1381
1322
1263
1203
1143
1083
1023
962
901
840
778
717
655
593
531
469
407
344
282
219
157
94
32
-30
-93
-155
-218
-280
-342
-405
-467
-529
-591
-652
-714
-775
-836
-897
-958
-1018
-1078
-1138
-1197
-1256
-1315
-1373
-1431
-1489
-1546
-1603
-1659
-1715
-1771
-1826
-1880
-1934
-1988
-2041
-2093
-2145
-2196
-2247
-2297
-2346
-2395
-2443
-2491
-2538
-2584
-2630
-2674
-2718
-2762
-2804
-2846
-2887
-2928
-2967
-3006
-3044
-3081
-3118
-3153
-3188
-3222
-3255
-3287
-3318
-3348
-3378
-3406
-3434
-3461
-3487
-3512
-3536
-3559
-3581
-3602
-3622
-3642
-3660
-3677
-3694
-3709
-3723
-3737
-3749
-3761
-3771
-3781
-3789
-3797
-3803
-3809
-3813
-3816
-3819
-3820
-3821
-3820
-3819
-3816
-3812
-3808
-3802
-3796
-3788
-3779
-3770
-3759
-3748
-3735
-3722
-3707
-3692
-3675
-3658
-3640
-3620
-3600
-3579
-3557
-3533
-3509
-3485
-3459
-3432
-3404
-3376
-3346
-3316
-3285
-3253
-3220
-3186
-3152
-3116
-3080
-3043
-3005
-2967
-2928
-2887
-2847
-2805
-2763
-2720
-2676
-2632
-2586
-2541
-2494
-2447
-2399
-2351
-2302
-2252
-2202
-2152
-2100
-2049
-1996
-1943
-1890
-1836
-1782
-1727
-1672
-1616
-1560
-1504
-1447
-1390
-1332
-1274
-1216
-1157
-1099
-1039
-980
-921
-861
-801
-740
-680
-619
-559
-498
-437
-376
-314
-253
-192
-131
-69
-8
53
114
175
236
298
359
420
480
541
602
662
722
782
842
902
961
1020
1079
1137
1195
1253
1310
1367
1424
1480
1536
1592
1647
1702
1756
1810
1863
1915
1968
2019
2070
2121
2171
2220
2269
2317
2365
2412
2458
2504
2549
2593
2637
2680
2722
2763
2804
2844
2883
2922
2959
2996
3032
3068
3102
3136
3169
3201
3232
3262
3291
3320
3348
3374
3400
3425
3449
3472
3495
3516
3536
3556
3574
3592
3608
3624
3639
3652
3665
3677
3688
3697
3706
3714
3721
3727
3732
3736
3739
3741
3742
3742
3741
3739
3736
3732
3727
3721
3715
3707
3698
3688
3677
3666
3653
3639
3625
3609
3593
3575
3557
3538
3517
3496
3474
3451
3427
3402
3377
3350
3323
3294
3265
3235
3204
3173
3140
3107
3073
3038
3002
2965
2928
2890
2851
2812
2771
2730
2689
2646
2603
2559
2515
2470
2424
2378
2331
2283
2235
2186
2137
2087
2037
1986
1934
1882
1830
1777
1724
1670
1616
1561
1506
1450
1395
1339
1282
1225
1168
1111
1053
995
937
878
820
761
702
643
583
524
464
404
345
285
225
165
105
44
-15
-75
-135
-195
-254
-314
-374
-434
-493
-552
-612
-671
-729
-788
-846
-905
-962
-1020
-1077
-1134
-1191
-1248
-1304
-1359
-1415
-1470
-1524
-1578
-1632
-1685
-1738
-1790
-1842
-1894
-1945
-1995
-2045
-2094
-2143
-2191
-2238
-2285
-2331
-2377
-2422
-2466
-2510
-2553
-2596
-2637
-2678
-2719
-2758
-2797
-2835
-2872
-2909
-2945
-2979
-3014
-3047
-3080
-3111
-3142
-3172
-3202
-3230
-3258
-3284
-3310
-3335
-3359
-3382
-3404
-3426
-3446
-3466
-3484
-3502
-3519
-3535
-3549
-3563
-3576
-3589
-3600
-3610
-3619
-3627
-3635
-3641
-3646
-3651
-3654
-3657
-3658
-3659
-3658
-3657
-3655
-3652
-3647
-3642
-3636
-3629
-3621
-3612
-3602
-3591
-3579
-3566
-3552
-3538
-3522
-3506
-3488
-3470
-3451
-3430
-3409
-3387
-3365
-3341
-3316
-3291
-3264
-3237
-3209
-3180
-3151
-3120
-3089
-3057
-3024
-2990
-2956
-2920
-2884
-2847
-2810
-2772
-2733
-2693
-2653
-2612
-2570
-2527
-2484
-2441
-2396
-2351
-2306
-2260
-2213
-2165
-2118
-2069
-2020
-1971
-1921
-1870
-1819
-1768
-1716
-1664
-1611
-1558
-1504
-1450
-1396
-1341
-1286
-1231
-1175
-1119
-1063
-1007
-950
-893
-836
-778
-721
-663
-605
-547
-489
-430
-372
-314
-255
-196
-138
-79
-20
37
96
155
213
272
330
388
447
505
562
620
678
735
792
849
906
962
1019
1074
1130
1185
1240
1295
1349
1403
1457
1510
1562
1615
1666
1718
1769
1819
1869
1919
1968
2016
2064
2111
2158
2204
2250
2294
2339
2382
2426
2468
2510
2551
2591
2631
2670
2708
2746
2783
2819
2854
2889
2923
2956
2988
3019
3050
3080
3109
3137
3164
3191
3217
3241
3265
3288
3311
3332
3352
3372
3391
3408
3425
3441
3456
3470
3484
3496
3507
3518
3527
3536
3544
3550
3556
3561
3565
3568
3570
3571
3571
3570
3569
3566
3562
3558
3552
3546
3539
3530
3521
3511
3500
3488
3475
3461
3447
3431
3414
3397
3379
3360
3340
3319
3297
3274
3251
3226
3201
3175
3148
3120
3092
3062
3032
3001
2970
2937
2904
2870
2835
2800
2764
2727
2689
2651
2612
2572
2532
2491
2449
2407
2364
2320
2276
2231
2186
2140
2094
2047
1999
1951
1903
1854
1804
1754
1704
1653
1602
1550
1498
1446
1393
1340
1287
1233
1179
1124
1070
1015
959
904
848
792
736
680
624
567
510
454
397
340
283
225
168
111
54
-2
-60
-117
-174
-231
-288
-345
-402
-458
-515
-571
-628
-684
-739
-795
-850
-906
-961
-1015
-1070
-1124
-1177
-1231
-1284
-1337
-1389
-1441
-1493
-1544
-1595
-1645
-1695
-1744
-1793
-1842
-1890
-1937
-1984
-2031
-2076
-2122
-2167
-2211
-2254
-2297
-2340
-2381
-2422
-2463
-2502
-2542
-2580
-2618
-2655
-2691
-2727
-2761
-2796
-2829
-2862
-2893
-2925
-2955
-2984
-3013
-3041
-3068
-3094
-3120
-3145
-3168
-3191
-3213
-3235
-3255
-3275
-3293
-3311
-3328
-3344
-3359
-3374
-3387
-3400
-3411
-3422
-3432
-3440
-3448
-3456
-3462
-3467
-3471
-3475
-3477
-3479
-3479
-3479
-3478
-3476
-3473
-3469
-3464
-3458
-3452
-3444
-3436
-3426
-3416
-3405
-3393
-3380
-3366
-3351
-3336
-3319
-3302
-3284
-3264
-3245
-3224
-3202
-3180
-3156
-3132
-3107
-3082
-3055
-3028
-3000
-2971
-2941
-2911
-2879
-2847
-2815
-2781
-2747
-2712
-2677
-2640
-2603
-2566
-2527
-2488
-2449
-2409
-2368
-2326
-2284
-2242
-2198
-2155
-2110
-2065
-2020
-1974
-1927
-1880
-1833
-1785
-1737
-1688
-1639
-1589
-1539
-1489
-1438
-1386
-1335
-1283
-1231
-1178
-1126
-1072
-1019
-965
-912
-858
-803
-749
-694
-639
-584
-529
-474
-419
-363
-308
-252
-196
-141
-85
-29
25
81
137
192
248
303
359
414
469
524
579
633
688
742
796
850
904
957
1010
1063
1115
1168
1219
1271
1322
1373
1423
1473
1523
1572
1621
1669
1717
1765
1812
1858
1904
1950
1994
2039
2083
2126
2169
2211
2252
2293
2333
2373
2412
2451
2488
2525
2562
2597
2632
2667
2700
2733
2765
2797
2827
2857
2886
2915
2942
2969
2995
3020
3045
3068
3091
3113
3134
3155
3174
3193
3211
3227
3244
3259
3273
3287
3299
3311
3322
3332
3341
3349
3357
3363
3369
3373
3377
3380
3382
3383
3383
3383
3381
3379
3375
3371
3366
3360
3353
3345
3337
3327
3317
3305
3293
3280
3266
3252
3236
3220
3203
3184
3166
3146
3125
3104
3082
3059
3035
3010
2985
2959
2932
2904
2875
2846
2816
2786
2754
2722
2689
2656
2622
2587
2551
2515
2478
2440
2402
2363
2324
2284
2243
2202
2161
2118
2075
2032
1988
1944
1899
1854
1808
1761
1715
1667
1620
1572
1523
1474
1425
1376
1326
1276
1225
1174
1123
1072
1020
968
916
863
811
758
705
652
598
545
491
437
383
330
276
222
167
113
59
5
-48
-102
-156
-210
-264
-318
-371
-425
-479
-532
-585
-638
-691
-743
-796
-848
-900
-952
-1003
-1054
-1105
-1156
-1206
-1256
-1305
-1354
-1403
-1452
-1500
-1547
-1594
-1641
-1688
-1733
-1779
-1824
-1868
-1912
-1955
-1998
-2040
-2082
-2123
-2164
-2204
-2244
-2282
-2321
-2358
-2395
-2431
-2467
-2502
-2537
-2570
-2603
-2635
-2667
-2698
-2728
-2757
-2786
-2814
-2841
-2868
-2893
-2918
-2942
-2966
-2988
-3010
-3031
-3051
-3070
-3089
-3107
-3123
-3139
-3155
-3169
-3183
-3195
-3207
-3218
-3228
-3238
-3246
-3254
-3260
-3266
-3271
-3275
-3279
-3281
-3282
-3283
-3283
-3282
-3280
-3277
-3274
-3269
-3264
-3257
-3250
-3242
-3234
-3224
-3213
-3202
-3190
-3177
-3163
-3148
-3133
-3117
-3099
-3082
-3063
-3043
-3023
-3002
-2980
-2957
-2934
-2909
-2884
-2859
-2832
-2805
-2777
-2748
-2719
-2689
-2658
-2626
-2594
-2561
-2528
-2494
-2459
-2423
-2387
-2351
-2313
-2276
-2237
-2198
-2158
-2118
-2077
-2036
-1994
-1952
-1909
-1866
-1822
-1778
-1733
-1688
-1643
-1597
-1550
-1503
-1456
-1409
-1361
-1313
-1264
-1215
-1166
-1117
-1067
-1017
-966
-916
-865
-814
-763
-712
-660
-609
-557
-505
-453
-401
-349
-296
-244
-192
-139
-87
-34
17
70
122
175
227
279
331
383
435
487
538
590
641
692
743
794
844
895
945
994
1044
1093
1142
1190
1238
1286
1334
1381
1428
1474
1520
1565
1610
1655
1699
1743
1786
1829
1871
1913
1954
1995
2035
2075
2114
2153
2191
2228
2265
2301
2336
2371
2405
2439
2472
2504
2536
2567
2597
2627
2656
2684
2711
2738
2764
2789
2813
2837
2860
2882
2904
2925
2944
2964
2982
2999
3016
3032
3047
3062
3075
3088
3100
3111
3121
3130
3139
3147
3154
3160
3165
3170
3173
3176
3178
3179
3179
3178
3177
3175
3172
3168
3163
3157
3151
3144
3135
3127
3117
3106
3095
3083
3070
3056
3041
3026
3010
2993
2975
2956
2937
2917
2896
2875
2852
2829
2805
2781
2755
2729
2703
2675
2647
2618
2589
2559
2528
2496
2464
2432
2398
2364
2330
2294
2259
2222
2185
2148
2110
2071
2032
1992
1952
1911
1870
1828
1786
1744
1701
1657
1613
1569
1524
1479
1434
1388
1342
1295
1248
1201
1154
1106
1058
1010
961
913
864
814
765
715
666
616
566
516
465
415
364
314
263
213
162
111
60
10
-40
-91
-142
-192
-243
-293
-344
-394
-444
-494
-544
-593
-643
-692
-741
-790
-839
-887
-936
-984
-1031
-1079
-1126
-1172
-1219
-1265
-1311
-1356
-1401
-1446
-1490
-1534
-1577
-1620
-1663
-1705
-1746
-1787
-1828
-1868
-1908
-1947
-1986
-2024
-2061
-2098
-2134
-2170
-2205
-2240
-2274
-2308
-2340
-2372
-2404
-2435
-2465
-2495
-2524
-2552
-2579
-2606
-2632
-2658
-2683
-2707
-2730
-2752
-2774
-2795
-2816
-2835
-2854
-2872
-2890
-2906
-2922
-2937
-2951
-2965
-2977
-2989
-3000
-3011
-3020
-3029
-3037
-3044
-3050
-3055
-3060
-3064
-3067
-3069
-3071
-3071
-3071
-3070
-3068
-3066
-3062
-3058
-3053
-3047
-3040
-3033
-3025
-3016
-3006
-2995
-2984
-2972
-2959
-2945
-2931
-2915
-2899
-2882
-2865
-2847
-2828
-2808
-2787
-2766
-2744
-2721
-2698
-2674
-2649
-2624
-2597
-2571
-2543
-2515
-2486
-2457
-2427
-2396
-2365
-2333
-2300
-2267
-2233
-2199
-2164
-2129
-2093
-2056
-2019
-1981
-1943
-1905
-1866
-1826
-1786
-1746
-1705
-1663
-1622
-1579
-1537
-1494
-1451
-1407
-1363
-1318
-1274
-1229
-1183
-1138
-1092
-1045
-999
-952
-905
-858
-811
-763
-715
-667
-619
-571
-523
-474
-426
-377
-328
-279
-231
-182
-133
-84
-35
13
62
111
160
209
258
306
355
403
452
500
548
596
643
691
738
785
832
879
925
971
1017
1062
1108
1153
1197
1242
1285
1329
1372
1415
1458
1500
1541
1582
1623
1664
1703
1743
1782
1820
1858
1896
1933
1969
2005
2040
2075
2109
2143
2176
2209
2240
2272
2302
2333
2362
2391
2419
2446
2473
2500
2525
2550
2574
2598
2620
2642
2664
2685
2704
2724
2742
2760
2777
2793
2809
2824
2838
2851
2864
2875
2886
2897
2906
2915
2923
2930
2937
2942
2947
2951
2954
2957
2959
2960
2960
2959
2958
2956
2953
2949
2944
2939
2933
2926
2919
2910
2901
2891
2881
2869
2857
2844
2831
2816
2801
2785
2769
2751
2733
2715
2695
2675
2654
2633
2610
2588
2564
2540
2515
2489
2463
2436
2409
2381
2352
2323
2293
2262
2231
2199
2167
2134
2101
2067
2033
1998
1962
1926
1890
1853
1816
1778
1739
1701
1661
1622
1582
1541
1500
1459
1418
1376
1333
1291
1248
1205
1161
1117
1073
1029
984
939
894
849
803
758
712
666
619
573
526
480
433
386
339
292
245
198
151
104
57
10
-36
-84
-131
-178
-225
-271
-318
-365
-411
-458
-504
-550
-596
-642
-688
-733
-778
-823
-868
-912
-957
-1001
-1044
-1088
-1131
-1173
-1216
-1258
-1300
-1341
-1382
-1423
-1463
-1503
-1542
-1581
-1620
-1658
-1696
-1733
-1770
-1806
-1842
-1877
-1912
-1946
-1979
-2013
-2045
-2077
-2109
-2140
-2170
-2200
-2229
-2258
-2286
-2313
-2340
-2366
-2391
-2416
-2440
-2464
-2487
-2509
-2531
-2551
-2572
-2591
-2610
-2628
-2645
-2662
-2678
-2693
-2708
-2722
-2735
-2747
-2759
-2770
-2780
-2789
-2798
-2806
-2813
-2820
-2826
-2831
-2835
-2838
-2841
-2843
-2844
-2845
-2845
-2844
-2842
-2839
-2836
-2832
-2827
-2822
-2816
-2809
-2801
-2792
-2783
-2773
-2763
-2751
-2739
-2726
-2713
-2699
-2684
-2668
-2652
-2635
-2617
-2599
-2580
-2560
-2539
-2518
-2497
-2474
-2451
-2428
-2403
-2378
-2353
-2327
-2300
-2273
-2245
-2216
-2187
-2157
-2127
-2096
-2065
-2033
-2001
-1968
-1935
-1901
-1867
-1832
-1797
-1761
-1725
-1688
-1651
-1613
-1576
-1537
-1499
-1459
-1420
-1380
-1340
-1300
-1259
-1218
-1176
-1135
-1093
-1050
-1008
-965
-922
-879
-835
-792
-748
-704
-660
-616
-571
-526
-482
-437
-392
-347
-302
-257
-212
-166
-121
-76
-31
14
59
104
149
194
239
284
329
374
418
463
507
551
595
639
683
726
770
813
856
898
940
982
1024
1066
1107
1148
1188
1228
1268
1308
1347
1386
1424
1462
1499
1537
1573
1610
1646
1681
1716
1750
1785
1818
1851
1884
1916
1947
1978
2009
2038
2068
2097
2125
2153
2180
2206
2232
2257
2282
2306
2329
2352
2374
2396
2417
2437
2457
2476
2494
2512
2529
2545
2561
2575
2590
2603
2616
2628
2640
2651
2661
2670
2679
2686
2694
2700
2706
2711
2715
2719
2722
2724
2726
2726
2726
2726
2724
2722
2719
2716
2712
2707
2701
2694
2687
2680
2671
2662
2652
2641
2630
2618
2605
2592
2578
2563
2548
2532
2515
2498
2480
2461
2442
2422
2401
2380
2358
2336
2313
2289
2265
2240
2215
2189
2162
2135
2107
2079
2050
2021
1991
1961
1930
1899
1867
1835
1802
1769
1736
1701
1667
1632
1597
1561
1525
1488
1451
1414
1377
1339
1300
1262
1223
1183
1144
1104
1064
1024
983
942
901
860
818
777
735
693
650
608
565
523
480
437
394
351
308
265
222
178
135
92
48
5
-37
-81
-124
-167
-210
-253
-296
-339
-382
-424
-467
-509
-551
-593
-635
-677
-718
-759
-801
-841
-882
-922
-962
-1002
-1041
-1081
-1120
-1158
-1196
-1234
-1272
-1309
-1346
-1382
-1418
-1454
-1490
-1524
-1559
-1593
-1627
-1660
-1692
-1725
-1756
-1788
-1819
-1849
-1879
-1908
-1937
-1965
-1993
-2020
-2047
-2073
-2098
-2123
-2148
-2171
-2195
-2217
-2239
-2261
-2282
-2302
-2321
-2340
-2359
-2377
-2394
-2410
-2426
-2441
-2456
-2469
-2483
-2495
-2507
-2518
-2529
-2539
-2548
-2556
-2564
-2571
-2578
-2583
-2589
-2593
-2597
-2600
-2602
-2604
-2605
-2605
-2605
-2603
-2602
-2599
-2596
-2592
-2588
-2582
-2577
-2570
-2563
-2555
-2546
-2537
-2527
-2517
-2505
-2494
-2481
-2468
-2454
-2439
-2424
-2409
-2392
-2375
-2358
-2339
-2321
-2301
-2281
-2261
-2239
-2218
-2195
-2172
-2149
-2125
-2100
-2075
-2049
-2023
-1996
-1969
-1941
-1913
-1884
-1855
-1825
-1795
-1765
-1733
-1702
-1670
-1638
-1605
-1572
-1538
-1504
-1470
-1435
-1400
-1364
-1329
-1292
-1256
-1219
-1182
-1145
-1107
-1069
-1031
-993
-954
-915
-876
-836
-797
-757
-717
-677
-637
-597
-556
-515
-475
-434
-393
-352
-311
-269
-228
-187
-145
-104
-63
-22
19
60
101
143
184
225
266
307
347
388
429
469
509
550
590
629
669
708
748
787
825
864
902
940
978
1015
1053
1089
1126
1162
1198
1234
1269
1304
1338
1373
1406
1440
1473
1505
1538
1569
1601
1632
1662
1692
1722
1751
1779
1807
1835
1862
1889
1915
1940
1965
1990
2014
2037
2060
2082
2104
2125
2146
2166
2186
2204
2223
2240
2257
2274
2290
2305
2320
2334
2347
2360
2372
2384
2394
2405
2414
2423
2431
2439
2446
2453
2458
2463
2468
2471
2475
2477
2479
2480
2480
2480
2479
2478
2476
2473
2469
2465
2461
2455
2449
2443
2435
2427
2419
2409
2400
2389
2378
2366
2354
2341
2327
2313
2298
2283
2267
2250
2233
2215
2197
2178
2159
2139
2118
2097
2075
2053
2030
2007
1983
1959
1934
1909
1883
1857
1830
1803
1775
1747
1719
1690
1660
1630
1600
1569
1538
1507
1475
1443
1410
1377
1344
1310
1276
1242
1207
1172
1137
1102
1066
1030
994
957
921
884
847
809
772
734
696
658
620
581
543
504
465
427
388
349
309
270
231
192
153
113
74
35
-4
-43
-82
-121
-160
-199
-238
-277
-316
-355
-393
-432
-470
-508
-547
-584
-622
-660
-697
-734
-771
-808
-844
-880
-916
-952
-987
-1022
-1057
-1092
-1126
-1160
-1193
-1227
-1260
-1292
-1324
-1356
-1388
-1419
-1449
-1480
-1510
-1539
-1568
-1597
-1625
-1653
-1680
-1707
-1733
-1759
-1784
-1809
-1834
-1858
-1881
-1904
-1926
-1948
-1970
-1990
-2011
-2030
-2050
-2068
-2086
-2104
-2121
-2137
-2153
-2168
-2183
-2197
-2210
-2223
-2235
-2247
-2258
-2269
-2279
-2288
-2297
-2305
-2312
-2319
-2325
-2331
-2336
-2340
-2344
-2347
-2349
-2351
-2352
-2353
-2353
-2352
-2351
-2349
-2347
-2344
-2340
-2336
-2331
-2325
-2319
-2312
-2305
-2297
-2288
-2279
-2269
-2259
-2248
-2236
-2224
-2211
-2198
-2184
-2169
-2154
-2139
-2123
-2106
-2089
-2071
-2053
-2034
-2014
-1995
-1974
-1953
-1932
-1910
-1887
-1865
-1841
-1817
-1793
-1768
-1743
-1717
-1691
-1665
-1638
-1610
-1582
-1554
-1526
-1497
-1467
-1437
-1407
-1377
-1346
-1315
-1283
-1252
-1220
-1187
-1154
-1121
-1088
-1055
-1021
-987
-952
-918
-883
-848
-813
-778
-742
-706
-671
-635
-598
-562
-526
-489
-452
-416
-379
-342
-305
-268
-231
-193
-156
-119
-82
-45
-7
29
66
103
140
177
214
251
288
324
361
397
434
470
506
542
578
613
649
684
719
753
788
822
856
890
924
957
990
1023
1055
1088
1119
1151
1182
1213
1244
1274
1304
1333
1362
1391
1419
1447
1475
1502
1529
1555
1581
1607
1632
1656
1680
1704
1727
1750
1772
1794
1815
1836
1856
1876
1895
1914
1932
1950
1967
1984
2000
2016
2031
2045
2059
2073
2085
2098
2109
2121
2131
2141
2151
2160
2168
2176
2183
2189
2195
2201
2206
2210
2213
2216
2219
2221
2222
2223
2223
2222
2221
2220
2218
2215
2211
2207
2203
2198
2192
2186
2179
2171
2163
2155
2145
2136
2125
2115
2103
2091
2079
2066
2052
2038
2024
2008
1993
1977
1960
1943
1925
1907
1888
1869
1849
1829
1808
1787
1766
1744
1721
1698
1675
1651
1627
1603
1578
1552
1526
1500
1474
1447
1419
1392
1364
1335
1307
1278
1248
1219
1189
1159
1128
1097
1066
1035
1003
971
939
907
874
842
809
775
742
709
675
641
607
573
539
504
470
435
401
366
331
296
261
226
191
156
121
86
51
16
-18
-53
-88
-123
-158
-193
-228
-262
-297
-332
-366
-400
-434
-468
-502
-536
-569
-603
-636
-669
-702
-734
-767
-799
-831
-862
-894
-925
-956
-987
-1017
-1047
-1077
-1106
-1135
-1164
-1193
-1221
-1249
-1276
-1303
-1330
-1357
-1383
-1408
-1433
-1458
-1483
-1507
-1530
-1554
-1576
-1599
-1621
-1642
-1663
-1684
-1704
-1724
-1743
-1761
-1780
-1797
-1815
-1831
-1848
-1863
-1879
-1893
-1908
-1921
-1935
-1947
-1960
-1971
-1982
-1993
-2003
-2012
-2021
-2030
-2038
-2045
-2052
-2058
-2064
-2069
-2074
-2078
-2081
-2084
-2086
-2088
-2090
-2090
-2090
-2090
-2089
-2088
-2086
-2083
-2080
-2076
-2072
-2067
-2062
-2056
-2050
-2043
-2035
-2027
-2019
-2010
-2000
-1990
-1979
-1968
-1956
-1944
-1931
-1918
-1905
-1890
-1876
-1861
-1845
-1829
-1812
-1795
-1778
-1760
-1741
-1722
-1703
-1683
-1663
-1642
-1621
-1600
-1578
-1556
-1533
-1510
-1487
-1463
-1438
-1414
-1389
-1364
-1338
-1312
-1286
-1259
-1232
-1205
-1178
-1150
-1122
-1093
-1065
-1036
-1007
-977
-947
-918
-887
-857
-827
-796
-765
-734
-703
-671
-639
-608
-576
-544
-512
-479
-447
-415
-382
-349
-317
-284
-251
-218
-185
-153
-120
-87
-54
-21
11
44
77
110
142
175
208
240
273
305
337
370
402
434
465
497
528
560
591
622
653
683
714
744
774
803
833
862
891
920
948
977
1005
1032
1060
1087
1113
1140
1166
1192
1217
1242
1267
1291
1315
1339
1362
1385
1408
1430
1452
1473
1494
1515
1535
1555
1574
1593
1611
1629
1647
1664
1681
1697
1712
1728
1742
1757
1771
1784
1797
1809
1821
1833
1844
1854
1864
1873
1882
1891
1899
1906
1913
1919
1925
1931
1935
1940
1944
1947
1950
1952
1954
1955
1955
1956
1955
1954
1953
1951
1949
1946
1942
1939
1934
1929
1924
1918
1911
1904
1897
1889
1880
1871
1862
1852
1841
1831
1819
1807
1795
1782
1769
1755
1741
1726
1711
1696
1680
1663
1647
1629
1612
1594
1575
1556
1537
1517
1497
1477
1456
1435
1413
1391
1369
1346
1323
1300
1277
1253
1228
1204
1179
1154
1128
1103
1077
1050
1024
997
970
943
915
888
860
831
803
775
746
717
688
659
629
600
570
540
511
481
450
420
390
359
329
299
268
237
207
176
145
114
84
53
22
-7
-38
-69
-99
-130
-161
-191
-221
-252
-282
-312
-342
-372
-402
-431
-461
-490
-519
-548
-577
-606
-635
-663
-691
-719
-747
-774
-801
-828
-855
-882
-908
-934
-960
-985
-1011
-1036
-1060
-1085
-1109
-1132
-1156
-1179
-1201
-1224
-1246
-1268
-1289
-1310
-1331
-1351
-1371
-1390
-1410
-1428
-1447
-1465
-1482
-1499
-1516
-1532
-1548
-1564
-1579
-1593
-1608
-1621
-1635
-1648
-1660
-1672
-1683
-1694
-1705
-1715
-1725
-1734
-1743
-1751
-1759
-1766
-1773
-1780
-1785
-1791
-1796
-1800
-1804
-1808
-1811
-1813
-1815
-1817
-1818
-1819
-1819
-1819
-1818
-1816
-1815
-1812
-1810
-1806
-1803
-1798
-1794
-1789
-1783
-1777
-1770
-1763
-1756
-1748
-1740
-1731
-1721
-1712
-1702
-1691
-1680
-1668
-1656
-1644
-1631
-1618
-1604
-1590
-1576
-1561
-1546
-1530
-1514
-1497
-1481
-1463
-1446
-1428
-1410
-1391
-1372
-1352
-1333
-1313
-1292
-1271
-1250
-1229
-1207
-1185
-1163
-1141
-1118
-1095
-1071
-1047
-1024
-999
-975
-950
-925
-900
-875
-849
-824
-798
-771
-745
-719
-692
-665
-638
-611
-584
-556
-529
-501
-473
-445
-417
-389
-361
-333
-305
-276
-248
-220
-191
-163
-134
-106
-77
-49
-20
7
36
64
93
121
149
178
206
234
262
290
318
345
373
400
428
455
482
509
536
562
589
615
641
667
692
718
743
768
793
818
842
866
890
913
937
960
982
1005
1027
1049
1071
1092
1113
1134
1154
1174
1194
1213
1232
1251
1269
1287
1305
1322
1339
1356
1372
1388
1403
1418
1433
1447
1461
1475
1488
1500
1512
1524
1536
1547
1557
1567
1577
1586
1595
1604
1612
1619
1626
1633
1639
1645
1651
1656
1660
1664
1668
1671
1673
1676
1678
1679
1680
1680
1680
1680
1679
1678
1676
1674
1671
1668
1664
1660
1656
1651
1646
1640
1634
1627
1620
1613
1605
1597
1588
1579
1570
1560
1549
1539
1527
1516
1504
1492
1479
1466
1453
1439
1424
1410
1395
1380
1364
1348
1332
1315
1298
1281
1263
1245
1227
1208
1189
1170
1150
1131
1111
1090
1070
1049
1028
1006
984
963
940
918
895
873
850
826
803
779
756
732
707
683
659
634
609
584
559
534
509
483
458
432
406
380
355
329
303
277
250
224
198
172
146
119
93
67
40
14
-11
-37
-64
-90
-116
-142
-168
-194
-220
-245
-271
-297
-322
-347
-373
-398
-423
-448
-472
-497
-521
-546
-570
-594
-617
-641
-664
-687
-710
-733
-756
-778
-800
-822
-843
-865
-886
-907
-927
-948
-968
-988
-1007
-1026
-1045
-1064
-1082
-1100
-1118
-1135
-1152
-1169
-1186
-1202
-1218
-1233
-1248
-1263
-1277
-1291
-1305
-1318
-1331
-1344
-1356
-1368
-1379
-1390
-1401
-1412
-1421
-1431
-1440
-1449
-1457
-1465
-1473
-1480
-1487
-1493
-1499
-1505
-1510
-1515
-1519
-1523
-1527
-1530
-1533
-1535
-1537
-1538
-1539
-1540
-1540
-1540
-1540
-1539
-1537
-1535
-1533
-1531
-1528
-1524
-1520
-1516
-1512
-1507
-1501
-1495
-1489
-1483
-1476
-1468
-1460
-1452
-1444
-1435
-1426
-1416
-1406
-1396
-1385
-1374
-1362
-1351
-1339
-1326
-1313
-1300
-1287
-1273
-1259
-1244
-1229
-1214
-1199
-1183
-1167
-1151
-1134
-1117
-1100
-1083
-1065
-1047
-1029
-1010
-991
-972
-953
-934
-914
-894
-874
-853
-833
-812
-791
-770
-749
-727
-705
-684
-661
-639
-617
-594
-572
-549
-526
-503
-480
-457
-434
-410
-387
-363
-340
-316
-292
-268
-244
-221
-197
-173
-149
-125
-101
-77
-53
-29
-5
18
42
66
90
114
138
161
185
209
232
255
279
302
325
348
371
394
416
439
461
483
505
527
549
571
592
613
634
655
676
696
717
737
756
776
795
814
833
852
870
889
906
924
941
959
975
992
1008
1024
1040
1055
1070
1085
1100
1114
1128
1141
1155
1168
1180
1192
1204
1216
1227
1238
1249
1259
1269
1278
1288
1296
1305
1313
1321
1328
1335
1342
1348
1354
1360
1365
1370
1374
1379
1382
1386
1389
1391
1393
1395
1397
1398
1399
1399
1399
1399
1398
1397
1395
1393
1391
1389
1386
1382
1379
1374
1370
1365
1360
1355
1349
1342
1336
1329
1322
1314
1306
1298
1289
1280
1271
1261
1251
1241
1230
1219
1208
1197
1185
1173
1160
1147
1134
1121
1107
1093
1079
1065
1050
1035
1020
1004
988
972
956
940
923
906
889
871
854
836
818
800
781
763
744
725
706
686
667
647
628
608
588
567
547
527
506
485
464
444
423
401
380
359
338
316
295
273
252
230
209
187
165
143
122
100
78
56
35
13
-8
-29
-51
-73
-94
-116
-137
-159
-180
-201
-222
-243
-264
-285
-306
-327
-347
-368
-388
-409
-429
-449
-468
-488
-508
-527
-546
-565
-584
-603
-621
-640
-658
-676
-693
-711
-728
-745
-762
-779
-795
-812
-827
-843
-859
-874
-889
-904
-918
-932
-946
-960
-973
-986
-999
-1012
-1024
-1036
-1048
-1059
-1070
-1081
-1091
-1102
-1112
-1121
-1130
-1139
-1148
-1156
-1164
-1172
-1179
-1186
-1193
-1199
-1205
-1211
-1217
-1222
-1226
-1231
-1235
-1239
-1242
-1245
-1248
-1250
-1252
-1254
-1255
-1256
-1257
-1257
-1257
-1257
-1256
-1255
-1254
-1252
-1250
-1248
-1245
-1242
-1239
-1235
-1231
-1227
-1222
-1217
-1212
-1206
-1200
-1194
-1188
-1181
-1174
-1166
-1158
-1150
-1142
-1133
-1124
-1115
-1105
-1096
-1085
-1075
-1064
-1053
-1042
-1031
-1019
-1007
-995
-982
-970
-956
-943
-930
-916
-902
-888
-874
-859
-844
-829
-814
-798
-783
-767
-751
-735
-718
-702
-685
-668
-651
-634
-617
-599
-582
-564
-546
-528
-510
-492
-473
-455
-436
-418
-399
-380
-361
-342
-323
-304
-285
-265
-246
-227
-208
-188
-169
-149
-130
-110
-91
-71
-52
-32
-13
5
25
44
63
83
102
121
140
159
178
197
216
235
254
272
291
309
327
346
364
382
399
417
435
452
469
486
503
520
537
553
570
586
602
618
633
649
664
679
694
708
723
737
751
765
778
791
804
817
830
842
854
866
878
889
900
911
922
932
942
952
962
971
980
989
997
1005
1013
1021
1028
1035
1042
1048
1054
1060
1066
1071
1076
1081
1085
1089
1093
1097
1100
1103
1105
1107
1109
1111
1113
1114
1114
1115
1115
1115
1115
1114
1113
1111
1110
1108
1106
1103
1100
1097
1094
1090
1086
1082
1078
1073
1068
1062
1057
1051
1044
1038
1031
1024
1017
1009
1001
993
985
976
968
958
949
940
930
920
909
899
888
877
866
854
843
831
819
807
794
781
769
755
742
729
715
701
688
673
659
645
630
615
600
585
570
555
540
524
508
493
477
461
445
428
412
396
379
363
346
329
313
296
279
262
245
228
211
194
177
159
142
125
108
91
73
56
39
22
5
-11
-28
-46
-63
-80
-97
-113
-130
-147
-164
-180
-197
-214
-230
-246
-263
-279
-295
-311
-327
-342
-358
-373
-389
-404
-419
-434
-449
-464
-478
-493
-507
-521
-535
-549
-562
-576
-589
-602
-615
-628
-640
-653
-665
-677
-688
-700
-711
-722
-733
-744
-754
-765
-775
-784
-794
-803
-812
-821
-830
-838
-847
-855
-862
-870
-877
-884
-890
-897
-903
-909
-915
-920
-925
-930
-935
-939
-943
-947
-951
-954
-957
-960
-963
-965
-967
-969
-970
-971
-972
-973
-973
-973
-973
-973
-972
-971
-970
-969
-967
-965
-963
-961
-958
-955
-952
-948
-944
-940
-936
-932
-927
-922
-917
-911
-906
-900
-893
-887
-880
-873
-866
-859
-851
-844
-836
-828
-819
-810
-802
-793
-783
-774
-764
-754
-744
-734
-724
-713
-703
-692
-680
-669
-658
-646
-634
-623
-611
-598
-586
-573
-561
-548
-535
-522
-509
-496
-482
-469
-455
-442
-428
-414
-400
-386
-372
-358
-343
-329
-314
-300
-285
-271
-256
-241
-227
-212
-197
-182
-167
-152
-137
-123
-108
-93
-78
-63
-48
-33
-18
-3
11
26
41
55
70
85
99
114
129
143
158
172
186
200
215
229
243
256
270
284
298
311
324
338
351
364
377
390
402
415
427
440
452
464
475
487
499
510
521
532
543
554
565
575
585
595
605
615
624
634
643
652
660
669
677
685
693
701
708
716
723
730
736
743
749
755
761
767
772
777
782
787
791
796
800
804
807
811
814
817
819
822
824
826
828
829
830
832
832
833
833
834
833
833
833
832
831
830
828
827
825
822
820
818
815
812
809
805
801
798
794
789
785
780
775
770
765
759
753
747
741
735
729
722
715
708
701
693
686
678
670
662
653
645
636
628
619
610
600
591
581
572
562
552
542
532
521
511
500
489
478
468
456
445
434
423
411
400
388
376
364
352
340
328
316
304
292
280
267
255
242
230
217
205
192
179
167
154
141
129
116
103
90
78
65
52
39
27
14
1
-11
-23
-36
-48
-61
-73
-86
-98
-111
-123
-135
-147
-160
-172
-184
-196
-207
-219
-231
-242
-254
-265
-277
-288
-299
-310
-321
-332
-342
-353
-363
-374
-384
-394
-404
-414
-424
-433
-443
-452
-461
-470
-479
-487
-496
-504
-513
-521
-529
-536
-544
-551
-558
-566
-572
-579
-586
-592
-598
-604
-610
-616
-621
-627
-632
-637
-641
-646
-650
-654
-658
-662
-666
-669
-672
-675
-678
-681
-683
-685
-687
-689
-691
-692
-694
-695
-696
-696
-697
-697
-697
-697
-697
-696
-695
-694
-693
-692
-691
-689
-687
-685
-683
-680
-678
-675
-672
-669
-665
-662
-658
-654
-650
-646
-642
-637
-632
-627
-622
-617
-612
-606
-600
-594
-588
-582
-576
-569
-563
-556
-549
-542
-535
-527
-520
-512
-505
-497
-489
-481
-472
-464
-456
-447
-438
-430
-421
-412
-403
-394
-384
-375
-365
-356
-346
-337
-327
-317
-307
-297
-287
-277
-267
-257
-246
-236
-226
-215
-205
-195
-184
-173
-163
-152
-142
-131
-121
-110
-99
-89
-78
-67
-57
-46
-35
-25
-14
-3
6
17
27
38
48
59
69
79
90
100
110
120
130
140
150
160
170
180
189
199
209
218
227
237
246
255
264
273
282
291
299
308
316
324
333
341
349
357
364
372
379
387
394
401
408
415
422
428
435
441
447
453
459
465
470
476
481
486
491
496
501
505
510
514
518
522
526
529
533
536
539
542
545
547
550
552
554
556
558
560
561
562
563
564
565
566
566
567
567
567
567
566
566
565
564
563
562
561
559
558
556
554
552
550
547
545
542
539
536
533
530
526
523
519
515
511
507
502
498
493
489
484
479
474
469
463
458
452
447
441
435
429
423
416
410
404
397
390
384
377
370
363
355
348
341
334
326
318
311
303
295
288
280
272
264
256
247
239
231
223
214
206
197
189
180
172
163
155
146
138
129
120
111
103
94
85
77
68
59
50
42
33
24
16
7
-1
-9
-18
-26
-35
-44
-52
-60
-69
-77
-86
-94
-102
-110
-118
-126
-134
-142
-150
-158
-166
-174
-181
-189
-196
-204
-211
-218
-225
-232
-239
-246
-253
-260
-266
-273
-279
-286
-292
-298
-304
-310
-316
-322
-327
-333
-338
-343
-348
-353
-358
-363
-368
-372
-377
-381
-385
-389
-393
-397
-401
-404
-407
-411
-414
-417
-420
-423
-425
-428
-430
-432
-434
-436
-438
-440
-441
-442
-444
-445
-446
-447
-447
-448
-448
-449
-449
-449
-449
-448
-448
-447
-447
-446
-445
-444
-443
-441
-440
-438
-437
-435
-433
-431
-429
-426
-424
-421
-418
-416
-413
-409
-406
-403
-400
-396
-392
-389
-385
-381
-377
-372
-368
-364
-359
-355
-350
-345
-340
-335
-330
-325
-320
-314
-309
-304
-298
-292
-287
-281
-275
-269
-263
-257
-251
-245
-238
-232
-226
-219
-213
-206
-200
-193
-186
-179
-173
-166
-159
-152
-145
-138
-132
-125
-118
-111
-104
-97
-89
-82
-75
-68
-61
-54
-47
-40
-33
-26
-19
-12
-5
1
8
15
22
29
36
43
50
57
63
70
77
83
90
97
103
110
116
122
129
135
141
147
153
159
165
171
177
183
189
194
200
205
210
216
221
226
231
236
241
246
250
255
260
264
268
272
277
281
285
288
292
296
299
303
306
309
312
315
318
321
323
326
328
331
333
335
337
339
341
342
344
345
347
348
349
350
351
351
352
352
353
353
353
353
353
353
353
352
352
351
350
349
348
347
346
345
343
342
340
338
336
334
332
330
328
326
323
320
318
315
312
309
306
303
300
296
293
289
286
282
278
274
270
266
262
258
254
249
245
240
236
231
226
222
217
212
207
202
197
192
187
181
176
171
165
160
154
149
143
138
132
126
121
115
109
104
98
92
86
80
74
69
63
57
51
45
39
33
27
21
15
9
3
-1
-7
-13
-19
-25
-31
-37
-42
-48
-54
-59
-65
-71
-76
-82
-87
-93
-98
-104
-109
-115
-120
-125
-130
-135
-140
-145
-150
-155
-160
-165
-169
-174
-179
-183
-188
-192
-196
-200
-205
-209
-213
-217
-220
-224
-228
-231
-235
-238
-242
-245
-248
-251
-254
-257
-260
-262
-265
-267
-270
-272
-274
-276
-278
-280
-282
-284
-285
-287
-288
-290
-291
-292
-293
-294
-295
-295
-296
-296
-297
-297
-297
-297
-297
-297
-297
-297
-296
-296
-295
-294
-293
-292
-291
-290
-289
-288
-286
-285
-283
-281
-279
-277
-275
-273
-271
-269
-266
-264
-261
-258
-256
-253
-250
-247
-244
-241
-237
-234
-230
-227
-223
-220
-216
-212
-208
-204
-200
-196
-192
-188
-183
-179
-175
-170
-165
-161
-156
-152
-147
-142
-137
-132
-127
-122
-117
-112
-107
-102
-97
-91
-86
-81
-76
-70
-65
-60
-54
-49
-43
-38
-32
-27
-21
-16
-10
-5
0
