0
820
1614
2357
3025
3599
4065
4412
4637
4741
4731
4621
4426
4168
3871
3559
3258
2992
2784
2654
2615
2679
2851
3130
3511
3983
4531
5136
5777
6431
7074
7684
8240
8726
9127
9434
9644
9757
9780
9723
9602
9435
9243
9048
8872
8736
8659
8657
8742
8920
9193
9558
10006
10524
11093
11694
12302
12894
13443
13928
14325
14618
14793
14841
14757
14545
14211
13768
13233
12627
11973
11295
10619
9969
9367
8833
8381
8021
7758
7592
7516
7519
7583
7690
7816
7935
8023
8054
8006
7857
7592
7200
6674
6015
5229
4326
3325
2245
1113
-42
-1193
-2309
-3360
-4321
-5166
-5876
-6437
-6838
-7075
-7151
-7071
-6850
-6503
-6050
-5515
-4922
-4296
-3663
-3045
-2463
-1935
-1475
-1092
-792
-575
-439
-376
-376
-426
-511
-615
-723
-819
-888
-919
-903
-832
-702
-514
-270
24
361
731
1121
1518
1911
2286
2630
2932
3184
3377
3505
3566
3557
3479
3335
3129
2864
2547
2185
1783
1348
886
402
-97
-610
-1133
-1662
-2196
-2732
-3268
-3803
-4335
-4861
-5377
-5882
-6370
-6838
-7279
-7690
-8063
-8395
-8681
-8915
-9096
-9220
-9287
-9297
-9251
-9154
-9010
-8824
-8603
-8356
-8089
-7811
-7530
-7253
-6987
-6738
-6510
-6305
-6127
-5974
-5845
-5738
-5649
-5575
-5509
-5447
-5384
-5315
-5237
-5146
-5041
-4920
-4784
-4635
-4475
-4308
-4137
-3968
-3806
-3656
-3521
-3408
-3318
-3254
-3218
-3211
-3231
-3277
-3347
-3437
-3544
-3664
-3793
-3926
-4061
-4195
-4324
-4447
-4562
-4671
-4771
-4864
-4951
-5032
-5107
-5178
-5244
-5305
-5358
-5401
-5431
-5445
-5437
-5403
-5339
-5239
-5099
-4915
-4684
-4405
-4078
-3704
-3286
-2828
-2337
-1820
-1286
-743
-201
328
839
1322
1769
2176
2538
2854
3125
3352
3541
3697
3829
3944
4053
4164
4286
4429
4599
4801
5038
5313
5623
5967
6338
6730
7134
7542
7943
8328
8687
9013
9299
9542
9738
9888
9995
10064
10102
10119
10124
10130
10148
10188
10261
10375
10536
10748
11012
11324
11679
12070
12484
12910
13330
13731
14097
14410
14659
14830
14915
14906
14803
14605
14317
13949
13511
13019
12489
11939
11386
10850
10347
9890
9492
9160
8899
8707
8581
8510
8483
8484
8493
8490
8455
8366
8204
7952
7596
7125
6536
5826
5002
4073
3054
1965
829
-329
-1482
-2601
-3659
-4629
-5489
-6219
-6804
-7233
-7503
-7613
-7570
-7387
-7078
-6663
-6166
-5611
-5023
-4429
-3850
-3309
-2824
-2409
-2074
-1823
-1658
-1574
-1563
-1613
-1708
-1831
-1966
-2093
-2196
-2259
-2268
-2214
-2090
-1894
-1628
-1297
-909
-477
-15
460
932
1384
1799
2162
2461
2684
2826
2882
2852
2739
2549
2289
1970
1604
1204
781
347
-85
-510
-920
-1310
-1678
-2025
-2354
-2668
-2975
-3279
-3589
-3910
-4249
-4608
-4991
-5397
-5823
-6264
-6712
-7158
-7590
-7994
-8359
-8670
-8915
-9082
-9164
-9152
-9045
-8842
-8547
-8168
-7715
-7201
-6644
-6060
-5470
-4891
-4342
-3841
-3402
-3038
-2756
-2563
-2459
-2441
-2502
-2631
-2817
-3044
-3294
-3550
-3796
-4015
-4193
-4318
-4383
-4382
-4315
-4185
-3998
-3765
-3498
-3214
-2928
-2658
-2422
-2236
-2114
-2068
-2105
-2233
-2450
-2755
-3141
-3598
-4111
-4667
-5246
-5831
-6403
-6944
-7438
-7870
-8230
-8507
-8699
-8803
-8821
-8759
-8624
-8428
-8182
-7900
-7594
-7278
-6963
-6659
-6375
-6114
-5881
-5674
-5491
-5326
-5172
-5020
-4861
-4685
-4481
-4242
-3960
-3630
-3250
-2820
-2342
-1823
-1269
-691
-101
488
1065
1616
2128
2592
2999
3341
3617
3825
3968
4051
4082
4071
4029
3969
3905
3849
3814
3810
3847
3931
4067
4255
4494
4781
5109
5471
5857
6256
6658
7053
7432
7786
8110
8399
8652
8869
9053
9210
9346
9469
9588
9711
9847
10004
10189
10405
10655
10939
11254
11597
11959
12332
12706
13070
13412
13722
13989
14205
14362
14456
14484
14448
14349
14194
13989
13744
13468
13172
12867
12561
12263
11978
11711
11462
11229
11008
10790
10566
10323
10050
9732
9356
8910
8382
7766
7056
6251
5355
4374
3319
2206
1052
-119
-1286
-2425
-3509
-4517
-5425
-6215
-6872
-7384
-7745
-7955
-8016
-7939
-7738
-7429
-7035
-6580
-6087
-5582
-5091
-4634
-4231
-3899
-3648
-3485
-3411
-3423
-3511
-3663
-3862
-4089
-4323
-4540
-4720
-4843
-4889
-4846
-4702
-4451
-4093
-3632
-3076
-2440
-1740
-998
-237
519
1246
1920
2518
3021
3414
3683
3823
3830
3706
3458
3096
2634
2089
1479
823
142
-546
-1225
-1879
-2496
-3067
-3587
-4054
-4468
-4835
-5160
-5451
-5719
-5973
-6223
-6478
-6745
-7029
-7334
-7658
-8001
-8356
-8717
-9075
-9418
-9737
-10018
-10252
-10429
-10541
-10582
-10550
-10445
-10269
-10030
-9735
-9396
-9025
-8636
-8245
-7864
-7508
-7189
-6915
-6695
-6531
-6426
-6376
-6376
-6417
-6490
-6581
-6676
-6763
-6827
-6856
-6839
-6767
-6637
-6445
-6193
-5886
-5532
-5143
-4732
-4315
-3908
-3530
-3197
-2924
-2725
-2611
-2590
-2666
-2839
-3106
-3460
-3889
-4380
-4915
-5478
-6048
-6606
-7134
-7614
-8031
-8372
-8628
-8792
-8864
-8844
-8736
-8551
-8297
-7987
-7637
-7261
-6873
-6488
-6118
-5774
-5464
-5195
-4968
-4783
-4637
-4525
-4438
-4367
-4302
-4230
-4142
-4025
-3872
-3674
-3427
-3126
-2771
-2365
-1911
-1417
-889
-339
222
784
1337
1869
2371
2835
3255
3628
3952
4227
4456
4644
4797
4923
5031
5129
5227
5333
5456
5601
5775
5980
6218
6489
6792
7122
7474
7843
8222
8603
8978
9341
9683
9999
10283
10531
10742
10912
11042
11134
11188
11208
11199
11164
11109
11037
10955
10866
10775
10686
10602
10525
10458
10400
10355
10320
10296
10281
10275
10274
10278
10281
10283
10278
10264
10234
10186
10113
10011
9875
9699
9478
9209
8886
8506
8069
7572
7017
6405
5740
5028
4277
3496
2694
1884
1078
290
-466
-1178
-1834
-2423
-2935
-3362
-3702
-3950
-4109
-4182
-4177
-4101
-3967
-3788
-3580
-3356
-3134
-2927
-2751
-2615
-2530
-2503
-2537
-2631
-2782
-2984
-3227
-3499
-3784
-4067
-4332
-4562
-4740
-4854
-4890
-4840
-4698
-4462
-4133
-3718
-3225
-2668
-2060
-1421
-768
-122
497
1073
1587
2026
2377
2634
2791
2848
2808
2679
2468
2190
1856
1484
1088
682
282
-100
-456
-778
-1062
-1306
-1513
-1687
-1835
-1966
-2090
-2216
-2356
-2518
-2710
-2939
-3207
-3514
-3859
-4236
-4637
-5051
-5467
-5872
-6252
-6593
-6884
-7114
-7274
-7361
-7372
-7308
-7175
-6982
-6740
-6463
-6167
-5870
-5588
-5338
-5135
-4992
-4917
-4918
-4995
-5146
-5364
-5639
-5957
-6300
-6649
-6984
-7284
-7531
-7705
-7793
-7783
-7670
-7452
-7132
-6720
-6229
-5678
-5088
-4484
-3893
-3341
-2854
-2456
-2169
-2008
-1986
-2109
-2376
-2782
-3315
-3957
-4685
-5474
-6294
-7115
-7906
-8639
-9285
-9823
-10234
-10505
-10630
-10608
-10444
-10152
-9748
-9255
-8696
-8101
-7496
-6909
-6367
-5891
-5500
-5206
-5018
-4937
-4957
-5067
-5252
-5491
-5758
-6028
-6273
-6465
-6579
-6593
-6487
-6250
-5874
-5357
-4705
-3929
-3047
-2080
-1055
0
