0
300
624
983
1377
1791
2200
2581
2914
3196
3434
3642
3833
4013
4175
4304
4386
4411
4388
4342
4311
4338
4454
4674
4988
5368
5776
6176
6548
6888
7209
7530
7862
8200
8523
8795
8985
9076
9080
9039
9015
9076
9265
9594
10029
10504
10942
11279
11489
11600
11681
11828
12128
12626
13307
14096
14870
15501
15885
15981
15814
15470
15064
14698
14431
14258
14112
13894
13509
12908
12111
11212
10347
9664
9268
9189
9373
9694
9995
10134
10035
9704
9233
8765
8452
8401
8644
9126
9723
10279
10650
10741
10518
10004
9246
8283
7114
5697
3963
1854
-625
-3376
-6190
-8775
-10812
-12031
-12282
-11587
-10147
-8300
-6452
-4972
-4107
-3924
-4300
-4961
-5567
-5805
-5478
-4560
-3194
-1657
-275
666
996
701
-78
-1096
-2070
-2763
-3046
-2919
-2507
-2005
-1614
-1476
-1627
-1985
-2375
-2580
-2403
-1729
-562
977
2672
4263
5509
6240
6392
6010
5234
4250
3251
2387
1744
1334
1106
974
847
654
358
-36
-498
-978
-1430
-1823
-2145
-2403
-2615
-2801
-2979
-3155
-3331
-3502
-3663
-3812
-3954
-4098
-4258
-4449
-4686
-4982
-5351
-5803
-6342
-6963
-7644
-8346
-9011
-9567
-9940
-10065
-9906
-9460
-8768
-7906
-6971
-6063
-5264
-4623
-4148
-3813
-3565
-3345
-3106
-2827
-2515
-2203
-1936
-1758
-1696
-1754
-1917
-2149
-2414
-2680
-2929
-3159
-3380
-3603
-3832
-4060
-4265
-4417
-4483
-4444
-4294
-4052
-3756
-3456
-3206
-3053
-3027
-3142
-3391
-3753
-4195
-4680
-5169
-5626
-6019
-6326
-6530
-6626
-6622
-6534
-6388
-6215
-6043
-5891
-5769
-5673
-5587
-5491
-5365
-5191
-4964
-4684
-4360
-4004
-3629
-3247
-2868
-2500
-2156
-1849
-1592
-1397
-1269
-1200
-1173
-1154
-1107
-994
-789
-480
-72
410
938
1475
1991
2464
2882
3241
3542
3785
3968
4090
4154
4169
4156
4145
4173
4273
4470
4769
5158
5604
6067
6505
6887
7197
7442
7641
7824
8020
8251
8528
8850
9208
9590
9980
10370
10750
11112
11449
11749
12005
12209
12362
12477
12570
12666
12785
12938
13120
13312
13484
13604
13649
13610
13497
13335
13155
12983
12827
12679
12511
12288
11986
11599
11150
10693
10297
10031
9944
10048
10308
10649
10969
11163
11146
10874
10358
9656
8871
8120
7519
7155
7072
7259
7653
8142
8580
8810
8678
8065
6905
5204
3045
589
-1947
-4321
-6302
-7714
-8466
-8572
-8149
-7388
-6516
-5746
-5232
-5038
-5134
-5407
-5700
-5853
-5752
-5349
-4682
-3852
-2997
-2254
-1724
-1444
-1388
-1476
-1605
-1678
-1634
-1465
-1215
-963
-801
-800
-990
-1342
-1775
-2170
-2397
-2342
-1938
-1179
-128
1099
2348
3458
4288
4743
4791
4461
3841
3055
2239
1518
983
674
584
657
808
939
963
817
473
-57
-727
-1468
-2202
-2857
-3381
-3747
-3961
-4059
-4095
-4134
-4239
-4454
-4803
-5279
-5850
-6469
-7080
-7639
-8118
-8511
-8833
-9112
-9370
-9615
-9828
-9967
-9971
-9783
-9365
-8717
-7887
-6965
-6066
-5304
-4766
-4485
-4434
-4531
-4664
-4717
-4604
-4294
-3816
-3251
-2709
-2297
-2091
-2116
-2343
-2699
-3092
-3438
-3679
-3796
-3806
-3750
-3674
-3610
-3570
-3542
-3501
-3424
-3303
-3153
-3012
-2930
-2956
-3123
-3439
-3884
-4417
-4984
-5534
-6024
-6430
-6740
-6951
-7066
-7091
-7034
-6909
-6737
-6552
-6393
-6296
-6284
-6359
-6492
-6634
-6724
-6705
-6544
-6241
-5831
-5376
-4942
-4585
-4335
-4182
-4089
-4003
-3876
-3679
-3415
-3112
-2815
-2559
-2362
-2207
-2048
-1826
-1487
-1005
-395
290
970
1558
1989
2235
2315
2283
2215
2180
2223
2357
2560
2791
3007
3184
3319
3437
3571
3755
4000
4297
4611
4903
5138
5306
5428
5546
5715
5979
6358
6838
7372
7902
8369
8740
9014
9222
9412
9635
9918
10261
10630
10977
11252
11428
11510
11531
11546
11608
11748
11964
12222
12470
12652
12738
12728
12656
12572
12519
12509
12514
12467
12282
11886
11253
10421
9497
8631
7979
7659
7712
8085
8642
9202
9588
9677
9437
8939
8338
7827
7592
7755
8349
9307
10477
11660
12646
13247
13322
12786
11607
9802
7434
4615
1510
-1663
-4647
-7169
-8986
-9932
-9967
-9195
-7864
-6319
-4934
-4025
-3776
-4194
-5104
-6194
-7096
-7482
-7152
-6085
-4450
-2561
-794
502
1100
937
125
-1089
-2398
-3518
-4261
-4574
-4540
-4338
-4178
-4227
-4555
-5108
-5720
-6161
-6196
-5658
-4497
-2801
-782
1271
3059
4335
4963
4942
4400
3558
2673
1974
1614
1636
1970
2461
2910
3126
2973
2402
1454
247
-1053
-2282
-3302
-4032
-4452
-4600
-4546
-4372
-4149
-3932
-3754
-3636
-3603
-3685
-3926
-4372
-5056
-5987
-7133
-8418
-9733
-10953
-11960
-12666
-13029
-13058
-12804
-12343
-11760
-11128
-10498
-9897
-9334
-8804
-8302
-7824
-7363
-6914
-6461
-5979
-5443
-4828
-4134
-3386
-2642
-1987
-1519
-1322
-1445
-1888
-2590
-3446
-4321
-5079
-5613
-5859
-5811
-5509
-5027
-4451
-3860
-3313
-2848
-2481
-2221
-2074
-2052
-2169
-2434
-2844
-3376
-3985
-4608
-5180
-5643
-5962
-6136
-6195
-6194
-6197
-6263
-6434
-6721
-7106
-7546
-7983
-8353
-8599
-8680
-8573
-8278
-7815
-7222
-6553
-5871
-5240
-4719
-4352
-4163
-4151
-4288
-4526
-4804
-5057
-5229
-5275
-5169
-4903
-4485
-3933
-3277
-2554
-1805
-1078
-418
131
542
804
932
964
959
980
1083
1303
1645
2082
2563
3027
3417
3693
3842
3875
3822
3721
3607
3506
3441
3427
3487
3652
3958
4443
5130
6012
7049
8163
9255
10221
10980
11490
11761
11847
11833
11807
11836
11953
12149
12386
12618
12807
12942
13039
13128
13239
13373
13498
13545
13432
13090
12493
11682
10764
9892
9229
8899
8956
9362
9995
10687
11266
11606
11656
11447
11068
10632
10228
9896
9618
9342
9024
8667
8348
8216
8444
9165
10397
11988
13608
14795
15059
14005
11461
7559
2744
-2298
-6787
-10022
-11553
-11296
-9558
-6965
-4300
-2319
-1550
-2178
-4003
-6510
-9015
-10851
-11546
-10936
-9195
-6771
-4255
-2212
-1036
-861
-1545
-2738
-3998
-4926
-5283
-5042
-4384
-3626
-3114
-3112
-3724
-4856
-6247
-7540
-8377
-8494
-7780
-6303
-4281
-2026
136
1930
3182
3836
3945
3638
3084
2453
1893
1513
1385
1538
1966
2618
3402
4188
4817
5128
4992
4343
3209
1717
80
-1442
-2603
-3223
-3239
-2719
-1852
-898
-123
263
169
-369
-1203
-2115
-2888
-3374
-3533
-3446
-3290
-3278
-3596
-4341
-5487
-6887
-8317
-9534
-10347
-10675
-10568
-10192
-9782
-9569
-9715
-10257
-11098
-12026
-12776
-13097
-12826
-11932
-10530
-8849
-7180
-5803
-4920
-4614
-4838
-5436
-6190
-6882
-7346
-7499
-7354
-7000
-6566
-6175
-5913
-5806
-5820
-5877
-5888
-5783
-5530
-5150
-4707
-4286
-3975
-3831
-3871
-4067
-4354
-4649
-4876
-4986
-4969
-4861
-4730
-4664
-4748
-5045
-5576
-6320
-7213
-8158
-9047
-9779
-10275
-10496
-10445
-10163
-9721
-9201
-8683
-8227
-7867
-7611
-7441
-7329
-7242
-7156
-7061
-6956
-6846
-6739
-6630
-6506
-6343
-6116
-5806
-5414
-4958
-4482
-4036
-3671
-3417
-3277
-3216
-3170
-3060
-2808
-2366
-1721
-908
0
