0
385
769
1150
1529
1904
2274
2638
2995
3345
3687
4019
4343
4656
4959
5251
5532
5802
6061
6309
6546
6772
6987
7193
7388
7574
7752
7921
8083
8238
8386
8529
8668
8802
8933
9060
9186
9310
9433
9555
9676
9798
9920
10042
10165
10288
10412
10535
10658
10780
10901
11019
11135
11248
11356
11459
11555
11643
11723
11793
11853
11899
11933
11951
11954
11939
11906
11855
11782
11689
11574
11436
11275
11090
10881
10649
10392
10111
9806
9478
9127
8754
8360
7947
7515
7065
6600
6122
5631
5130
4621
4106
3588
3068
2549
2034
1524
1023
533
55
-406
-850
-1275
-1677
-2056
-2409
-2734
-3030
-3296
-3531
-3732
-3901
-4035
-4135
-4201
-4232
-4229
-4192
-4123
-4021
-3889
-3727
-3538
-3322
-3083
-2821
-2539
-2240
-1925
-1599
-1262
-919
-571
-222
125
469
806
1133
1448
1749
2032
2296
2538
2756
2949
3115
3253
3360
3437
3482
3495
3475
3422
3336
3219
3069
2888
2676
2436
2168
1874
1555
1213
851
470
72
-339
-762
-1195
-1635
-2080
-2527
-2973
-3417
-3856
-4287
-4710
-5120
-5518
-5900
-6265
-6613
-6940
-7247
-7532
-7795
-8034
-8250
-8442
-8610
-8755
-8876
-8974
-9050
-9105
-9139
-9154
-9151
-9130
-9095
-9045
-8983
-8910
-8828
-8738
-8643
-8543
-8441
-8338
-8235
-8134
-8036
-7944
-7856
-7776
-7703
-7639
-7583
-7538
-7502
-7476
-7461
-7455
-7460
-7474
-7497
-7528
-7567
-7613
-7664
-7720
-7778
-7840
-7901
-7963
-8022
-8078
-8129
-8173
-8210
-8238
-8256
-8262
-8256
-8235
-8199
-8148
-8080
-7995
-7892
-7770
-7630
-7471
-7293
-7097
-6882
-6649
-6399
-6132
-5848
-5549
-5236
-4909
-4570
-4220
-3860
-3492
-3116
-2735
-2349
-1961
-1570
-1180
-790
-403
-19
359
733
1100
1460
1812
2155
2489
2813
3126
3430
3724
4007
4280
4543
4797
5042
5279
5508
5730
5946
6156
6362
6565
6764
6962
7158
7355
7552
7751
7951
8155
8362
8573
8787
9006
9230
9458
9690
9926
10166
10409
10654
10900
11147
11393
11637
11878
12114
12344
12566
12778
12979
13167
13341
13497
13635
13752
13847
13918
13964
13983
13973
13933
13862
13759
13624
13454
13251
13013
12741
12434
12093
11719
11312
10874
10405
9907
9381
8831
8257
7662
7048
6418
5775
5122
4461
3796
3130
2466
1807
1157
518
-104
-709
-1294
-1853
-2386
-2889
-3360
-3797
-4197
-4558
-4879
-5158
-5395
-5588
-5736
-5841
-5900
-5915
-5886
-5814
-5701
-5547
-5354
-5124
-4859
-4563
-4236
-3883
-3506
-3108
-2693
-2264
-1824
-1378
-928
-478
-32
405
833
1247
1643
2018
2370
2695
2991
3255
3486
3682
3840
3959
4039
4078
4077
4034
3950
3825
3660
3455
3213
2935
2621
2275
1899
1494
1064
611
138
-351
-854
-1368
-1889
-2414
-2940
-3463
-3981
-4489
-4986
-5468
-5932
-6376
-6798
-7194
-7563
-7904
-8214
-8493
-8739
-8951
-9128
-9272
-9381
-9455
-9495
-9503
-9478
-9422
-9336
-9222
-9083
-8918
-8732
-8526
-8303
-8064
-7813
-7552
-7284
-7011
-6736
-6462
-6190
-5925
-5667
-5420
-5184
-4963
-4758
-4571
-4402
-4254
-4127
-4023
-3941
-3882
-3847
-3834
-3845
-3877
-3932
-4007
-4102
-4216
-4346
-4491
-4651
-4821
-5002
-5191
-5385
-5582
-5781
-5979
-6173
-6363
-6544
-6717
-6877
-7024
-7156
-7271
-7367
-7444
-7499
-7532
-7543
-7529
-7491
-7428
-7340
-7227
-7090
-6929
-6743
-6535
-6305
-6053
-5781
-5491
-5183
-4860
-4522
-4172
-3811
-3440
-3062
-2679
-2291
-1901
-1511
-1121
-735
-352
25
396
758
1113
1457
1791
2114
2425
2724
3011
3287
3549
3801
4040
4269
4487
4696
4895
5087
5271
5449
5622
5792
5958
6122
6286
6449
6614
6781
6951
7125
7303
7487
7675
7870
8070
8277
8489
8707
8931
9159
9392
9627
9865
10104
10343
10581
10815
11046
11270
11486
11692
11887
12069
12235
12385
12515
12624
12711
12774
12811
12821
12802
12754
12675
12563
12420
12244
12034
11791
11514
11205
10864
10490
10087
9654
9192
8705
8193
7659
7104
6532
5944
5343
4733
4116
3495
2872
2252
1638
1031
436
-143
-706
-1248
-1768
-2261
-2726
-3161
-3562
-3929
-4259
-4551
-4804
-5016
-5188
-5317
-5405
-5451
-5456
-5420
-5344
-5229
-5077
-4889
-4668
-4414
-4132
-3822
-3489
-3134
-2761
-2372
-1972
-1564
-1149
-733
-319
90
492
882
1258
1617
1955
2270
2560
2821
3053
3253
3418
3549
3644
3701
3720
3702
3645
3549
3416
3247
3041
2801
2527
2222
1887
1525
1138
728
298
-148
-609
-1082
-1564
-2050
-2539
-3028
-3512
-3990
-4458
-4914
-5354
-5777
-6180
-6560
-6916
-7245
-7547
-7819
-8060
-8270
-8448
-8593
-8705
-8783
-8829
-8843
-8825
-8776
-8698
-8592
-8459
-8301
-8120
-7918
-7697
-7459
-7208
-6944
-6671
-6391
-6107
-5820
-5535
-5252
-4975
-4705
-4446
-4198
-3964
-3746
-3544
-3362
-3199
-3058
-2938
-2841
-2767
-2716
-2689
-2684
-2703
-2744
-2806
-2889
-2992
-3113
-3251
-3405
-3572
-3750
-3939
-4136
-4339
-4546
-4755
-4963
-5169
-5371
-5566
-5752
-5928
-6092
-6242
-6375
-6492
-6590
-6668
-6725
-6759
-6772
-6760
-6725
-6666
-6583
-6475
-6344
-6189
-6011
-5810
-5589
-5347
-5085
-4805
-4509
-4197
-3871
-3533
-3184
-2827
-2461
-2090
-1715
-1338
-960
-583
-208
162
528
887
1238
1580
1912
2233
2542
2839
3123
3394
3652
3895
4125
4341
4543
4733
4909
5073
5226
5367
5498
5620
5733
5839
5937
6030
6118
6202
6282
6361
6438
6515
6592
6670
6749
6830
6914
7001
7091
7184
7280
7379
7482
7587
7695
7805
7916
8027
8139
8250
8359
8465
8568
8665
8757
8842
8918
8986
9042
9088
9120
9139
9143
9132
9104
9058
8995
8913
8813
8692
8553
8393
8214
8015
7797
7560
7305
7032
6743
6437
6116
5782
5435
5078
4711
4335
3954
3568
3179
2789
2399
2012
1630
1254
886
527
181
-152
-471
-773
-1058
-1324
-1570
-1794
-1996
-2175
-2331
-2462
-2569
-2652
-2709
-2742
-2751
-2736
-2697
-2636
-2554
-2451
-2329
-2188
-2031
-1859
-1673
-1476
-1268
-1052
-830
-603
-374
-144
83
308
528
741
945
1138
1319
1487
1639
1775
1893
1993
2072
2131
2169
2185
2178
2150
2099
2025
1930
1812
1674
1515
1337
1139
924
693
446
185
-87
-371
-665
-966
-1274
-1586
-1900
-2216
-2530
-2843
-3151
-3455
-3751
-4038
-4316
-4582
-4836
-5077
-5303
-5514
-5709
-5887
-6048
-6191
-6317
-6425
-6515
-6587
-6642
-6680
-6702
-6707
-6697
-6673
-6636
-6586
-6525
-6453
-6373
-6284
-6189
-6089
-5985
-5878
-5769
-5661
-5553
-5448
-5346
-5249
-5157
-5071
-4993
-4923
-4861
-4809
-4766
-4734
-4712
-4700
-4699
-4708
-4728
-4757
-4795
-4843
-4898
-4961
-5031
-5106
-5187
-5270
-5357
-5445
-5533
-5620
-5704
-5785
-5861
-5932
-5994
-6048
-6092
-6126
-6147
-6155
-6149
-6128
-6092
-6039
-5969
-5882
-5777
-5654
-5513
-5353
-5176
-4980
-4767
-4537
-4290
-4027
-3749
-3456
-3151
-2833
-2504
-2165
-1818
-1463
-1102
-737
-369
0
