0
270
539
808
1075
1340
1602
1861
2116
2368
2615
2857
3095
3328
3555
3777
3994
4205
4411
4611
4807
4998
5184
5366
5544
5719
5890
6059
6226
6391
6554
6717
6879
7042
7205
7369
7534
7700
7868
8039
8211
8386
8562
8741
8921
9104
9287
9472
9657
9842
10026
10209
10389
10567
10740
10908
11069
11224
11370
11506
11631
11745
11845
11931
12000
12053
12088
12104
12100
12075
12027
11957
11864
11746
11604
11437
11245
11028
10785
10518
10227
9911
9572
9211
8827
8424
8001
7561
7104
6633
6148
5653
5149
4638
4122
3603
3084
2567
2054
1548
1050
564
92
-364
-804
-1223
-1621
-1995
-2343
-2665
-2958
-3221
-3454
-3655
-3823
-3958
-4060
-4129
-4163
-4165
-4133
-4070
-3975
-3849
-3695
-3513
-3305
-3073
-2818
-2543
-2251
-1942
-1620
-1288
-947
-601
-252
97
443
785
1119
1442
1752
2046
2323
2579
2813
3023
3206
3362
3488
3584
3648
3680
3678
3642
3572
3468
3330
3158
2953
2716
2447
2147
1819
1464
1082
677
249
-197
-662
-1142
-1636
-2140
-2652
-3170
-3691
-4213
-4733
-5248
-5757
-6257
-6746
-7221
-7680
-8122
-8545
-8947
-9326
-9681
-10012
-10316
-10593
-10843
-11065
-11258
-11423
-11559
-11666
-11746
-11798
-11823
-11823
-11797
-11747
-11674
-11580
-11466
-11333
-11183
-11018
-10838
-10646
-10444
-10233
-10014
-9790
-9561
-9331
-9099
-8867
-8637
-8411
-8188
-7971
-7760
-7556
-7359
-7171
-6991
-6821
-6660
-6509
-6367
-6234
-6111
-5996
-5890
-5791
-5700
-5615
-5535
-5461
-5390
-5322
-5257
-5192
-5127
-5062
-4994
-4923
-4848
-4768
-4682
-4590
-4490
-4382
-4264
-4138
-4001
-3853
-3695
-3526
-3345
-3153
-2949
-2734
-2508
-2271
-2024
-1766
-1499
-1222
-937
-645
-345
-38
273
590
910
1234
1560
1888
2216
2544
2871
3195
3518
3836
4151
4462
4767
5066
5359
5645
5925
6197
6462
6719
6968
7209
7442
7667
7885
8094
8296
8491
8678
8858
9031
9197
9356
9510
9657
9798
9933
10063
10187
10305
10418
10525
10626
10722
10812
10895
10972
11042
11105
11160
11207
11246
11275
11295
11304
11302
11289
11264
11225
11174
11108
11027
10931
10819
10691
10546
10384
10204
10007
9792
9558
9308
9039
8752
8449
8129
7792
7440
7074
6693
6300
5894
5479
5054
4621
4181
3737
3290
2841
2392
1946
1503
1066
636
216
-192
-588
-969
-1334
-1680
-2007
-2313
-2596
-2856
-3090
-3299
-3481
-3635
-3761
-3859
-3928
-3968
-3980
-3963
-3918
-3846
-3747
-3622
-3474
-3302
-3108
-2894
-2662
-2413
-2150
-1874
-1588
-1293
-993
-689
-384
-80
219
513
799
1074
1336
1584
1814
2025
2216
2383
2527
2645
2736
2800
2834
2839
2814
2758
2672
2556
2409
2232
2026
1792
1531
1243
930
595
237
-139
-534
-945
-1370
-1807
-2253
-2706
-3163
-3623
-4083
-4541
-4994
-5439
-5876
-6301
-6713
-7110
-7489
-7849
-8189
-8507
-8802
-9072
-9317
-9536
-9729
-9894
-10032
-10143
-10226
-10283
-10312
-10316
-10295
-10250
-10182
-10091
-9981
-9851
-9703
-9539
-9361
-9171
-8969
-8759
-8541
-8318
-8092
-7864
-7635
-7409
-7185
-6967
-6754
-6550
-6354
-6168
-5992
-5829
-5678
-5540
-5416
-5305
-5208
-5125
-5056
-5000
-4957
-4927
-4908
-4900
-4902
-4913
-4932
-4957
-4987
-5022
-5059
-5097
-5135
-5171
-5204
-5232
-5254
-5268
-5273
-5268
-5251
-5222
-5179
-5122
-5049
-4959
-4853
-4729
-4587
-4427
-4248
-4051
-3836
-3603
-3352
-3083
-2798
-2497
-2181
-1850
-1506
-1150
-782
-405
-18
374
774
1178
1585
1994
2404
2813
3220
3623
4021
4412
4797
5173
5540
5896
6241
6573
6893
7199
7490
7768
8030
8277
8508
8724
8925
9110
9279
9434
9574
9699
9809
9907
9990
10062
10121
10168
10204
10230
10246
10252
10250
10239
10220
10194
10161
10121
10075
10023
9966
9902
9833
9759
9680
9595
9504
9408
9306
9199
9085
8965
8838
8704
8563
8414
8257
8092
7919
7736
7545
7345
7135
6916
6687
6449
6201
5944
5679
5404
5121
4830
4532
4227
3915
3599
3278
2953
2626
2297
1967
1639
1312
988
668
355
48
-250
-540
-818
-1085
-1338
-1577
-1801
-2008
-2198
-2370
-2522
-2655
-2768
-2859
-2930
-2979
-3007
-3014
-2999
-2963
-2908
-2832
-2737
-2624
-2493
-2347
-2185
-2009
-1822
-1623
-1416
-1201
-980
-755
-528
-300
-74
147
365
575
776
967
1146
1311
1460
1593
1708
1803
1878
1931
1963
1971
1957
1919
1857
1771
1661
1529
1373
1195
995
775
535
277
2
-288
-594
-911
-1240
-1577
-1922
-2272
-2626
-2981
-3336
-3688
-4036
-4378
-4712
-5037
-5350
-5650
-5937
-6207
-6461
-6696
-6913
-7109
-7286
-7441
-7574
-7686
-7777
-7845
-7892
-7918
-7924
-7910
-7876
-7825
-7757
-7673
-7574
-7462
-7339
-7205
-7062
-6913
-6758
-6599
-6438
-6277
-6116
-5959
-5805
-5657
-5516
-5383
-5259
-5146
-5044
-4954
-4877
-4814
-4764
-4729
-4707
-4700
-4707
-4727
-4761
-4807
-4865
-4934
-5013
-5101
-5196
-5298
-5404
-5514
-5626
-5738
-5849
-5956
-6059
-6156
-6245
-6324
-6392
-6447
-6488
-6513
-6522
-6512
-6483
-6435
-6365
-6274
-6160
-6024
-5865
-5682
-5477
-5249
-4998
-4725
-4431
-4116
-3781
-3427
-3056
-2668
-2265
-1849
-1420
-981
-533
-79
381
844
1309
1774
2237
2696
3150
3597
4034
4461
4877
5278
5665
6036
6391
6727
7044
7341
7618
7874
8109
8323
8515
8686
8835
8963
9071
9158
9225
9273
9304
9316
9313
9293
9260
9213
9153
9082
9002
8912
8814
8710
8600
8486
8367
8247
8124
8000
7876
7753
7631
7510
7391
7274
7160
7049
6940
6834
6731
6631
6532
6436
6341
6248
6155
6063
5970
5876
5781
5684
5584
5481
5374
5262
5146
5025
4897
4764
4624
4477
4324
4163
3996
3821
3640
3452
3257
3057
2851
2641
2426
2207
1986
1762
1537
1312
1088
865
645
429
218
12
-185
-376
-558
-730
-891
-1040
-1178
-1302
-1412
-1508
-1590
-1656
-1707
-1742
-1762
-1766
-1755
-1729
-1688
-1633
-1564
-1482
-1388
-1283
-1168
-1043
-911
-771
-626
-477
-325
-172
-18
133
283
428
569
702
827
943
1049
1143
1224
1292
1345
1384
1406
1413
1403
1376
1332
1271
1193
1099
988
861
719
563
392
209
13
-192
-408
-632
-864
-1102
-1345
-1591
-1839
-2087
-2335
-2581
-2823
-3061
-3292
-3517
-3734
-3941
-4139
-4326
-4501
-4664
-4815
-4952
-5076
-5187
-5284
-5367
-5438
-5495
-5540
-5574
-5595
-5606
-5608
-5600
-5585
-5562
-5534
-5500
-5464
-5424
-5384
-5343
-5303
-5266
-5232
-5202
-5177
-5159
-5147
-5144
-5149
-5163
-5186
-5219
-5263
-5317
-5380
-5454
-5538
-5631
-5733
-5843
-5961
-6086
-6216
-6350
-6488
-6628
-6769
-6910
-7049
-7184
-7314
-7438
-7553
-7659
-7754
-7836
-7905
-7958
-7994
-8012
-8011
-7990
-7947
-7883
-7796
-7685
-7551
-7393
-7210
-7004
-6773
-6519
-6241
-5940
-5618
-5274
-4911
-4528
-4128
-3712
-3281
-2837
-2382
-1917
-1445
-966
-484
0
