0
377
747
1100
1434
1749
2049
2338
2621
2899
3171
3430
3668
3874
4042
4168
4257
4319
4370
4430
4516
4645
4826
5062
5349
5678
6038
6417
6801
7177
7532
7854
8130
8351
8512
8616
8675
8713
8757
8838
8979
9192
9473
9802
10145
10467
10736
10941
11090
11213
11357
11573
11902
12363
12946
13610
14292
14919
15423
15757
15900
15860
15669
15367
14995
14583
14144
13676
13174
12633
12058
11473
10910
10409
10005
9713
9533
9438
9392
9353
9290
9193
9072
8956
8881
8882
8976
9159
9401
9659
9875
9993
9957
9720
9235
8457
7342
5856
3984
1752
-759
-3410
-6003
-8310
-10108
-11224
-11574
-11192
-10226
-8914
-7538
-6358
-5555
-5192
-5198
-5399
-5561
-5464
-4960
-4021
-2752
-1359
-103
771
1106
866
147
-845
-1860
-2662
-3096
-3119
-2808
-2322
-1852
-1554
-1505
-1672
-1925
-2078
-1944
-1392
-396
957
2484
3948
5116
5818
5981
5642
4931
4027
3116
2341
1776
1420
1215
1073
909
672
349
-31
-422
-777
-1069
-1303
-1511
-1740
-2029
-2398
-2831
-3289
-3711
-4044
-4252
-4335
-4327
-4288
-4286
-4380
-4604
-4962
-5433
-5979
-6559
-7144
-7716
-8270
-8798
-9283
-9689
-9961
-10036
-9859
-9401
-8678
-7748
-6715
-5695
-4802
-4113
-3653
-3392
-3252
-3136
-2955
-2653
-2230
-1736
-1261
-908
-766
-880
-1245
-1805
-2466
-3128
-3700
-4128
-4400
-4535
-4579
-4575
-4554
-4519
-4454
-4330
-4123
-3830
-3479
-3129
-2858
-2744
-2846
-3184
-3734
-4428
-5173
-5866
-6419
-6778
-6930
-6903
-6751
-6543
-6342
-6189
-6102
-6071
-6067
-6054
-6000
-5882
-5695
-5448
-5157
-4842
-4521
-4204
-3890
-3577
-3258
-2927
-2585
-2239
-1904
-1596
-1335
-1133
-994
-912
-867
-828
-760
-621
-380
-16
472
1067
1728
2401
3027
3551
3931
4148
4208
4138
3982
3791
3614
3488
3438
3474
3599
3807
4092
4450
4875
5359
5885
6427
6948
7412
7785
8051
8217
8315
8400
8537
8786
9187
9743
10420
11149
11843
12411
12786
12939
12885
12684
12426
12210
12119
12205
12475
12892
13383
13859
14234
14443
14453
14269
13923
13471
12971
12474
12016
11614
11267
10969
10710
10490
10314
10200
10166
10223
10372
10589
10830
11034
11131
11055
10765
10253
9555
8748
7946
7273
6845
6736
6960
7458
8096
8686
9016
8891
8175
6820
4887
2536
4
-2436
-4534
-6099
-7039
-7370
-7211
-6743
-6173
-5684
-5395
-5347
-5498
-5747
-5964
-6034
-5880
-5488
-4901
-4207
-3513
-2912
-2466
-2188
-2048
-1982
-1920
-1804
-1607
-1338
-1043
-785
-630
-625
-786
-1089
-1474
-1855
-2137
-2233
-2080
-1650
-955
-47
987
2041
3001
3762
4244
4404
4243
3810
3191
2494
1834
1309
979
859
913
1063
1209
1249
1105
739
159
-580
-1398
-2198
-2900
-3450
-3831
-4064
-4195
-4286
-4390
-4548
-4779
-5079
-5432
-5820
-6225
-6640
-7070
-7518
-7987
-8471
-8947
-9380
-9729
-9951
-10018
-9913
-9644
-9234
-8721
-8146
-7551
-6968
-6419
-5918
-5470
-5072
-4720
-4406
-4121
-3855
-3595
-3334
-3071
-2813
-2581
-2401
-2305
-2319
-2456
-2708
-3044
-3413
-3752
-4001
-4115
-4075
-3893
-3606
-3275
-2960
-2716
-2576
-2550
-2628
-2785
-2996
-3243
-3522
-3843
-4218
-4659
-5161
-5701
-6237
-6715
-7081
-7298
-7351
-7258
-7063
-6829
-6619
-6484
-6450
-6514
-6642
-6786
-6890
-6909
-6815
-6604
-6293
-5913
-5503
-5095
-4715
-4375
-4074
-3808
-3568
-3345
-3135
-2937
-2749
-2572
-2402
-2233
-2057
-1864
-1642
-1381
-1069
-697
-260
242
802
1399
2000
2566
3048
3407
3614
3662
3570
3382
3155
2956
2837
2835
2955
3179
3467
3775
4062
4308
4512
4694
4883
5108
5386
5720
6092
6479
6856
7210
7546
7884
8252
8673
9154
9674
10189
10640
10969
11138
11144
11026
10856
10726
10718
10888
11244
11747
12315
12851
13267
13506
13557
13454
13258
13041
12852
12706
12575
12401
12115
11666
11046
10295
9503
8786
8255
7986
7995
8234
8599
8960
9196
9230
9050
8716
8342
8071
8034
8318
8941
9844
10902
11943
12778
13229
13155
12463
11123
9164
6677
3810
760
-2239
-4942
-7116
-8579
-9235
-9101
-8315
-7117
-5813
-4710
-4057
-3982
-4461
-5324
-6291
-7043
-7297
-6888
-5807
-4211
-2389
-686
575
1180
1061
318
-823
-2076
-3171
-3929
-4300
-4366
-4299
-4300
-4522
-5012
-5690
-6359
-6763
-6657
-5886
-4434
-2443
-188
1988
3754
4865
5220
4883
4052
3010
2046
1391
1160
1341
1808
2365
2806
2964
2750
2164
1284
233
-855
-1872
-2753
-3475
-4048
-4496
-4834
-5063
-5165
-5123
-4932
-4621
-4257
-3942
-3793
-3917
-4385
-5208
-6334
-7653
-9021
-10287
-11325
-12055
-12454
-12549
-12402
-12093
-11693
-11253
-10795
-10323
-9825
-9290
-8719
-8121
-7519
-6934
-6380
-5859
-5354
-4843
-4303
-3728
-3137
-2575
-2110
-1818
-1763
-1980
-2462
-3153
-3956
-4751
-5415
-5849
-5991
-5831
-5406
-4792
-4084
-3379
-2760
-2285
-1982
-1856
-1895
-2075
-2373
-2763
-3222
-3722
-4231
-4712
-5130
-5456
-5674
-5793
-5845
-5882
-5967
-6158
-6491
-6972
-7564
-8200
-8784
-9219
-9421
-9340
-8970
-8350
-7556
-6685
-5838
-5103
-4541
-4182
-4025
-4047
-4208
-4460
-4756
-5048
-5287
-5427
-5425
-5244
-4865
-4288
-3544
-2691
-1809
-985
-299
197
491
610
621
609
663
847
1191
1680
2258
2848
3364
3740
3939
3962
3842
3638
3410
3215
3088
3048
3095
3226
3442
3751
4172
4724
5419
6251
7185
8164
9115
9960
10636
11107
11374
11470
11456
11402
11374
11424
11577
11833
12175
12571
12985
13382
13726
13985
14125
14116
13934
13568
13030
12358
11615
10882
10245
9776
9518
9479
9628
9909
10251
10592
10882
11098
11230
11273
11216
11036
10702
10194
9521
8746
7997
7449
7292
7681
8673
10181
11957
13612
14688
14748
13494
10850
7015
2449
-2210
-6273
-9150
-10486
-10249
-8738
-6516
-4275
-2666
-2148
-2874
-4662
-7051
-9423
-11170
-11844
-11270
-9583
-7180
-4609
-2423
-1037
-632
-1127
-2222
-3499
-4549
-5086
-5023
-4481
-3739
-3141
-2985
-3427
-4437
-5799
-7175
-8190
-8536
-8051
-6751
-4827
-2587
-385
1467
2758
3410
3475
3105
2499
1861
1356
1094
1123
1441
2004
2739
3548
4314
4903
5183
5038
4405
3293
1803
126
-1488
-2779
-3531
-3631
-3099
-2094
-881
233
976
1169
777
-90
-1220
-2351
-3258
-3812
-4016
-3999
-3969
-4148
-4695
-5655
-6939
-8348
-9631
-10560
-10998
-10945
-10538
-10011
-9628
-9595
-10003
-10787
-11747
-12595
-13040
-12869
-12016
-10579
-8805
-7026
-5573
-4691
-4485
-4890
-5705
-6644
-7420
-7821
-7754
-7268
-6523
-5740
-5130
-4838
-4906
-5265
-5767
-6230
-6496
-6472
-6156
-5628
-5024
-4491
-4141
-4026
-4124
-4352
-4598
-4760
-4777
-4649
-4439
-4251
-4201
-4382
-4837
-5549
-6440
-7397
-8295
-9029
-9538
-9805
-9864
-9774
-9605
-9416
-9239
-9081
-8926
-8747
-8521
-8238
-7911
-7566
-7240
-6964
-6759
-6624
-6540
-6472
-6382
-6237
-6019
-5730
-5385
-5016
-4654
-4326
-4045
-3809
-3600
-3388
-3141
-2828
-2427
-1930
-1344
-690
0
