0
-357
-608
-667
-488
-70
541
1265
1996
2634
3094
3326
3321
3112
2761
2348
1958
1660
1504
1514
1688
2007
2442
2964
3545
4168
4818
5482
6143
6776
7351
7834
8192
8407
8481
8437
8326
8215
8177
8278
8562
9037
9677
10418
11173
11846
12352
12638
12690
12540
12263
11958
11734
11686
11873
12313
12969
13765
14592
15333
15882
16161
16133
15808
15231
14476
13632
12781
11991
11306
10745
10309
9982
9746
9587
9496
9469
9506
9603
9749
9918
10078
10187
10207
10108
9881
9536
9105
8631
8159
7723
7333
6972
6590
6113
5461
4559
3360
1857
93
-1844
-3828
-5716
-7367
-8668
-9548
-9987
-10020
-9722
-9198
-8555
-7891
-7275
-6738
-6279
-5870
-5468
-5030
-4528
-3953
-3322
-2671
-2044
-1491
-1048
-738
-564
-516
-572
-708
-904
-1147
-1432
-1756
-2111
-2479
-2828
-3108
-3261
-3225
-2952
-2417
-1629
-635
480
1611
2644
3475
4030
4275
4227
3944
3514
3040
2616
2310
2153
2130
2191
2261
2255
2101
1753
1200
471
-377
-1269
-2127
-2883
-3495
-3950
-4262
-4467
-4612
-4740
-4888
-5075
-5307
-5576
-5871
-6184
-6512
-6862
-7246
-7676
-8153
-8665
-9176
-9636
-9980
-10144
-10076
-9750
-9173
-8391
-7478
-6531
-5646
-4907
-4367
-4039
-3894
-3871
-3889
-3866
-3735
-3464
-3056
-2556
-2036
-1580
-1272
-1170
-1302
-1654
-2180
-2809
-3457
-4047
-4522
-4850
-5028
-5078
-5036
-4945
-4839
-4741
-4657
-4584
-4512
-4434
-4353
-4284
-4252
-4290
-4425
-4672
-5027
-5461
-5923
-6352
-6684
-6869
-6882
-6730
-6453
-6114
-5791
-5559
-5470
-5546
-5771
-6092
-6432
-6702
-6824
-6743
-6440
-5937
-5288
-4572
-3874
-3269
-2805
-2499
-2332
-2260
-2219
-2146
-1991
-1723
-1340
-862
-324
230
767
1263
1713
2126
2520
2913
3315
3722
4112
4454
4712
4858
4879
4788
4623
4441
4311
4296
4445
4774
5267
5878
6533
7153
7667
8026
8213
8250
8191
8109
8080
8171
8417
8822
9355
9956
10552
11071
11457
11683
11753
11700
11576
11443
11355
11349
11437
11610
11840
12090
12326
12522
12672
12783
12874
12964
13068
13182
13286
13344
13311
13143
12812
12315
11677
10954
10222
9562
9051
8741
8649
8757
9015
9347
9673
9922
10048
10034
9898
9686
9453
9256
9132
9091
9110
9137
9100
8923
8539
7906
7014
5885
4569
3136
1657
200
-1185
-2468
-3635
-4683
-5611
-6414
-7074
-7566
-7856
-7914
-7724
-7292
-6650
-5857
-4994
-4149
-3401
-2813
-2413
-2196
-2124
-2136
-2167
-2156
-2068
-1897
-1669
-1434
-1254
-1188
-1274
-1518
-1891
-2331
-2753
-3067
-3191
-3074
-2696
-2079
-1277
-370
555
1421
2164
2748
3161
3413
3525
3519
3412
3212
2915
2515
2007
1399
714
-7
-710
-1336
-1834
-2170
-2339
-2363
-2293
-2196
-2144
-2194
-2382
-2712
-3153
-3654
-4147
-4573
-4889
-5086
-5189
-5257
-5368
-5603
-6029
-6684
-7562
-8616
-9761
-10888
-11884
-12649
-13109
-13231
-13020
-12514
-11776
-10878
-9889
-8862
-7837
-6834
-5864
-4934
-4053
-3242
-2526
-1939
-1510
-1258
-1185
-1270
-1474
-1746
-2029
-2278
-2467
-2592
-2675
-2757
-2884
-3095
-3408
-3811
-4261
-4688
-5009
-5144
-5034
-4657
-4036
-3237
-2364
-1540
-887
-502
-448
-738
-1335
-2166
-3130
-4122
-5048
-5840
-6466
-6922
-7234
-7442
-7587
-7703
-7808
-7902
-7972
-7999
-7965
-7861
-7690
-7464
-7206
-6934
-6664
-6395
-6116
-5804
-5433
-4986
-4461
-3876
-3274
-2713
-2258
-1967
-1873
-1977
-2241
-2592
-2932
-3153
-3164
-2902
-2348
-1537
-545
514
1519
2355
2936
3219
3214
2973
2584
2148
1766
1515
1441
1554
1830
2222
2674
3132
3555
3923
4235
4504
4751
4997
5254
5527
5810
6096
6377
6654
6937
7244
7597
8013
8497
9032
9582
10093
10501
10746
10786
10614
10259
9788
9300
8910
8725
8827
9255
9995
10981
12103
13226
14215
14952
15362
15419
15151
14627
13947
13216
12531
11959
11533
11250
11075
10960
10849
10701
10491
10217
9900
9569
9263
9013
8840
8754
8749
8814
8934
9096
9289
9503
9727
9937
10096
10151
10033
9667
8986
7943
6523
4757
2724
541
-1644
-3683
-5436
-6802
-7732
-8233
-8365
-8225
-7931
-7597
-7308
-7114
-7015
-6973
-6918
-6771
-6465
-5958
-5247
-4370
-3402
-2438
-1581
-921
-523
-418
-601
-1036
-1661
-2408
-3202
-3978
-4679
-5259
-5680
-5909
-5921
-5693
-5215
-4491
-3545
-2427
-1212
9
1139
2082
2769
3164
3271
3138
2845
2489
2168
1957
1893
1968
2131
2293
2353
2212
1799
1089
106
-1075
-2344
-3570
-4628
-5419
-5888
-6031
-5893
-5559
-5136
-4736
-4455
-4364
-4496
-4851
-5400
-6097
-6885
-7712
-8529
-9300
-9995
-10591
-11065
-11396
-11566
-11563
-11386
-11053
-10598
-10076
-9551
-9088
-8742
-8543
-8488
-8541
-8637
-8692
-8621
-8358
-7872
-7173
-6321
-5412
-4564
-3897
-3507
-3450
-3727
-4283
-5019
-5804
-6500
-6988
-7187
-7063
-6638
-5982
-5194
-4388
-3670
-3125
-2803
-2715
-2844
-3146
-3569
-4059
-4573
-5078
-5556
-5998
-6399
-6754
-7056
-7299
-7477
-7592
-7657
-7696
-7745
-7842
-8020
-8294
-8657
-9074
-9480
-9798
-9943
-9845
-9466
-8808
-7920
-6893
-5848
-4913
-4204
-3800
-3734
-3977
-4451
-5040
-5610
-6034
-6214
-6100
-5690
-5034
-4218
-3349
-2528
-1841
-1337
-1028
-891
-875
-914
-946
-917
-796
-569
-243
164
632
1138
1666
2203
2739
3258
3741
4162
4493
4705
4785
4735
4581
4378
4196
4116
4214
4543
5121
5927
6895
7927
8909
9731
10308
10597
10606
10393
10056
9718
9497
9489
9749
10280
11033
11918
12822
13629
14240
14590
14656
14458
14051
13509
12911
12328
11809
11380
11045
10787
10585
10416
10262
10116
9977
9849
9732
9624
9512
9381
9216
9009
8765
8506
8270
8104
8055
8156
8415
8806
9266
9703
10007
10068
9799
9148
8115
6753
5160
3465
1807
310
-934
-1883
-2543
-2966
-3234
-3442
-3671
-3981
-4390
-4879
-5397
-5871
-6229
-6410
-6381
-6140
-5717
-5168
-4562
-3969
-3448
-3042
-2774
-2651
-2665
-2803
-3053
-3402
-3835
-4338
-4885
-5437
-5942
-6339
-6560
-6549
-6266
-5705
-4891
-3888
-2784
-1681
-676
156
775
1184
1426
1572
1709
1915
2247
2718
3300
3928
4505
4932
5119
5008
4587
3889
2990
1993
1012
150
-514
-943
-1136
-1126
-974
-748
-514
-325
-214
-195
-267
-422
-651
-950
-1321
-1772
-2309
-2929
-3618
-4348
-5080
-5765
-6364
-6845
-7202
-7451
-7631
-7793
-7991
-8267
-8638
-9086
-9565
-10000
-10308
-10410
-10251
-9815
-9131
-8271
-7339
-6453
-5724
-5237
-5037
-5116
-5423
-5872
-6358
-6780
-7056
-7141
-7026
-6740
-6339
-5890
-5457
-5088
-4808
-4616
-4489
-4397
-4305
-4190
-4042
-3868
-3688
-3528
-3411
-3353
-3358
-3417
-3516
-3641
-3784
-3953
-4167
-4458
-4860
-5397
-6075
-6873
-7741
-8603
-9370
-9954
-10285
-10323
-10074
-9584
-8936
-8234
-7583
-7070
-6751
-6636
-6692
-6851
-7026
-7129
-7091
-6876
-6487
-5965
-5378
-4808
-4330
-4001
-3843
-3844
-3963
-4134
-4288
-4359
-4300
-4091
-3732
-3246
-2667
-2029
-1361
-681
0
