0
165
331
497
662
827
992
1156
1319
1482
1644
1805
1965
2124
2282
2439
2594
2749
2901
3053
3202
3350
3496
3641
3783
3924
4062
4198
4333
4464
4594
4721
4846
4968
5087
5204
5318
5430
5538
5644
5746
5846
5943
6036
6127
6214
6298
6378
6455
6529
6600
6667
6730
6790
6847
6900
6949
6994
7036
7075
7109
7140
7167
7191
7210
7226
7238
7247
7251
7252
7249
7242
7231
7217
7199
7177
7151
7121
7088
7051
7011
6966
6918
6867
6812
6753
6691
6625
6556
6483
6407
6328
6245
6160
6070
5978
5883
5784
5683
5578
5471
5360
5247
5131
5013
4892
4768
4642
4513
4382
4249
4113
3976
3836
3694
3551
3405
3258
3109
2958
2806
2652
2497
2341
2183
2025
1865
1704
1543
1380
1217
1053
889
724
559
393
228
62
-103
-269
-435
-600
-765
-930
-1094
-1258
-1421
-1583
-1744
-1905
-2064
-2223
-2380
-2536
-2691
-2844
-2996
-3146
-3295
-3442
-3587
-3730
-3871
-4010
-4148
-4282
-4415
-4546
-4674
-4799
-4922
-5043
-5161
-5276
-5388
-5498
-5605
-5708
-5809
-5907
-6001
-6093
-6181
-6266
-6348
-6427
-6502
-6574
-6642
-6707
-6768
-6826
-6880
-6931
-6978
-7021
-7061
-7097
-7129
-7158
-7182
-7203
-7221
-7234
-7244
-7250
-7252
-7250
-7245
-7236
-7223
-7206
-7185
-7161
-7133
-7101
-7065
-7026
-6983
-6937
-6887
-6833
-6776
-6715
-6650
-6582
-6511
-6436
-6358
-6277
-6192
-6104
-6013
-5919
-5821
-5721
-5618
-5511
-5402
-5290
-5175
-5058
-4937
-4815
-4689
-4562
-4432
-4299
-4165
-4028
-3889
-3748
-3605
-3460
-3313
-3165
-3015
-2863
-2710
-2556
-2400
-2243
-2084
-1925
-1765
-1603
-1441
-1278
-1115
-950
-786
-621
-455
-290
-124
41
207
373
538
703
868
1033
1196
1360
1522
1684
1845
2005
2164
2321
2478
2633
2787
2939
3090
3239
3387
3533
3676
3818
3958
4096
4232
4366
4497
4626
4752
4876
4998
5117
5233
5346
5457
5565
5670
5772
5871
5966
6059
6149
6235
6318
6398
6474
6547
6617
6683
6746
6805
6860
6912
6961
7005
7046
7084
7117
7147
7174
7196
7215
7230
7241
7248
7252
7251
7247
7240
7228
7213
7193
7170
7144
7113
7079
7041
7000
6955
6906
6854
6797
6738
6675
6608
6538
6465
6388
6308
6224
6138
6048
5955
5858
5759
5657
5552
5443
5332
5219
5102
4983
4861
4737
4610
4481
4349
4215
4079
3941
3801
3659
3514
3368
3221
3071
2920
2768
2614
2458
2302
2144
1985
1825
1664
1502
1339
1176
1012
848
683
517
352
186
20
-145
-310
-476
-641
-806
-971
-1135
-1299
-1461
-1623
-1785
-1945
-2104
-2262
-2419
-2575
-2729
-2882
-3034
-3184
-3332
-3478
-3623
-3765
-3906
-4045
-4181
-4316
-4448
-4578
-4705
-4830
-4953
-5073
-5190
-5304
-5416
-5525
-5631
-5734
-5834
-5931
-6025
-6115
-6203
-6287
-6368
-6446
-6520
-6591
-6659
-6722
-6783
-6840
-6893
-6943
-6989
-7031
-7070
-7105
-7137
-7164
-7188
-7208
-7224
-7237
-7246
-7251
-7252
-7249
-7243
-7233
-7219
-7201
-7179
-7154
-7125
-7092
-7056
-7016
-6972
-6925
-6874
-6819
-6761
-6699
-6634
-6565
-6493
-6417
-6338
-6256
-6170
-6082
-5990
-5895
-5797
-5695
-5591
-5484
-5374
-5262
-5146
-5028
-4907
-4784
-4658
-4529
-4399
-4266
-4131
-3993
-3854
-3712
-3569
-3423
-3276
-3128
-2977
-2825
-2672
-2517
-2361
-2203
-2045
-1885
-1724
-1563
-1400
-1237
-1074
-909
-745
-579
-414
-248
-82
82
248
414
579
745
909
1074
1237
1400
1563
1724
1885
2045
2203
2361
2517
2672
2825
2977
3128
3276
3423
3569
3712
3854
3993
4131
4266
4399
4529
4658
4784
4907
5028
5146
5262
5374
5484
5591
5695
5797
5895
5990
6082
6170
6256
6338
6417
6493
6565
6634
6699
6761
6819
6874
6925
6972
7016
7056
7092
7125
7154
7179
7201
7219
7233
7243
7249
7252
7251
7246
7237
7224
7208
7188
7164
7137
7105
7070
7031
6989
6943
6893
6840
6783
6722
6659
6591
6520
6446
6368
6287
6203
6115
6025
5931
5834
5734
5631
5525
5416
5304
5190
5073
4953
4830
4705
4578
4448
4316
4181
4045
3906
3765
3623
3478
3332
3184
3034
2882
2729
2575
2419
2262
2104
1945
1785
1623
1461
1299
1135
971
806
641
476
310
145
-20
-186
-352
-517
-683
-848
-1012
-1176
-1339
-1502
-1664
-1825
-1985
-2144
-2302
-2458
-2614
-2768
-2920
-3071
-3221
-3368
-3514
-3659
-3801
-3941
-4079
-4215
-4349
-4481
-4610
-4737
-4861
-4983
-5102
-5219
-5332
-5443
-5552
-5657
-5759
-5858
-5955
-6048
-6138
-6224
-6308
-6388
-6465
-6538
-6608
-6675
-6738
-6797
-6854
-6906
-6955
-7000
-7041
-7079
-7113
-7144
-7170
-7193
-7213
-7228
-7240
-7247
-7251
-7252
-7248
-7241
-7230
-7215
-7196
-7174
-7147
-7117
-7084
-7046
-7005
-6961
-6912
-6860
-6805
-6746
-6683
-6617
-6547
-6474
-6398
-6318
-6235
-6149
-6059
-5966
-5871
-5772
-5670
-5565
-5457
-5346
-5233
-5117
-4998
-4876
-4752
-4626
-4497
-4366
-4232
-4096
-3958
-3818
-3676
-3533
-3387
-3239
-3090
-2939
-2787
-2633
-2478
-2321
-2164
-2005
-1845
-1684
-1522
-1360
-1196
-1033
-868
-703
-538
-373
-207
-41
124
290
455
621
786
950
1115
1278
1441
1603
1765
1925
2084
2243
2400
2556
2710
2863
3015
3165
3313
3460
3605
3748
3889
4028
4165
4299
4432
4562
4689
4815
4937
5058
5175
5290
5402
5511
5618
5721
5821
5919
6013
6104
6192
6277
6358
6436
6511
6582
6650
6715
6776
6833
6887
6937
6983
7026
7065
7101
7133
7161
7185
7206
7223
7236
7245
7250
7252
7250
7244
7234
7221
7203
7182
7158
7129
7097
7061
7021
6978
6931
6880
6826
6768
6707
6642
6574
6502
6427
6348
6266
6181
6093
6001
5907
5809
5708
5605
5498
5388
5276
5161
5043
4922
4799
4674
4546
4415
4282
4148
4010
3871
3730
3587
3442
3295
3146
2996
2844
2691
2536
2380
2223
2064
1905
1744
1583
1421
1258
1094
930
765
600
435
269
103
-62
-228
-393
-559
-724
-889
-1053
-1217
-1380
-1543
-1704
-1865
-2025
-2183
-2341
-2497
-2652
-2806
-2958
-3109
-3258
-3405
-3551
-3694
-3836
-3976
-4113
-4249
-4382
-4513
-4642
-4768
-4892
-5013
-5131
-5247
-5360
-5471
-5578
-5683
-5784
-5883
-5978
-6070
-6160
-6245
-6328
-6407
-6483
-6556
-6625
-6691
-6753
-6812
-6867
-6918
-6966
-7011
-7051
-7088
-7121
-7151
-7177
-7199
-7217
-7231
-7242
-7249
-7252
-7251
-7247
-7238
-7226
-7210
-7191
-7167
-7140
-7109
-7075
-7036
-6994
-6949
-6900
-6847
-6790
-6730
-6667
-6600
-6529
-6455
-6378
-6298
-6214
-6127
-6036
-5943
-5846
-5746
-5644
-5538
-5430
-5318
-5204
-5087
-4968
-4846
-4721
-4594
-4464
-4333
-4198
-4062
-3924
-3783
-3641
-3496
-3350
-3202
-3053
-2901
-2749
-2594
-2439
-2282
-2124
-1965
-1805
-1644
-1482
-1319
-1156
-992
-827
-662
-497
-331
-165
0
