0
841
1527
1948
2062
1911
1607
1294
1113
1160
1458
1956
2547
3096
3487
3649
3584
3359
3092
2917
2947
3245
3812
4587
5466
6331
7083
7656
8034
8246
8346
8399
8459
8557
8696
8863
9031
9179
9292
9374
9436
9492
9556
9633
9722
9821
9934
10074
10265
10540
10927
11441
12072
12786
13529
14234
14843
15316
15641
15833
15926
15955
15940
15875
15726
15439
14959
14253
13328
12240
11088
9999
9096
8475
8176
8181
8416
8775
9151
9457
9653
9745
9776
9803
9873
9999
10155
10280
10299
10147
9793
9246
8556
7790
7004
6217
5394
4450
3273
1765
-119
-2336
-4744
-7111
-9168
-10659
-11410
-11369
-10627
-9401
-7983
-6670
-5694
-5170
-5071
-5242
-5457
-5478
-5131
-4355
-3215
-1888
-613
379
925
973
591
-53
-750
-1302
-1583
-1567
-1331
-1019
-798
-793
-1051
-1513
-2037
-2424
-2482
-2080
-1180
139
1708
3301
4690
5693
6213
6250
5886
5254
4503
3759
3102
2560
2121
1750
1409
1079
757
452
177
-71
-317
-601
-973
-1468
-2092
-2812
-3552
-4218
-4713
-4968
-4967
-4750
-4412
-4081
-3884
-3922
-4246
-4844
-5654
-6577
-7510
-8362
-9078
-9633
-10030
-10284
-10401
-10374
-10179
-9789
-9188
-8389
-7442
-6435
-5472
-4653
-4046
-3667
-3474
-3378
-3268
-3046
-2660
-2121
-1505
-935
-548
-454
-699
-1253
-2013
-2826
-3536
-4018
-4220
-4170
-3969
-3754
-3661
-3778
-4116
-4609
-5124
-5511
-5639
-5445
-4957
-4288
-3613
-3122
-2968
-3226
-3874
-4792
-5797
-6689
-7301
-7541
-7410
-6998
-6455
-5946
-5607
-5513
-5655
-5956
-6291
-6524
-6550
-6318
-5841
-5188
-4465
-3780
-3217
-2818
-2581
-2464
-2406
-2349
-2254
-2107
-1923
-1732
-1565
-1438
-1351
-1277
-1180
-1019
-762
-399
59
587
1145
1695
2208
2668
3071
3420
3721
3975
4177
4321
4403
4431
4425
4417
4449
4559
4770
5082
5468
5879
6251
6527
6669
6672
6569
6427
6334
6378
6628
7117
7834
8724
9699
10655
11490
12128
12524
12679
12628
12438
12191
11970
11842
11852
12016
12317
12715
13152
13565
13895
14102
14167
14099
13929
13705
13474
13275
13125
13012
12901
12741
12483
12098
11589
11002
10417
9935
9651
9629
9879
10342
10902
11403
11686
11630
11179
10370
9326
8231
7291
6685
6516
6782
7371
8080
8655
8849
8477
7454
5817
3716
1381
-927
-2970
-4576
-5667
-6267
-6476
-6443
-6320
-6231
-6241
-6355
-6524
-6668
-6704
-6570
-6240
-5732
-5097
-4407
-3732
-3126
-2620
-2211
-1877
-1584
-1299
-1002
-694
-398
-151
-1
8
-151
-486
-973
-1558
-2160
-2681
-3022
-3094
-2840
-2247
-1352
-243
950
2081
3006
3613
3845
3708
3275
2666
2023
1477
1122
991
1056
1233
1410
1476
1351
1007
472
-178
-844
-1433
-1882
-2178
-2359
-2499
-2684
-2984
-3429
-3994
-4610
-5182
-5618
-5860
-5911
-5833
-5742
-5777
-6060
-6665
-7586
-8737
-9963
-11074
-11887
-12270
-12170
-11624
-10747
-9705
-8670
-7781
-7119
-6685
-6418
-6212
-5952
-5550
-4968
-4228
-3404
-2604
-1937
-1487
-1295
-1348
-1589
-1933
-2290
-2586
-2779
-2863
-2863
-2822
-2786
-2789
-2846
-2950
-3081
-3210
-3311
-3368
-3376
-3343
-3280
-3203
-3124
-3055
-3009
-3001
-3053
-3193
-3448
-3839
-4366
-5007
-5712
-6408
-7014
-7453
-7671
-7653
-7427
-7058
-6637
-6257
-5994
-5889
-5935
-6085
-6261
-6379
-6369
-6197
-5870
-5440
-4985
-4590
-4325
-4226
-4283
-4447
-4642
-4782
-4797
-4649
-4335
-3893
-3379
-2856
-2370
-1940
-1552
-1165
-730
-201
437
1171
1945
2682
3294
3710
3892
3846
3622
3304
2988
2763
2689
2788
3040
3392
3778
4136
4422
4627
4766
4881
5017
5213
5487
5836
6233
6643
7033
7383
7693
7982
8277
8603
8968
9355
9723
10015
10172
10153
9954
9614
9213
8860
8669
8738
9117
9802
10731
11791
12845
13758
14421
14770
14795
14533
14056
13452
12802
12167
11584
11061
10595
10171
9784
9435
9134
8897
8734
8645
8617
8624
8636
8628
8591
8537
8499
8526
8670
8970
9437
10049
10745
11432
11997
12320
12296
11846
10928
9544
7742
5609
3268
865
-1439
-3496
-5174
-6381
-7083
-7306
-7140
-6722
-6217
-5787
-5555
-5580
-5843
-6247
-6641
-6851
-6726
-6179
-5212
-3922
-2490
-1138
-83
509
564
110
-728
-1766
-2803
-3671
-4274
-4600
-4715
-4732
-4765
-4886
-5098
-5321
-5415
-5216
-4590
-3475
-1915
-65
1835
3510
4709
5260
5116
4366
3215
1939
823
99
-108
196
887
1746
2514
2956
2905
2299
1190
-270
-1870
-3381
-4598
-5383
-5679
-5515
-4991
-4258
-3482
-2819
-2397
-2292
-2532
-3097
-3928
-4942
-6044
-7146
-8171
-9067
-9805
-10383
-10811
-11112
-11304
-11398
-11393
-11276
-11028
-10635
-10099
-9443
-8711
-7970
-7288
-6729
-6329
-6090
-5975
-5918
-5833
-5643
-5298
-4790
-4159
-3491
-2896
-2488
-2355
-2541
-3032
-3758
-4603
-5428
-6100
-6508
-6587
-6323
-5756
-4964
-4050
-3129
-2308
-1673
-1285
-1174
-1339
-1748
-2346
-3061
-3810
-4514
-5105
-5540
-5808
-5930
-5956
-5954
-5999
-6151
-6445
-6882
-7429
-8028
-8606
-9090
-9423
-9573
-9531
-9309
-8934
-8436
-7842
-7179
-6470
-5747
-5050
-4432
-3952
-3663
-3597
-3752
-4084
-4504
-4894
-5130
-5105
-4757
-4086
-3156
-2085
-1018
-99
564
919
978
811
524
235
44
16
172
493
937
1453
1999
2550
3096
3630
4144
4611
4988
5221
5263
5094
4738
4270
3810
3506
3499
3888
4707
5906
7359
8883
10278
11367
12033
12243
12049
11576
10992
10469
10149
10123
10415
10989
11764
12635
13494
14246
14820
15170
15272
15123
14736
14142
13388
12539
11671
10866
10200
9729
9479
9442
9579
9831
10130
10420
10660
10833
10937
10977
10952
10847
10639
10305
9840
9274
8680
8171
7877
7910
8321
9071
10011
10896
11428
11318
10358
8484
5811
2623
-669
-3617
-5826
-7048
-7238
-6568
-5383
-4120
-3204
-2940
-3448
-4635
-6224
-7831
-9067
-9634
-9401
-8432
-6958
-5319
-3864
-2868
-2463
-2620
-3167
-3853
-4426
-4706
-4639
-4303
-3883
-3605
-3670
-4180
-5109
-6295
-7481
-8374
-8720
-8366
-7299
-5643
-3635
-1565
286
1705
2583
2928
2850
2521
2138
1873
1846
2104
2624
3327
4093
4789
5288
5484
5312
4748
3823
2614
1244
-134
-1363
-2300
-2847
-2971
-2713
-2182
-1533
-937
-541
-438
-649
-1123
-1756
-2425
-3022
-3489
-3830
-4108
-4420
-4865
-5505
-6345
-7320
-8317
-9201
-9859
-10232
-10335
-10256
-10126
-10084
-10225
-10573
-11064
-11561
-11888
-11882
-11442
-10563
-9346
-7976
-6681
-5677
-5111
-5030
-5373
-5986
-6672
-7239
-7548
-7546
-7269
-6823
-6347
-5969
-5769
-5759
-5890
-6068
-6193
-6190
-6031
-5744
-5395
-5069
-4835
-4723
-4716
-4754
-4759
-4664
-4440
-4111
-3754
-3484
-3415
-3636
-4177
-5002
-6013
-7074
-8044
-8810
-9312
-9547
-9565
-9449
-9281
-9124
-9003
-8907
-8798
-8632
-8380
-8044
-7656
-7272
-6951
-6737
-6640
-6631
-6645
-6603
-6430
-6081
-5555
-4900
-4200
-3556
-3063
-2785
-2740
-2898
-3186
-3506
-3757
-3851
-3728
-3362
-2761
-1960
-1017
0
