0
175
352
529
707
886
1066
1249
1434
1621
1810
2002
2198
2396
2598
2802
3010
3222
3436
3654
3875
4098
4325
4554
4785
5018
5252
5488
5725
5962
6198
6434
6669
6902
7133
7361
7585
7805
8020
8229
8432
8628
8817
8997
9168
9330
9482
9622
9752
9869
9974
10065
10144
10208
10258
10293
10313
10318
10307
10281
10239
10182
10108
10019
9914
9794
9659
9509
9344
9165
8972
8766
8548
8317
8075
7823
7560
7288
7008
6721
6427
6127
5822
5514
5203
4890
4576
4262
3949
3638
3331
3027
2728
2435
2149
1870
1600
1339
1088
847
618
400
196
4
-174
-339
-490
-626
-748
-855
-948
-1026
-1089
-1138
-1172
-1193
-1199
-1193
-1173
-1141
-1098
-1043
-977
-901
-817
-724
-623
-516
-403
-285
-163
-38
89
217
346
473
599
723
843
958
1068
1172
1268
1357
1437
1508
1569
1619
1658
1686
1701
1703
1693
1669
1631
1580
1516
1437
1344
1238
1118
985
838
679
507
323
127
-79
-296
-523
-760
-1005
-1258
-1518
-1785
-2057
-2333
-2614
-2897
-3183
-3470
-3757
-4044
-4329
-4612
-4892
-5169
-5440
-5707
-5967
-6220
-6466
-6704
-6932
-7152
-7362
-7561
-7750
-7927
-8093
-8248
-8390
-8520
-8638
-8744
-8837
-8918
-8986
-9042
-9087
-9119
-9139
-9149
-9147
-9134
-9112
-9079
-9036
-8985
-8925
-8857
-8781
-8698
-8608
-8513
-8411
-8305
-8194
-8079
-7961
-7839
-7715
-7588
-7460
-7330
-7200
-7068
-6936
-6804
-6672
-6540
-6409
-6278
-6148
-6019
-5890
-5763
-5635
-5509
-5383
-5257
-5131
-5005
-4879
-4753
-4625
-4497
-4367
-4235
-4101
-3964
-3824
-3682
-3535
-3384
-3229
-3070
-2905
-2734
-2558
-2376
-2188
-1992
-1790
-1581
-1365
-1142
-911
-673
-427
-174
85
352
627
908
1195
1489
1789
2094
2404
2718
3037
3359
3684
4011
4339
4668
4997
5326
5653
5978
6299
6617
6930
7237
7538
7831
8116
8392
8659
8914
9159
9391
9610
9815
10007
10183
10344
10489
10618
10729
10823
10900
10959
10999
11021
11025
11011
10978
10927
10857
10770
10665
10543
10403
10248
10076
9890
9688
9473
9244
9003
8750
8487
8213
7931
7640
7343
7039
6731
6418
6103
5786
5468
5150
4833
4519
4208
3902
3600
3305
3017
2737
2465
2203
1951
1710
1480
1263
1058
866
688
523
372
235
113
4
-89
-168
-234
-285
-323
-348
-359
-358
-345
-321
-285
-239
-184
-120
-48
31
117
209
306
407
511
617
724
832
940
1046
1149
1250
1347
1439
1525
1605
1679
1744
1802
1850
1889
1918
1937
1945
1942
1928
1902
1864
1814
1753
1679
1593
1496
1387
1266
1135
992
839
676
503
321
130
-67
-274
-487
-706
-931
-1161
-1395
-1632
-1872
-2115
-2358
-2602
-2846
-3089
-3330
-3569
-3806
-4038
-4267
-4491
-4710
-4922
-5129
-5329
-5521
-5706
-5884
-6053
-6214
-6366
-6510
-6644
-6770
-6887
-6994
-7093
-7184
-7265
-7338
-7403
-7459
-7508
-7549
-7584
-7611
-7632
-7646
-7655
-7659
-7657
-7652
-7642
-7628
-7612
-7592
-7570
-7546
-7521
-7494
-7466
-7438
-7409
-7380
-7351
-7323
-7295
-7267
-7241
-7215
-7190
-7166
-7142
-7119
-7097
-7075
-7053
-7031
-7009
-6986
-6962
-6937
-6910
-6882
-6850
-6815
-6777
-6735
-6689
-6637
-6580
-6518
-6448
-6372
-6288
-6196
-6095
-5986
-5867
-5739
-5600
-5452
-5292
-5121
-4939
-4745
-4540
-4323
-4094
-3853
-3601
-3337
-3061
-2774
-2476
-2167
-1847
-1518
-1179
-831
-474
-109
261
640
1024
1413
1807
2203
2602
3003
3405
3806
4205
4603
4997
5387
5772
6150
6521
6884
7237
7580
7913
8233
8540
8834
9113
9377
9625
9857
10071
10268
10446
10606
10747
10869
10970
11053
11115
11158
11180
11183
11167
11131
11075
11002
10909
10800
10672
10528
10368
10193
10003
9800
9583
9355
9115
8865
8606
8339
8064
7784
7498
7208
6915
6620
6325
6029
5734
5442
5152
4866
4586
4311
4042
3781
3529
3284
3050
2825
2611
2408
2217
2037
1870
1714
1572
1442
1325
1220
1128
1048
981
926
883
851
830
819
819
828
846
872
906
947
994
1046
1103
1165
1229
1296
1364
1434
1503
1572
1640
1705
1767
1826
1881
1931
1975
2013
2044
2069
2086
2095
2095
2087
2071
2045
2009
1965
1911
1847
1774
1691
1600
1499
1389
1271
1144
1009
867
717
561
398
230
56
-121
-304
-490
-679
-871
-1065
-1259
-1455
-1651
-1846
-2040
-2232
-2423
-2611
-2795
-2976
-3153
-3326
-3494
-3657
-3814
-3966
-4112
-4252
-4385
-4512
-4633
-4747
-4855
-4956
-5052
-5141
-5224
-5301
-5372
-5438
-5499
-5556
-5607
-5655
-5699
-5740
-5778
-5813
-5846
-5877
-5908
-5937
-5966
-5995
-6024
-6054
-6085
-6117
-6151
-6187
-6226
-6267
-6310
-6357
-6406
-6459
-6515
-6574
-6636
-6701
-6769
-6840
-6914
-6990
-7068
-7147
-7228
-7310
-7393
-7475
-7558
-7639
-7719
-7796
-7871
-7942
-8010
-8072
-8130
-8181
-8225
-8263
-8292
-8312
-8323
-8324
-8314
-8292
-8259
-8214
-8155
-8083
-7998
-7898
-7783
-7653
-7509
-7348
-7173
-6981
-6774
-6551
-6313
-6059
-5790
-5506
-5207
-4894
-4568
-4227
-3874
-3509
-3132
-2745
-2347
-1940
-1525
-1102
-673
-238
200
643
1089
1536
1983
2429
2874
3316
3753
4186
4612
5031
5441
5842
6233
6612
6980
7333
7673
7998
8308
8601
8877
9136
9377
9599
9802
9986
10151
10296
10421
10526
10611
10676
10722
10748
10755
10743
10713
10664
10598
10515
10416
10301
10172
10028
9870
9701
9519
9327
9125
8914
8695
8470
8238
8001
7760
7516
7270
7023
6776
6529
6284
6042
5802
5567
5337
5111
4893
4680
4476
4279
4090
3910
3739
3577
3425
3283
3151
3028
2916
2814
2721
2638
2565
2501
2446
2400
2362
2331
2309
2293
2283
2279
2281
2287
2298
2312
2328
2347
2367
2389
2410
2431
2452
2470
2487
2500
2511
2518
2520
2518
2511
2498
2479
2454
2423
2385
2340
2289
2230
2164
2091
2011
1924
1830
1730
1622
1509
1389
1264
1134
998
858
714
566
414
260
103
-54
-214
-375
-535
-696
-856
-1015
-1172
-1327
-1480
-1629
-1775
-1917
-2055
-2189
-2318
-2441
-2560
-2673
-2781
-2882
-2978
-3069
-3153
-3232
-3305
-3372
-3434
-3491
-3543
-3590
-3633
-3671
-3706
-3738
-3767
-3793
-3817
-3840
-3862
-3883
-3904
-3926
-3948
-3972
-3998
-4026
-4057
-4092
-4130
-4173
-4220
-4272
-4330
-4393
-4462
-4537
-4618
-4706
-4800
-4901
-5008
-5122
-5243
-5370
-5502
-5641
-5786
-5935
-6090
-6249
-6412
-6578
-6748
-6919
-7093
-7267
-7442
-7616
-7789
-7960
-8128
-8293
-8453
-8608
-8756
-8898
-9032
-9157
-9272
-9378
-9472
-9554
-9623
-9680
-9722
-9749
-9761
-9757
-9737
-9700
-9646
-9574
-9484
-9376
-9250
-9105
-8942
-8761
-8561
-8342
-8106
-7852
-7581
-7292
-6987
-6667
-6330
-5979
-5614
-5236
-4845
-4443
-4030
-3607
-3176
-2737
-2291
-1839
-1383
-924
-462
0
